0.5225163338513383
0.5339154255751712
0.4967251423101405
0.14102719101644495
0.3136680337480246
0.8911036166645409
0.5087214118066762
0.4086024233477174
0.4495362620888518
0.6972658938971603
0.8849328582743624
0.48267027855150596
0.41862518069223514
0.2691432619566854
0.134482213351632
0.2909604750349834
0.24731568580222377
0.8263334368756241
0.08241260539623357
0.02801347708648239
0.44550316627016406
0.6715579626287893
0.2942094864999061
0.23929778822501252
0.37963270705467816
0.9048420945405099
0.19221899970961262
0.43586608067227056
0.5632452187735489
0.6222681754341249
0.29983715532850286
0.8614599705540205
0.4513710663406385
0.22397878229994908
0.8565379223821123
0.5920860649742425
0.0805564703706627
0.8634857709589057
0.1642025294653243
0.24444105771871327
0.9178558005234189
0.20024924244722872
0.5738679231712719
0.5976747518664556
0.8144545312971259
0.7975581909408123
0.39029787149836626
0.8950875618923915
0.9031831953051916
0.17302091789592208
0.15445511579157692
0.5295971536291586
0.9392941168964843
0.717409126470187
0.8678723892748892
0.18904705575039388
0.30165369871883774
0.7098664839601003
0.6897207429352928
0.4516365332057007
0.16348506199544485
0.41487931581786625
0.8921384329775792
0.7240819949020838
0.7306682539289155
0.23649246459557344
0.3676529084378257
0.826153308907189
0.43367617671232417
0.22320757077586786
0.3028347958939483
0.5563834061412619
0.03206666232089975
0.4951792901713724
0.9157084845609369
0.5778269533676466
0.457780479623975
0.9292166291059184
0.7985932844510718
0.49898975676706564
0.9168272627616759
0.5445205649870121
0.6967445131833506
0.4918290019554559
0.23995469526366958
0.7255978219476914
0.09092687442517498
0.21434659413953278
0.4124135317848021
0.707013738410074
0.0735223038836741
0.5085107565217225
0.4768491973707825
0.41636198345319897
0.7752480751712931
0.9029531482586552
0.3215282613362046
0.2576253680026205
0.4085382074175668
0.32272321082966604
0.012222084177269596
0.06762577323725535
0.03285800143980424
0.5545781973623267
0.06589288678595787
0.7712492051119565
0.31246173916109143
0.5042840628336199
0.4785099612156443
0.8667262820120967
0.7438599891596216
0.7034841538864288
0.5739659500496537
0.33565910608072996
0.3195399437728544
0.3285325800776639
0.45881079050352197
0.07830361083382897
0.71843927200634
0.04492822115265059
0.395857638729939
0.3808775482667656
0.8891760064389203
0.5681396070632048
0.3485032131357761
0.46208579634501884
0.26043103197895445
0.6040342748249824
0.09921204865436532
0.7620446144281848
0.3725404117002618
0.49025290613876377
0.5364799857618047
0.6946508348604197
0.10571493706110252
0.8752561540933153
0.37165795954499264
0.15314305152863525
0.7231550324208159
0.31007361201350847
0.6456738739089989
0.7454300253152518
0.8806031985800397
0.4384970941824784
0.2981801169107576
0.8601689613838769
0.6255871271407716
0.36911799980819004
0.15585783161784872
0.6146557136439986
0.7621936652132797
0.2669905265037348
0.3902447514733913
0.8646321791431926
0.28407074563476353
0.42613478779239106
0.23130392018651805
0.5127780825080999
0.32199345186178124
0.22003152255387914
0.41388178135282244
0.1704559821170731
0.28159663696398685
0.77423707886767
0.34891811758063096
0.44181101858348276
0.5052972014963248
0.617218558187891
0.03942569184975302
0.6118481234135604
0.4827207001244246
0.5729807485241801
0.6281136535660048
0.3966000374174326
0.8127836393000398
0.49337786771564196
0.6171272031604402
0.3385290457530158
0.6780410922151635
0.9201364329871762
0.2232786379581528
0.41370702470976994
0.4310481675888747
0.7178201865800284
0.3834339230066557
0.7825931784340294
0.41042931872967464
0.7531174520088372
0.9043476975133303
0.29987120410813684
0.5151054542004477
0.1469191966364045
0.08237829752574101
0.11365935320320768
0.5329059205306735
0.6060036931609722
0.16910770140388395
0.1568012059155112
0.43456348670020234
0.5338306570340406
0.2473118419741435
0.6272624143004533
0.8946084702290323
0.4466401616528789
0.648987849837439
0.7818781251735507
0.23142201329331855
0.3841994477497989
0.2503400512886542
0.3397529042827688
0.2924444430836698
0.8433763117818152
0.7051702961988858
0.29914746599466496
0.9209151370450795
0.4882200041182671
0.2979834081369281
0.15996814963066258
0.34451179843445506
0.8222745558896618
0.8678652858964595
0.6238775210027582
0.3068746328063944
0.48145721435523786
0.5790346514647207
0.6108084847742914
0.24384418165142974
0.43384690393779046
0.15284900791254075
0.9110752655176242
0.7000022962586091
0.7357395256850559
0.8251983748263526
0.5277305363526397
0.8490590603381013
0.435358117778379
0.6904012067583992
0.010019196565957353
0.16404081474142987
0.33372608536485604
0.6721664345584472
0.5052124645422236
0.654718002176816
0.14378986098947882
0.005472279263371012
0.87592844268781
0.6324506963585377
0.11162633296487894
0.535878950941275
0.6345136467329539
0.4537605473779649
0.8365392452022886
0.09622155607714179
0.532967294953365
0.16040803367224307
0.7075436023884897
0.3077034420332339
0.09036181010806206
0.6585542029653475
0.8475442515991035
0.336186837887913
0.30719964852952447
0.2703292916998643
0.8597880807871634
0.7530757290641354
0.5954739853871864
0.8402616868636184
0.05886875856264084
0.14643880440857915
0.17811169338223987
0.352204840440473
0.7908935793756623
0.43127078106871103
0.4503381779177126
0.09572187685621518
0.8983224964701781
0.23051383855554783
0.455859680207317
0.3252867119753931
0.5508927212192276
0.325391742327913
0.6591870213945245
0.6058374031606062
0.3231006137004385
0.8543004681457798
0.512674435434749
0.4861220941256571
0.51484150906312
0.32546616677184237
0.7777761628020138
0.772904584957329
0.7066883686420297
0.5176750925307443
0.8034428039240065
0.6431674084450323
0.3283731964648564
0.15488150016543747
0.21893476979661497
0.5086255765945632
0.8875938779847836
0.901486972577478
0.6072637098255903
0.726312432272942
0.5187135013260761
0.8604794378942053
0.181295552523464
0.38399512261343316
0.24593754274659058
0.771474540296546
0.06498860375939959
0.07552576000558826
0.39114542837005034
0.20550882994639577
0.28121851324364966
0.4134966227271539
0.40064736117945643
0.5644282970444309
0.24072148003092134
0.600145422040252
0.7108052884390393
0.21464130281122254
0.5026847710519653
0.3402872296381627
0.6704244470439035
0.17597276958997302
0.9234102441701396
0.14329951898988008
0.20550467653128546
0.4700689576020177
0.2504578396439437
0.10685563856231972
0.6428220847981809
0.8485294453637717
0.4733788944237079
0.3707067731538509
0.5649965555382181
0.47035122915618316
0.6210149236645588
0.7554233929024942
0.23207170730836763
0.556035927390211
0.7620738269774505
0.6339915615654915
0.26787409503150117
0.39867417937071903
0.31750907293572783
0.6043716129730267
0.9165193886598542
0.4030652066065913
0.40506448754886737
0.8386154089517366
0.6575745377194347
0.23301188709067602
0.4783989345304369
0.49038378831926444
0.3594055406894602
0.5020122257237629
0.5276073431818779
0.5774129123515586
0.749341524469125
0.834075564549318
0.5939784735003462
0.36353358344415937
0.4710984225192684
0.7225987034491856
0.8808487482660465
0.4161499826723357
0.3624168171565102
0.7179944159136671
0.6841959301111151
0.6044155210188216
0.6406777922424758
0.3389847834686377
0.5720810379587588
0.016295525736317314
0.3066516057182629
0.05219530735602483
0.7725611091948046
0.5483540747897072
0.189462707768366
0.7888440855307113
0.48958615359902197
0.7257777436358221
0.9204117617656331
0.1371268014190749
0.08174996920211758
0.562372732561444
0.5081872653817526
0.30518433796835687
0.6120265288853269
0.6764199156882487
0.0917004992305883
0.3901358700853568
0.953457588092755
0.2263885103598555
0.7346833102837542
0.6957870779170754
0.9036944967458621
0.19275790562748812
0.45376448058082386
0.41336599504472893
0.3578607689326062
0.7462146309404877
0.6317654845816596
0.0699460219067072
0.6156729207262291
0.46353408151395353
0.07100547213720412
0.4515987867849366
0.4278402905225572
0.4974533818612153
0.4494354249528088
0.05467191061356869
0.29004319013099517
0.8694847419522092
0.8822676308068477
0.8128043671419796
0.0037832500384780195
0.6293046438775325
0.05124708039664495
0.5580416450178166
0.8271412927016587
0.8608573387354008
0.7577421906985878
0.3392330135414326
0.09459589810745414
0.8610589560019403
0.6964116602409682
0.492381743263257
0.38243527644562386
0.1961910952117961
0.6458748214748673
0.484503658751889
0.709855880400304
0.15996412358470524
0.30493696495460837
0.2519235170204682
0.8602356224582914
0.36197600053672496
0.39518695873010445
0.5539521582555978
0.21931947890866854
0.34569584491411226
0.3039859986953653
0.1406082407961433
0.8924385223965732
0.14557237725639557
0.23882156441635005
0.7887699735338292
0.6427347667762339
0.9147351164189447
0.7485028684932782
0.5273937845448765
0.609274310234316
0.8852881832765961
0.04431227355039507
0.5026120778582756
0.3448739219178501
0.783519305772514
0.42863047445442803
0.03643720386864003
0.37021955604694257
0.696442479881434
0.254517568347893
0.8928453298567601
0.5184156813949744
0.3487779130946918
0.10896410246661219
0.4301356691060969
0.6866018379942452
0.7474480938184765
0.4681556361497138
0.7824349352492715
0.6467141043666167
0.7640437120781978
0.5231910015804935
0.8337251884747873
0.3054151947207321
0.6896913598623811
0.7261501416015337
0.722193181446649
0.7674558216136609
0.6302677550845158
0.5061336176149487
0.3856820195495825
0.7538484470010443
0.5797643589870216
0.7700952653011058
0.42194606487425085
0.36722590515939774
0.4695572667257801
0.5981636041462401
0.4863594069291158
0.7479727140294837
0.3285439337332169
0.36763161184238524
0.06858033714559096
0.2346408899273264
0.7104333328212614
0.8085381440500876
0.25978104689721326
0.7636810007582489
0.20879051119390543
0.24622085515648623
0.6449635260526826
0.7216200837166146
0.6261743914282255
0.14410674581915844
0.45486705173972386
0.051962889125417924
0.23801488608780583
0.826089201262916
0.5509173647605988
0.8881976614583598
0.7549340196749432
0.45778084695914
0.2858700941598734
0.8718856749199811
0.4179495103826438
0.8568856514105461
0.5424737927505343
0.7062922716903435
0.23789464260025314
0.5645980852747928
0.6968935787243918
0.6152317469305183
0.3576358624854001
0.24299403811749143
0.8500952093898285
0.6424426918932558
0.8742997233559606
0.23383242283380995
0.5233428956669776
0.2727980336056347
0.7749188402344426
0.21434659413953278
0.6558032755428995
0.4201767480461224
0.35129995242257933
0.1653914678057861
0.5492494608692924
0.8695165555548523
0.20723918161591598
0.6696987824376204
0.22409905425544416
0.0015838704633305875
0.47891841143106656
0.1395347061456674
0.4267341117896248
0.723722208365829
0.03549191338112321
0.49034643641110687
0.657672792873472
0.5424614468124004
0.595067821076004
0.21376184571681262
0.2155547385574622
0.2091187600153217
0.4028908169690811
0.6993547296626113
0.09994780204662766
0.5431021322211417
0.6499632419866582
0.42757887336233513
0.21835952650218057
0.73502184321672
0.4630547373721861
0.433531697417332
0.6448007154440424
0.627096675638972
0.8921494823851323
0.524547891462009
0.7869764177253346
0.5061429551578537
0.36899675729434506
0.4393923104065207
0.4634967797656967
0.6188831406208934
0.8728401752329157
0.7303676733624701
0.6505754762921563
0.41823870573743394
0.5612390638550313
0.2627943459376025
0.34488891442080805
0.8395936589144373
0.05233422171697127
0.4482241706434105
0.5536168223363056
0.61597487346514
0.8868230612217548
0.7678287664922429
0.4569639655753262
0.48556362314471935
0.5531101989521978
0.581707769341888
0.6251786037446597
0.33396322297383774
0.668808913973073
0.15764664308815
0.13053586181765314
0.9058609716615856
0.49400280538898145
0.8520376496040653
0.8866982061721698
0.2371594431506765
0.35128084380747776
0.505903005730592
0.14655139459003758
0.6510558914672924
0.6007897148962767
0.9026525259132864
0.8633931512385128
0.9377089466150144
0.8617479109314183
0.3424305123045227
0.4125691689779327
0.539454829289696
0.5775344668594807
0.3135240657705715
0.7233202974470345
0.7161745337554855
0.7370075682973479
0.8930372452289118
0.9213354849475215
0.6302197489568924
0.6679957727463417
0.6098151120179481
0.33280473785114856
0.16631287290481606
0.7398498337512548
0.891175996971188
0.7409062736110194
0.5781259926436186
0.3420835203619571
0.3785338153617339
0.3267383552191015
0.34204568636434163
0.7353809146802234
0.8653932003919331
0.7930547151029517
0.3474123623534002
0.549074457457073
0.07697427668401008
0.7987243243689408
0.2062882284423581
0.09047461755398067
0.2512543383386524
0.2616777289077846
0.5940699924395273
0.026212694179678028
0.8356787372183955
0.6000573859277337
0.024084328024043276
0.7200776112964592
0.7832872979122567
0.3873934826867366
0.7145813883845356
0.6756971264771259
0.34651613627055056
0.7698923098596488
0.4602423932088745
0.4982005953290261
0.6832278142774918
0.6428987307271693
0.08667089169103663
0.19262703180638197
0.2767827082911961
0.5137530000024623
0.504759901196971
0.6554770493055843
0.5455850892415572
0.1598700405902935
0.11430419436768373
0.7671072538229029
0.2116255625533266
0.9112878079862846
0.6774850634853623
0.7376368011208677
0.10824579884967896
0.6065908687386303
0.19047311524011593
0.26455251379656997
0.5810634777899754
0.6667040222476066
0.5682313863573677
0.1864090198348185
0.39452542737264445
0.6672884299327244
0.5278775396543517
0.5827075704155494
0.32955729998002087
0.1595608175410174
0.5979982868266605
0.5241230265249314
0.848829390112477
0.05118468722276964
0.7129995648781198
0.5604523188178859
0.577378587353541
0.4998086095745565
0.776495058642541
0.33886742838889244
0.5004239022804371
0.3358444466843177
0.5673522960099826
0.48610802134229214
0.9400764974166875
0.7203513673251772
0.8720729209858232
0.7362536318350532
0.7688743291754978
0.4868072805415744
0.2399504153293034
0.13420914723382701
0.7405454391071818
0.3188871316240654
0.2534130445143103
0.48750167281444223
0.32687489881238824
0.7022398826391337
0.40500898665797475
0.3578798645403232
0.5174469431976788
0.8021073557723158
0.8259362957464094
0.516423341025236
0.801694107512914
0.2237610585558262
0.4517825060754109
0.5640776627735451
0.8038895580258681
0.7032309910681593
0.6836436365216259
0.12105829508818877
0.1035052150918661
0.4224546448882445
0.7122364348327349
0.4113868045629925
0.07693798500718174
0.5870666995328087
0.8429397406469322
0.6498135970634268
0.5235111224548095
0.7533726109236747
0.6794411660234466
0.17776506944203047
0.07334574262921657
0.22470112592115934
0.14967181047350991
0.5218424358193208
0.5468544334711793
0.8361842316213323
0.8638144550377456
0.02114841145564359
0.7650801835666071
0.38371773425248673
0.36644340261480085
0.6592852308678023
0.5756736151954249
0.4540113274806889
0.6369353894067921
0.6122632395621971
0.016559334377603624
0.2906840872109686
0.22068103136633652
0.9038541365773587
0.5644165482025256
0.17327109152652057
0.4503530235562493
0.5907370247333582
0.6833251376629396
0.5043852036191592
0.3806503179166183
0.29285535893080256
0.24687679413559174
0.4135264287655305
0.47671553501569913
0.2105002783988613
0.8061726975844447
0.1989852023441434
0.7953027578477895
0.8660898399192971
0.6153914719008619
0.7620310296868125
0.7378585547706857
0.7384044317101659
0.8658167944740554
0.6171147490181635
0.9269389211064492
0.39292080397541473
0.6814993343899123
0.7182441684338409
0.05537172499406835
0.6106940470537195
0.6489114354590209
0.13484909581234128
0.17451825770583299
0.09829836357879668
0.3857762400057853
0.7468798034466659
0.4662505141697465
0.8408823379070295
0.9679604628339591
0.18189150631810433
0.5828942597951629
0.5549513980845419
0.8989002575816252
0.772920351815545
0.2520090241006899
0.5997765995798202
0.16937432228005153
0.43284537617720364
0.5461122527963735
0.8054641400570731
0.13601203286448424
0.591155402543125
0.7845351274806512
0.6707268460971755
0.3926817989151473
0.30841485252869133
0.8963531992288547
0.3085137999153991
0.20175427398139192
0.4716842670912179
0.017785713804602594
0.41289011167926426
0.45542739880561717
0.5922463398813549
0.6019140700409396
0.8681706787580797
0.6455299815155376
0.34974811757906
0.613558316158563
0.7841688797668629
0.6453152655088723
0.2852528168463313
0.8000792351665128
0.18316922528904858
0.723190771642098
0.6691825890811478
0.049393455345523175
0.1584920128944585
0.5549992430558535
0.47621577704062723
0.7372059538349721
0.5849638462132563
0.2527914567305543
0.3406645519126022
0.17318675619030224
0.06744009881822258
0.49712174220162664
0.9597741202732792
0.9413758795139185
0.3044985403045178
0.3896375170080997
0.7549069494811919
0.7497045367523534
0.4233949253800184
0.8809253562275807
0.1289278349941172
0.5866616319179909
0.8679604162114886
0.8397129956005679
0.38543284366542385
0.49771291681758345
0.6634942110576404
0.9344371774451576
0.4169525542763987
0.050578113649943746
0.30626847193633
0.6166768825918721
0.189654133754594
0.9106141704981797
0.3331086820636061
0.19536778407735067
0.11446635757277815
0.45700548673805724
0.12156801818613959
0.7250301720134301
0.6896463722820336
0.7425658608238476
0.02606799613558635
0.39262377336954285
0.6609709490664469
0.6672480189575752
0.33274106431293266
0.6378291237509001
0.7850011705200552
0.13726262802323924
0.26638322866781927
0.6128100136758153
0.23448908316680736
0.27531372486105476
0.46974826531179126
0.6032278761872331
0.7678983134041603
0.3169796967895189
0.7243360870135693
0.5231887233227204
0.5442029640240111
0.6553457179664428
0.22161540783792646
0.006225251130217903
0.7639771537889236
0.43078375761941995
0.5428654970453626
0.7881001985022125
0.7802413364724672
0.8245381981932658
0.7209133807367603
0.6409258995767801
0.9413449501277176
0.4352666665768291
0.5511930498569205
0.7811839956558015
0.4894716109377349
0.6431939530725609
0.3856651302702382
0.4348136280884426
0.6356302572660704
0.6448905162704837
0.38625723184966065
0.5501900231268015
0.6771430457049316
0.4256688365702875
0.8314092650186683
0.37504933059635326
0.5143045400953645
0.2557864163464124
0.06679466955569388
0.15552068333057478
0.12358666653063674
0.19456090153783956
0.2841422068239185
0.8138670459337006
0.31843925195143813
0.36708203442856113
0.6170848272780711
0.3274736318098063
0.6522234225730762
0.6443489794302709
0.35438085793728674
0.4747186236732059
0.6457386754171602
0.9198876349718889
0.4787610491981168
0.4619831906554124
0.7474368969352563
0.8327818277794093
0.5343947304596546
0.6285794854465868
0.3643747679516051
0.8003265170751132
0.6909899638847236
0.09251898392471551
0.1589791639725958
0.19949239039873756
0.8830642037954272
0.7541660605761
0.7239477736145609
0.5086225092330225
0.16338923984808956
0.7111025506704137
0.4064516187193387
0.5580305167895799
0.08122710095683493
0.8728650765419008
0.4999605347111359
0.7543643953102105
0.7316841191145341
0.22644434568927638
0.47267048974771725
0.6699620562943136
0.285832166176704
0.7343814268653804
0.7389164118451125
0.16208339842633443
0.32263808051665466
0.49755410957669494
0.8862025750479406
0.200346100437238
0.330833868183187
0.06597421771612416
0.33334332657983623
0.5951563999928114
0.03257245207081798
0.500379617398843
0.5175257477892719
0.8125026908146784
0.34063642906426655
0.46057374185325983
0.7215467044820624
0.905728802357769
0.7081166993114039
0.6335895329465773
0.2415675718575149
0.5997922345411719
0.7973842930407071
0.7290537257927158
0.3691066236805064
0.5815078595983421
0.43914031200211145
0.3563202338276418
0.6366138713476982
0.6760534468014578
0.2542644885274898
0.15225662672075946
0.7691269934008022
0.3329901345114903
0.507926724316931
0.7680385310123026
0.4297900804867909
0.45197387108130055
0.6662026739634413
0.7998684960857739
0.6171510904087604
0.7667917358493611
0.8026101559911517
0.33863666414618665
0.883464965067715
0.08732799468422785
0.3744695463509924
0.7405670023032673
0.34073178247649305
0.7349475946914485
0.07518038838191703
0.5073918695615024
0.39203107016971545
0.30749708961911165
0.7872887330284933
0.6490223681836194
0.5699301873777448
0.15146563640693878
0.44631844642065754
0.8460055597637813
0.17444952667644048
0.41376663708660133
0.45877674466072305
0.34380757559265224
0.4939459901649857
0.35776476465622753
0.5958885207095883
0.7955758551729877
0.4678479685078258
0.24006923168092326
0.47956646060784497
0.2243841643236693
0.10298500624924718
0.5233745712740461
0.5587891571233059
0.16867046192905333
0.12791651321636135
0.32739352077127915
0.734111046726819
0.8552099332937102
0.8346028227205299
0.3661916429436267
0.09440586309720982
0.7155181462728808
0.4013531995628099
0.8537233783650624
0.1029049158902086
0.4490029135601639
0.5277197533474043
0.6996052486364496
0.8392086800257489
0.7090817009929192
0.17641933078788438
0.029265359187747687
0.7716878554495322
0.3462063814202075
0.820568055380859
0.1584592631942819
0.515941188185945
0.4838010139871541
0.5330052405136022
0.43933071097107973
0.5500255452162812
0.8280345699524697
0.533498183093516
0.5468856880189349
0.14968450633603536
0.4338974720056399
0.6854919088194065
0.9004057344195803
0.261441009473241
0.5220170485340009
0.7422577067695969
0.42175844577754096
0.45079351298455883
0.639322739188856
0.9360913684364426
0.5686835501652899
0.6302803832821097
0.03221322202121847
0.8120658155766203
0.9238693236807525
0.5191736085025286
0.7267275452382014
0.36253741406957024
0.36541871205069765
0.3874275254379778
0.01445595026828097
0.5245569901621928
0.48394507495529543
0.7640570674994976
0.38217096389427774
0.7488363916884708
0.5002970952736172
0.2671523973893143
0.7741194464941747
0.35593989284527106
0.6589684535348476
0.48047578791752166
0.4620537639879984
0.634122278820778
0.24423064296656477
0.08280939473440986
0.506335577540053
0.30447943178452735
0.532011566506705
0.7459085935675626
0.7414556288107815
0.6248932444660941
0.915549058168516
0.09564458363381574
0.15628078587975786
0.8428058206786256
0.3944431142968287
0.4974209180178419
0.3600676419585202
0.059493197604976435
0.4487709592357759
0.06311908545446493
0.26223792626573605
0.2688338117241855
0.6067592704217508
0.1662289399025097
0.7444562267519174
0.5058562090610388
0.6802895733432296
0.5972100706141771
0.46659512690478866
0.6880627275342807
0.8455252175144005
0.8232296004571232
0.2575301378792792
0.5457163569720139
0.053968202822684885
0.23067103110011336
0.42430792804089246
0.20194968138855923
0.840195920228957
0.32107838170260106
0.6218646501132747
0.3482648250128546
0.8891348598805137
0.4451017952411
0.5599772732453109
0.7848119177920632
0.06394701238454986
0.1564361051443027
0.5035689822977243
0.8685135415667721
0.5919955956941011
0.3029509174546348
0.49980057539223355
0.11903995530479486
0.19621366267236648
0.7458225302496098
0.3694989780755594
0.5200056405401355
0.4316558375256978
0.16402876929595128
0.4564219283048153
0.7431071629362661
0.3980269445557333
0.5684579072134401
0.5728994117064948
0.30931796374503695
0.8632797732259971
0.4833532294502822
0.7256137750510447
0.17509053326479684
0.1692575188035
0.32912032456659884
0.20490241534809914
0.8789468877851307
0.40897398621275777
0.5918504335436358
0.5304295667886961
0.061597054912378886
0.5232214145394399
0.07316389188842422
0.6235851556384217
0.4882691403453726
0.9065063299999818
0.7200998353101855
0.9410642674005109
0.922503576965694
0.616348564236592
0.8557238526136275
0.6045662247392535
0.6918445621377879
0.7292690971508715
0.7507931030164086
0.4451807399638096
0.5923184986241917
0.6074077637238603
0.052804315395279196
0.30577462847287246
0.39837927398811573
0.27983965924374404
0.6376696962744474
0.9346105739054194
0.33016336846082517
0.9026329208314154
0.2822589687291644
0.29967285826903695
0.34394176853708414
0.6387780716551679
0.7428757485686056
0.7124528432914358
0.8277289291114548
0.920237310848353
0.22462327408560007
0.21282330155261261
0.515368376135618
0.6102646052600659
0.47970493646033635
0.0863608150666497
0.1766607656297536
0.7326059784851526
0.7286652450759145
0.5990593080588023
0.6853775296556711
0.46960510587192716
0.24001676359692994
0.7143024099906871
0.826630049956062
0.5805091902899094
0.5643405402516263
0.6178604039177535
0.06291591375380963
0.1653050576939612
0.6206724408148078
0.530741475466027
0.8294737249910801
0.7827460351941359
0.5453065977963201
0.3620723185121466
0.6843702856334832
0.6952137123542665
0.4856656064270617
0.5810374888165563
0.3281696864658349
0.7269148922582375
0.37975508068179564
0.6640095755192664
0.6162160657886356
0.32640947311299295
0.001612542760260129
0.016003872109101543
0.5511260746163886
0.017209779425723933
0.7894467832979084
0.6775224753990973
0.8233271234520518
0.1694528227220205
0.5718912211061831
0.8115972573758682
0.11263208460969348
0.3535384347012771
0.2867371619724668
0.3356014259027078
0.4090912554109135
0.7652790053603779
0.45497808546628804
0.8239946527777048
0.48157754065393404
0.3732357114265545
0.16648731952089058
0.5016879543896592
0.47043230087401305
0.17999073856913222
0.5033106880289929
0.7306741758929509
0.021097827818254946
0.5967733618362387
0.5767752773765817
0.41258480795936037
0.4237350374678664
0.4297716766558141
0.46183941941949336
0.4357349529203693
0.22809226633423207
0.4210981451458844
0.28466075236004595
0.16510342319599136
0.326651013290266
0.4734240640558703
0.8165846290079246
0.5917572849941466
0.7725273487194119
0.10318931404477578
0.5496100199011842
0.55599820565972
0.8856549193988397
0.8143471571699883
0.3002520004051584
0.26010619067089535
0.15270333780428913
0.3075904044895485
0.3033026555429322
0.08364031103290859
0.3190373417247864
0.5784637813481712
0.4969171175215912
0.6056477234841583
0.44384370099378784
0.6498140033775522
0.8215653966225431
0.37721637504249
0.7851243094758455
0.4986767456302361
0.052330978391524424
0.4059681505457461
0.11418469663604015
0.40744427776402153
0.5333515092402116
0.7852583239112019
0.5343938085596505
0.5924603541412111
0.26588025003125204
0.19230215593670394
0.6830789905382293
0.8174484651393765
0.5074834078812723
0.8282988942328944
0.9435140767884898
0.05686948601441047
0.06531915529340337
0.30556120580233337
0.6410430643273457
0.2546562153405109
0.43187347643067364
0.6045290344598516
0.5802096340554347
0.08203342474235256
0.6326633794303492
0.6340847878047521
0.5619795856528365
0.14970904610791877
0.12578657368228668
0.804148962435279
0.2207709217763941
0.35778980473199445
0.10833818743457446
0.17495888081834313
0.5491205350969647
0.6873986618920687
0.728315827447916
0.938489819499724
0.5684551069183884
0.6713797217761678
0.5157176755113542
0.5756609992469864
0.763390088817394
0.4425619359770337
0.49937289236077403
0.9089319811051513
0.7815809012629596
0.31480703341506644
0.749797093889519
0.6472904497446248
0.5265257797122677
0.7964171236135448
0.28868746428672926
0.5368764115968643
0.7379528958267637
0.26443071835744136
0.8786596722567867
0.7790188194087916
0.6159370105961937
0.8066023681352303
0.7029772848078408
0.8019612302501495
0.10608543266169737
0.34624056765391875
0.793080633035724
0.36463303763785965
0.1168821193342991
0.321776670831453
0.06690065342358337
0.037918246881803584
0.5220480541083244
0.2869936665340252
0.43672550723111875
0.8916967151684334
0.5570309639659315
0.901100592025988
0.47929154455342543
0.3121358771565738
0.3283070198850604
0.4206769804733426
0.0816298772639427
0.1703117128578921
0.1515096143976088
0.3049168560281296
0.23900202567466325
0.06222443064007107
0.23892502536418075
0.16199108274746074
0.7990591409733331
0.3057193460759149
0.11767492945896846
0.2908172604216167
0.7076085558653008
0.6537181266389226
0.8067606059712403
0.30829401015429486
0.8488304766606611
0.023550963652172463
0.40121729536072337
0.6099573023057656
0.43910297277266325
0.03845999968650008
0.04447020542847258
0.251973350878994
0.4457419264555885
0.11308984717640619
0.38336398338756694
0.7819249748484791
0.6784452077426661
0.2964458416834574
0.8823853467856138
0.7303079660166069
0.3409435410644713
0.7442584125705601
0.6001056479348478
0.742947563647006
0.22680453102188974
0.5913802171489871
0.7716163827571042
0.5779711080178752
0.8304772787385468
0.800591498817728
0.1986762707938481
0.7924246817583531
0.49756680214168914
0.3068748937272707
0.1482451254030588
0.8651297787726662
0.5004239022804371
0.4843808923032545
0.595565914554892
0.33646665864473596
0.26435914465579113
0.9029514893316866
0.2163629835143244
0.6316473618245062
0.3225551486996732
0.637065254446309
0.7312997747734103
0.8577280461793607
0.02958688356446876
0.07642190410771657
0.23055767237205782
0.19390570401802312
0.48816879121302814
0.30100317733025417
0.45179234451684336
0.6050314463563685
0.10988672378181334
0.5953036832673011
0.7729541088679344
0.5101933218542014
0.4752499995766571
0.0034808351913026146
0.5083647117104187
0.843324669339953
0.5770454920208454
0.4441510103876321
0.7093370658610162
0.8284529986996823
0.12202207611469783
0.6991313056238697
0.3264936834740392
0.57675441728395
0.8114193493305005
0.7030813974310196
0.0708425579885317
0.08086459053329284
0.49465290631248343
0.6729698177150878
0.7425888613363111
0.3274960940809352
0.6813204693472545
0.3968948336434798
0.7761218370370443
0.23364367157786703
0.5653966641827343
0.12677207523327302
0.3223900337808142
0.5445703240257916
0.5086495076839809
0.12062577286235301
0.7539978923195162
0.7336526302411549
0.06651378206764062
0.7240505956317773
0.7109295615848618
0.2774367789422406
0.47137113342698567
0.24786907042568931
0.7729721320640679
0.5649087065653414
0.1101152070152787
0.17735780314384905
0.5903147845974991
0.6486349218178692
0.8146690502339994
0.3950554005859835
0.4606445886630498
0.25369292408899763
0.21485925011037435
0.7422946291303307
0.4961321568627162
0.6835121816379525
0.16965208003506507
0.31918631663732855
0.806086008122419
0.6553639047630774
0.4860975416532123
0.4890511738439122
0.7400018329721594
0.800798646356715
0.5330884664876895
0.7903996816551337
0.6549620684201632
0.25617281184337054
0.0660157259920321
0.492335366912795
0.03396334060063642
0.5501498527004643
0.5025466430842456
0.2797558653970211
0.4591711585163035
0.39678244827150105
0.8519545160476308
0.8062874088473314
0.3036769194941711
0.6455665195087688
0.747748608002438
0.1222171957332775
0.7124389198693968
0.608050260351656
0.05637701572860309
0.431608332707208
0.34959882229859923
0.47958060595927454
0.5359743371387754
0.6315839060292805
0.5791768670367224
0.5363149355232136
0.49920409191486764
0.5589452343528861
0.47333750870154956
0.3830548953580984
0.6589128221708087
0.7807417876238718
0.09031463102692566
0.3543672219312008
0.6335113012214091
0.268687229649108
0.8958111092569522
0.45370684206947176
0.670132100154145
0.570871309885485
0.03898360218048368
0.5280425610431368
0.47253174755465666
0.6020051280521409
0.039026009974643235
0.5781255522590505
0.1753290940456678
0.6246484540328007
0.3093716363150956
0.311720638229185
0.47368807453390066
0.3706165375396918
0.08206437051935242
0.0836040132451155
0.44445346410072784
0.08194575748198948
0.18462185379050505
0.3330783603010183
0.5981766905704797
0.845568931774059
0.7010476169122093
0.02778204826039273
0.291190787310419
0.7484591947694846
0.4964658976970583
0.6461829547933282
0.767565374783472
0.759980919734446
0.7256382954228616
0.5049657958625029
0.17304105541494624
0.24236567353166003
0.19468241782128698
0.543059358967555
0.4674120426307602
0.40855849197070493
0.49209840178961417
0.749218497884814
0.41806848886929004
0.4483550872421153
0.26003185971124276
0.7666958072604274
0.6184908128879236
0.4856635279791473
0.2972784705741034
0.033835930585034264
0.373937134875813
0.36890725882359926
0.331760634156405
0.3037128614867529
0.7489116787517386
0.316580206829344
0.5240944391095561
0.9183984607949782
0.44268322059077614
0.7518716709015018
0.7887010952837451
0.3337545175306069
0.30182926194888127
0.6062074301525019
0.04631588211067689
0.43982034732616204
0.1526244984703585
0.36735666018918445
0.9113718783282894
0.5334557328195627
0.6352907108834585
0.7675881807866998
0.5316503370598346
0.5695642719047913
0.8115474416115864
0.5184008637073189
0.4374379857145998
0.9465410264491368
0.4202928579513341
0.7374104341018768
0.5428052062905437
0.9250698186363754
0.16564986848464683
0.43651648201791543
0.5155655208138124
0.731911136842226
0.4081163504925942
0.6427347667762339
0.24444745284350936
0.9596749557819397
0.6281065999771498
0.5778438270844928
0.8057228307436065
0.467656502470779
0.8552206562471532
0.14121154102466868
0.5431564799224442
0.07940105576966638
0.05147091545063552
0.8388583434358822
0.5481429817326473
0.5849283006863903
0.5094258545343775
0.5680452068422064
0.3570553188089894
0.8861574402868092
0.5136105016804813
0.470161570397379
0.5018213890768594
0.3926817989151473
0.5018069938968552
0.6489139746343537
0.18840313559154645
0.2551615500436299
0.7619371974246281
0.8644419440634814
0.16250008352171733
0.5834394585909652
0.42568652465045725
0.6014578250794639
0.15989402412624515
0.6840624705368649
0.48442379660408624
0.06001093877712711
0.43953619209313277
0.7881489688269073
0.656117188417207
0.31792763224439563
0.5239460988405891
0.859253536106114
0.2124870545584173
0.7546630152188272
0.2569089901080143
0.6874863514106848
0.5210663827608777
0.2134687148676651
0.279732341225455
0.6177276848111161
0.30455772408380166
0.6572616741887175
0.1580219276105101
0.3657932524293856
0.6162616153667603
0.8417209441599192
0.8255510739915948
0.41671858992827154
0.5512812291411081
0.18915366440919695
0.9024450117910923
0.8084076391425056
0.7402122893330177
0.5579910540237408
0.4183358490498322
0.8761481511777153
0.8466310828972191
0.6091843996772663
0.6394937065108867
0.3110368516771609
0.43957630306925927
0.4074165811432157
0.25978175147323734
0.41524553552870436
0.8610108180604334
0.8105047474308568
0.9307393296896621
0.1633721704698853
0.6435809391800478
0.7156245565596568
0.6537896034885475
0.40645780304400136
0.554797157710674
0.920726854190269
0.32839055700111175
0.11657847632562289
0.2160055745771288
0.24313540909399953
0.7484277561606458
0.7706673772143419
0.4716716476795203
0.33209598387190736
0.3561912025844302
0.5849311870343922
0.08012016575149099
0.8594013672578756
0.8822848904830354
0.1333991525592472
0.7496573751680891
0.5743349083296065
0.09223267661119149
0.4501234729160213
0.8870494341653316
0.8790311577309372
0.3161681339694087
0.47171460689821476
0.44982613879232486
0.41980282309457145
0.39121182353566736
0.2853881402867597
0.7403067680542061
0.4432606678128797
0.662240642746059
0.2867371619724668
0.4647500922206408
0.29447325034427463
0.5838704849875501
0.6614922037987369
0.28265017457818575
0.08850118155877816
0.5476824213103898
0.4186056494253008
0.8179891500580524
0.8209054404236201
0.48875748471725133
0.6524526910234753
0.3752672062016691
0.7453238688968744
0.428339963181382
0.24930681272241081
0.8745710500410883
0.6191359396221379
0.87710310557826
0.5266840083134228
0.8629354111242974
0.3789959910054999
0.5348859667764542
0.7869417572928661
0.2851392761629252
0.7821376159062373
0.6760110714491732
0.8498784070460615
0.3125601696936893
0.6227533114025796
0.924874453259887
0.38725422653685476
0.5346908755026624
0.449298707217777
0.03890626339039269
0.28549073567932653
0.7410302152513705
0.5680420980355118
0.3703700428070549
0.4097223865934873
0.17685454865741826
0.2355225099169795
0.7914843718304179
0.7627719339013228
0.09867731162338776
0.47072436618411745
0.7905107364886982
0.11164365248308185
0.5187567660019244
0.5697846668807744
0.8381122928253114
0.8301713937191204
0.5423158053896836
0.710193736226591
0.4472369089657159
0.7268208101868315
0.660178927041605
0.6528925466907335
0.0445122077835372
0.6601183211927062
0.23837777813218042
0.8478012323882237
0.6002041142353121
0.2878657516260361
0.32613416899498554
0.6475509719969262
0.6303107262033375
0.5475774835133961
0.27110176769290295
0.12302358282304995
0.6381381849793312
0.6091480841286988
0.6414921773737579
0.2852049447178927
0.41414940515471393
0.1824288983422447
0.442527118461254
0.7142885490880104
0.8455830188638637
0.5887895256474271
0.9130717408061937
0.0132797627934296
0.2749707630594082
0.7384124752486397
0.3405495727812487
0.6800075690228289
0.7267464404224191
0.9575338898168677
0.4944711461600208
0.2517628253803643
0.7497380497306491
0.35545863379082154
0.766622771448245
0.5436438207613273
0.0971311293046437
0.321438952527183
0.41354835941750023
0.7276306558368514
0.3822282784314274
0.47929391944380545
0.3472212145117894
0.43551321269958443
0.2231049285317516
0.4127117866668655
0.6252980758706179
0.4427800202628822
0.24812630184834822
0.16753697624250657
0.36470560530384216
0.46480929175664715
0.7695360138456653
0.5307261688064461
0.48908106426501713
0.5502079926945687
0.406982840147321
0.7651734579504252
0.6200729360180677
0.23337583210729923
0.6441093494714558
0.5177718545176104
0.7824792183243451
0.47182068885045775
0.06083276988046501
0.6822377035932127
0.5169344795836198
0.8711529173366926
0.2542720475956746
0.14851154269511047
0.8637272322583708
0.7691507433745037
0.48132424649079597
0.30242285048368234
0.506167977641417
0.08694878929816115
0.08649064279181551
0.1741323835170582
0.4312049699170308
0.013054513587185198
0.22265538838614077
0.839353088002316
0.5133794864106138
0.7524759972058673
0.6563999649196286
0.4069109525187581
0.7362348479056096
0.7138512297098099
0.8528553091572255
0.6884240151300931
0.8880636486274377
0.11099302048197583
0.32755528041741183
0.5671992105671453
0.4760789486954891
0.6239910782975127
0.2865382796366623
0.002086916360911586
0.7850315354076058
0.6320125146506447
0.6678726564652587
0.5138623014472395
0.4184698490360426
0.8297380213705801
0.8393220550375875
0.718001029106052
0.3632758226677402
0.8164166624301291
0.29007157621740015
0.2024655647726826
0.3070109909534775
0.04954277804587347
0.3467612282230747
0.9002789363946773
0.8926503093955632
0.7827263728535128
0.8147515044221457
0.13665669706061997
0.03976806328005392
0.3477041286139776
0.7833065461360821
0.31919381623398096
0.2607514797077303
0.6378209884490056
0.7160126890621388
0.4597577803836156
0.6598291155120569
0.09386266915753189
0.09051990643004636
0.09993694184828801
0.2463392788549883
0.36894977531836737
0.279592104153517
0.9016351789002589
0.5888404382166639
0.5450488177273447
0.7624089032460204
0.8963400710357133
0.702773755358696
0.24910908126750808
0.5232236001532358
0.04779263904021049
0.6930999490706135
0.5734499228041626
0.7151865457427846
0.22031243707804546
0.2051483071545586
0.5241513090633169
0.41035606889007303
0.2571007960203332
0.43476317498394
0.7079768733085869
0.020883882105476606
0.6539020881898686
0.7903424438747162
0.22136802594868793
0.9453623069950358
0.7823541160511437
0.7024767251335788
0.8748124586534749
0.3945671975828187
0.14828594184518973
0.3570270197928943
0.3009356876221792
0.7629880096444109
0.388189404347846
0.77883769694046
0.4862484270131963
0.06467195528259971
0.6840624705368649
0.1447955087568025
0.5411922848642445
0.7262392723000589
0.4049729306146544
0.0759247418039188
0.5079623499453966
0.48231945144061034
0.6646819719862495
0.9047572327163557
0.3737324094596016
0.34448842702111004
0.3710799996689042
0.5274278583999957
0.07534558816675295
0.4628556525232788
0.7196374298461558
0.8983855441955065
0.32117234287293395
0.578586315633816
0.46248979189084993
0.48317631158973373
0.13200664428493422
0.21222053419433462
0.6534141680908077
0.4036114713421508
0.2993703110710654
0.872722091331969
0.4557636670891058
0.9153358624592266
0.13362569157309792
0.5041755014451664
0.14386954666098478
0.5545248337214148
0.2742061906856952
0.39706196429465185
0.5242848597309386
0.5708783767010138
0.002006806599240237
0.3680146872199489
0.39489210851502843
0.6720240668229516
0.8875074125554447
0.9151819026517536
0.581234847760865
0.7268569777052175
0.4199797825264546
0.15407008959776536
0.526200666857517
0.18592303927856155
0.7937726425009562
0.18950796977556567
0.5745123277017863
0.9229580159260058
0.8899808183745339
0.905958648711086
0.31832168062531324
0.8943112560880059
0.2689596122707822
0.19761650282309529
0.42907210115023886
0.6929009915654794
0.8565934049469196
0.7206771835557119
0.4126967986561095
0.01967271453940039
0.09717378123477073
0.06051045910497037
0.2998525973646795
0.5111532266960859
0.8756888735547897
0.6024233263148949
0.24291483181052598
0.2225404917282064
0.5805258971232949
0.8664815754964804
0.29664880925666787
0.05935189311436089
0.7495307884391745
0.6246792117005368
0.6050225956497767
0.5325921640948823
0.7829782971256394
0.48642866453091843
0.5622279800220918
0.30363224904578306
0.4253106161606803
0.1247298596831854
0.3913538750321309
0.7838016004311403
0.5152852514271873
0.6719192886912622
0.5051118149163152
0.509044879304744
0.27110176769290295
0.35088930492032633
0.5166676253474545
0.5123612054627029
0.6656208319757824
0.6307972768966604
0.8002056627638844
0.2497011963534028
0.685558711645487
0.2706178596630514
0.807863861811843
0.2239048703709485
0.2904192612775616
0.17823230344883323
0.6875411375841046
0.8439925273945562
0.0844724124368858
0.3565594022973869
0.7005604529244949
0.43951162088415613
0.38833519931401733
0.23750958806129793
0.7020196091619779
0.35953717293399706
0.30174554336354326
0.902439766382413
0.4484841903139469
0.30698686866056196
0.5625429428755939
0.307264525872695
0.06597046606266793
0.46976008967669936
0.7860613557248761
0.6334059902689896
0.8450911284456342
0.39542088580780216
0.6124489813122944
0.49954723458401157
0.3223064787935244
0.16992447464282723
0.8830108365887934
0.19190897522644865
0.4262713176892008
0.7013211618610549
0.7969620838110879
0.7420657788568328
0.02023045042299612
0.6562599391617928
0.7627444280906613
0.36394273569127267
0.5896944502581973
0.8644147971307716
0.23372845285058141
0.5164561435213582
0.4310416236103066
0.6804426652696228
0.006446234115250853
0.3736793421655394
0.7307247058596129
0.1459389648493358
0.7244407229297319
0.7841784939110378
0.4539539337388657
0.6153533358208941
0.7897992274523092
0.6227902685297434
0.90535924508288
0.32463059931594185
0.2737362780406993
0.043682045381028684
0.6293727421611449
0.7432563698178489
0.2883809836189345
0.2994278421723649
0.5797063843896132
0.7623185349409536
0.1322858288749959
0.031587678877506783
0.008016395823336431
0.35741106821172053
0.2818308886389274
0.5227037515398992
0.7010214846271751
0.06183272054506072
0.6580121429888338
0.1371018390044232
0.5293024597020694
0.7350118962890559
0.6355749648396135
0.8228911170182012
0.6109267753144001
0.8992439378872851
0.05233422171697127
0.1266084823428209
0.8263170795098502
0.4018444455639206
0.20433937661968135
0.6780157119293301
0.4825149946113994
0.7765968890323589
0.6757899165352718
0.41126923988514974
0.340126307278133
0.39070862217954805
0.5029523961202425
0.254688730460982
0.6155001063062234
0.525882963993335
0.37885305783990497
0.6405611792909749
0.8891535774014521
0.10582592086406835
0.8816126131643938
0.556709728679624
0.7477119760785577
0.44222771215155204
0.9747300147593363
0.6214276854099415
0.47047086554532674
0.013980194449414262
0.4169859384726651
0.5510272070434654
0.2794612698703485
0.7909447033991848
0.7917044682700197
0.7405782733368741
0.5392643907113892
0.3698068173859596
0.38687706290583657
0.411709308541009
0.5756736173617278
0.0708425579885317
0.2143617031918332
0.7041159740675443
0.4691695005313699
0.7341470466387335
0.6623984521201249
0.5259371541130697
0.9211046055170338
0.23962598647167427
0.6325288693399865
0.8273430901188749
0.22696702407815347
0.8363739461725594
0.5699685419204322
0.8283045778174041
0.7483531119461747
0.3837522924151101
0.6076017608568602
0.09643235224907352
0.027435927014767957
0.8590111576608938
0.47151443579632474
0.6284356911138824
0.6323325274448429
0.3915170784306819
0.1839666421866254
0.15536876741223563
0.506029275067198
0.6761315339107085
0.006457659258016159
0.2340868737790912
0.6292999612201038
0.3078764017012177
0.8251011449998369
0.2643293974313538
0.18978363178216476
0.20565983552742945
0.4645218513843854
0.6719592685418202
0.02498438875361464
0.42828812580192677
0.2360877104166409
0.48588699423653947
0.017963431728066838
0.06898984115157891
0.7455198419550838
0.8578506304896742
0.7267035561676709
0.8854365632999744
0.4801840132440479
0.409186162972799
0.3288347893012785
0.9179730973623635
0.9361415825994783
0.9284357407096901
0.32382746460218786
0.2708804930387406
0.6941024799668597
0.09377401289889332
0.9121774178677501
0.29404932882525064
0.1344181586650284
0.35273528865875337
0.2658708458831909
0.7844011204653112
0.564484734882328
0.6318006404964313
0.8512249917659188
0.14979799627670093
0.8243682454004947
0.5400865275151429
0.10804377822718339
0.8493817756979201
0.9389916946838041
0.6676688890112632
0.7371912885160149
0.5091823237720992
0.08735206878182047
0.6070002140612725
0.15223646571240895
0.8980757229051255
0.1351642688327601
0.3217925742302953
0.2056582007786475
0.43739658158303785
0.5015472545585261
0.22592258884165348
0.8490270160062832
0.279946775963277
0.8624069755307042
0.449051974656024
0.046266218671550445
0.5345686926167702
0.42640603923947523
0.6289261061152498
0.2875701691471169
0.29913706267967466
0.02259082123170701
0.6234005928662818
0.46283165150274413
0.3584981459242998
0.5214644032909931
0.2893155943130387
0.447063844690984
0.2150982844684256
0.028111152681924847
0.3681154644508437
0.33050987390414016
0.4316481334633264
0.844916333125483
0.46030967048048466
0.5903649464619306
0.7215527124960924
0.6532064585805928
0.5832001419087146
0.4051132160376877
0.7186818567104718
0.572498369605512
0.7013320948276243
0.16250413123631632
0.21574782181719646
0.29695813094385876
0.43433081428442805
0.6466427097021062
0.6271664076474794
0.46418131718476574
0.5051104067341677
0.11799218744280793
0.4460963684081747
0.5985630544164006
0.5743235477723774
0.13555834894958296
0.20576284896510086
0.8058942602303749
0.2528850528687903
0.4740001383386674
0.9521486460422539
0.25819392156423
0.4057828900127449
0.6338931190550232
0.5424214555839499
0.5701936974808393
0.2237035681005664
0.5826175982273295
0.3375069330530906
0.7697015407169692
0.056446002418534244
0.730894865139698
0.36500739078822797
0.700459664212402
0.27791535099615056
0.6457260311962832
0.3313142298080087
0.4512333031572328
0.8972521810483437
0.29733901575023436
0.8351246809163552
0.7222061740346991
0.4658947825687819
0.2696373791900925
0.9181077589016289
0.12326523123125965
0.059193834067824885
0.7210375004010368
0.4504953204603524
0.4807143688083458
0.5085252534192846
0.37313718352741754
0.8397132242765282
0.521345265609752
0.23068711299122743
0.4948953848163358
0.2592590404262713
0.32852980440820484
0.3106190274278546
0.7102414153170146
0.12024591930058853
0.9509828159174692
0.04789194116001476
0.3209978553975784
0.4115016948233433
0.5125592775786225
0.41908724919850066
0.07489360306248748
0.6334229642273955
0.506995491741999
0.92266218342868
0.07187770429991351
0.3017188652841649
0.6021505173995316
0.40252706130033256
0.3845066787520712
0.6736570468083203
0.3097191915555662
0.5571251042158526
0.5049630563150199
0.466113090416068
0.33163136209576427
0.40313022174075264
0.207790125024249
0.09966582368694149
0.649580533679473
0.843635848428239
0.8493451708373113
0.12617049168351294
0.5965556324221023
0.47488835720436967
0.6235024544937072
0.6680315273042325
0.22225462039882796
0.3077856837527104
0.4377190337192566
0.1306549193902732
0.8767363100708212
0.8239230938372839
0.6112241101957475
0.7353397002152647
0.6223007704399433
0.33020929167855745
0.3684244343054286
0.8696222017683674
0.3725933488434671
0.22793237030309974
0.7497764187296204
0.4572421336725582
0.1362001168255128
0.6096036946731127
0.35024493877783247
0.3842734723494629
0.36627226623882414
0.7441376076140563
0.7364551924736873
0.7342996892171351
0.8201981982369343
0.6995272895074359
0.672977200840089
0.8839142334472577
0.3337474347595716
0.6125116442544302
0.6365908961880365
0.4586600753078477
0.6302727330204362
0.5971295196322179
0.8287372828795065
0.3360669422483187
0.6247123037607043
0.8209868285272887
0.40316858728910443
0.015412245010163106
0.1602915049811361
0.43671167766461416
0.6065467922235572
0.5640164454261236
0.5345001445077251
0.4470017658783765
0.6561323928208588
0.7104333328212614
0.21990734785188876
0.13185177501791764
0.5538339265830676
0.5406334936021985
0.5092247535217891
0.4418591364572576
0.12745279430178938
0.84175685596757
0.7824152362522183
0.8010221377883697
0.035974650615882
0.2708282026027208
0.30601737538576707
