0.5337112658508502
0.5436932473076165
0.4994049012354657
0.14328499271653564
0.3212972702514111
0.893469181219864
0.4938318898961234
0.408048631808225
0.4613694432109158
0.6997017456034702
0.8891822300525625
0.49138258216935576
0.4173505619381195
0.2706853389457341
0.1434713256529308
0.28560246417421264
0.2361730336915526
0.8313290916450249
0.09034760224863633
0.02807585438991895
0.44563924008059597
0.6713667684030123
0.30098339629750787
0.23629436729448325
0.3676430008054087
0.9030882554927201
0.19772960901208464
0.4273406092739163
0.5738639938350418
0.6379177843613892
0.3063093200797768
0.8716265584099642
0.45540510862922956
0.21390951832080315
0.8560646442839555
0.5900287208265975
0.0825751386914579
0.8554042710942007
0.1695488797983659
0.2442949248082745
0.9081458619895417
0.21288363376302924
0.5697740570693112
0.5809237202671561
0.8167330404136821
0.8088291736530382
0.3731223343979251
0.8877279855240964
0.8977293417132199
0.18337240768682764
0.15451591585968547
0.5398358865031553
0.9425644268523078
0.7164326885944314
0.8765892825670571
0.1747043556710629
0.31156030698856213
0.7062430463662563
0.6972778449418742
0.4533962364346306
0.16697672665175495
0.42349026659011896
0.8875484799583541
0.7228425573818237
0.7337811862161104
0.2456266518929643
0.3657614039491314
0.8151024444347276
0.422042351869676
0.22873951290869565
0.30652818233715523
0.5766740168193326
0.030869799705689868
0.4876467200414596
0.9155746109870408
0.5719680972809119
0.4624284481390152
0.928710837573112
0.7984419634248626
0.48847785882698347
0.9085959281248106
0.5445128542228729
0.703916531644014
0.4903490518083744
0.24227627119640094
0.7235023244395381
0.08787328366071025
0.21765606315865932
0.4197516724317688
0.7068120286126931
0.06836780113637914
0.4969515325481918
0.49602227359951834
0.4136421899736614
0.7800072619928554
0.9162542524318994
0.31539041249299427
0.2612769662472758
0.39523812915767287
0.3118151164410357
0.012049106279803665
0.06451526593482317
0.03276902897864461
0.5517764405136798
0.06860744654120761
0.765357071215023
0.3058613061477892
0.5001743890130966
0.47568450502988047
0.8679686292310135
0.7357121355975831
0.7035952398873975
0.5668664733844732
0.33824490497864373
0.3194836070186039
0.33247950190994335
0.45974693099877595
0.08190935142771649
0.720074770677288
0.04208512789541365
0.4207969370291391
0.3774756396777831
0.8925146906956327
0.5703847998568226
0.35926514051167246
0.46558427064801017
0.250725891315166
0.6114450552413878
0.09315006579036852
0.7672333855580346
0.3591802675376745
0.5105553770787027
0.5418145490713283
0.6843403865389243
0.10679746005707248
0.8696919204926281
0.35973328053728265
0.15611000491995786
0.725781401235276
0.30130387543623127
0.6565721652366038
0.7319829129834848
0.8918241604137923
0.4419216244533084
0.2821508188656397
0.8599446086234341
0.6486004066829719
0.3836614924006412
0.1615421843395449
0.6203357808915295
0.7660900048559044
0.2667348613425707
0.38676015734681857
0.8611045012349118
0.27954729838943615
0.4254230604971285
0.22851246304994477
0.5125666208966443
0.31080348462131413
0.23128951234907041
0.4158281071327297
0.16860237874470513
0.27621841547796927
0.7856881692265419
0.34366035260907574
0.4547500405256689
0.507042893463684
0.617745517061856
0.038772251041423546
0.5910036236919979
0.4814814327706592
0.5712706126336258
0.6306731764453801
0.3968719589405568
0.8116787082672215
0.4863095265672863
0.6199058745635536
0.3291655258526583
0.6834373767284013
0.9181527889067895
0.22228077322010603
0.40827631065888026
0.43539508418718736
0.6942737230425804
0.37935762173802884
0.7808043946744683
0.4211692820498796
0.7339087435836352
0.9038254261054612
0.2996494225363767
0.5028227946061171
0.14120004035554
0.0841397213635365
0.12069334263564362
0.533615771739947
0.6231898517470272
0.17013267397442747
0.15384742793520792
0.4279165711914365
0.5248342292261728
0.23739829879124408
0.6283879928468973
0.9060435964051129
0.4511052408271087
0.6437914099987698
0.7764991217458218
0.2250304645207221
0.3826699392754278
0.2515143064444147
0.3413140663224695
0.2889306700570918
0.8319617011723099
0.7010802017115658
0.2956176560585082
0.917141906014444
0.4756558232395281
0.29929324126807005
0.14502546480523285
0.3462010266954476
0.8144165099662799
0.8689695457865731
0.6039418526069718
0.3122261439203037
0.4756994957321946
0.5751699853145783
0.6106389145644562
0.2306172726860942
0.43410910803249586
0.13584910990494234
0.9080824018593769
0.7095026194068278
0.7330563374045567
0.819725492781965
0.52282903923248
0.8407635631503994
0.4430166517693392
0.6881561802703012
0.011649651072948802
0.17272862261678515
0.3179207251760531
0.6733175386195767
0.4965582199304503
0.6642279103855768
0.14682981096909206
0.006571652712992243
0.8720217175782089
0.6038820563548551
0.10816904547081102
0.5385655440347568
0.6269509588145402
0.4386193658066953
0.8401047205280279
0.09625865175472836
0.540434574880951
0.16725119208082997
0.711878157117337
0.31970126215614786
0.09120544458624263
0.648022895305914
0.8413642795529794
0.3366006898103249
0.2886828672493632
0.2713739830284817
0.8655591359742619
0.7350046120033783
0.5888407358792952
0.8437569182016542
0.056980676616458295
0.14944481803073967
0.17698858651088856
0.3529692975388283
0.7961742689170775
0.4255306309916801
0.4567463215512842
0.09926178661605853
0.8991351995716987
0.23954102777840175
0.4374925388020455
0.322931424728117
0.5377476399368536
0.32633660916395757
0.6661255558452115
0.6163945718855118
0.3187506120394674
0.8355194673089308
0.5154824254927408
0.48484589152927454
0.5121891942805972
0.33399378899126164
0.7872828784603064
0.7806272978508745
0.7286484942211667
0.5090647355848276
0.7922711610478325
0.6531258476568375
0.3552318499298131
0.14150996809189306
0.2196343196206617
0.5093597271557119
0.8898015118090837
0.8993335507930866
0.6074588001984155
0.7204960458806312
0.5192203117969703
0.8653556820570274
0.17229202476591587
0.3889793422090601
0.2395015927413762
0.7653023941055872
0.06576191966155126
0.07346946687401633
0.39432764464975745
0.19794825614954836
0.28117683821066786
0.424374776087192
0.3958625952553001
0.561438829441719
0.22836949103765988
0.5917570472762488
0.6932095636329908
0.2231619739741706
0.5157694611847606
0.34232867748914764
0.6749346266290575
0.17508419803326772
0.9197391589129491
0.14645342695970515
0.21512768695557075
0.47829358675582045
0.2437962764854918
0.11162939389640575
0.6197797841705781
0.8493593020712399
0.4721680765201885
0.36813782715120813
0.5840391770078365
0.4743445568211818
0.6262344634111255
0.7347525172292619
0.21886970385528542
0.5610744785506089
0.7520670798259553
0.6140722662078213
0.26166124128790835
0.4089380729397368
0.30888332751248987
0.6004686324875047
0.9124032352814095
0.40071766215701493
0.3996573033462728
0.8278182491721543
0.6356184870215338
0.23796136358903833
0.4663113981945262
0.4981759625714233
0.3678408336529084
0.4933876577254441
0.5147889728648042
0.5773300604565653
0.7526423292837772
0.8364957726393929
0.585906841635598
0.36075353708622626
0.4681432043231271
0.7182603870930939
0.8793480479233446
0.4175978461592593
0.3688935493084385
0.7172786236092183
0.6714129019313934
0.5887540102698766
0.636018150475349
0.3357265920514109
0.5622916694016364
0.01637558077930563
0.30997054768096727
0.051811715019548836
0.7928938801511461
0.529811256043851
0.19244573912185342
0.7764301025400359
0.48786077290172486
0.7303964015317678
0.918243669514988
0.13271871583565947
0.082423514672474
0.5690515773628976
0.48326658835035047
0.3164015228288719
0.6004921290152918
0.6882117797418773
0.08411521499739705
0.4041195014877844
0.9478939102982133
0.23194399062719337
0.7362317050455743
0.6994106093269624
0.9101663493694664
0.20292941408905904
0.45262614461060335
0.40729402067099424
0.38199829401564517
0.7400145566666361
0.6340882722413719
0.06446891826725847
0.6156150639221774
0.48058943219623795
0.07251290124304943
0.45664119537487274
0.4224429285483133
0.4773863854505417
0.44680167406433474
0.05743771288099719
0.3003833858218189
0.8622220447921862
0.8904359059164192
0.8118057904643926
0.0034304114671099574
0.6358534256990815
0.04774025549946221
0.5458292044690459
0.8433048853882522
0.8517511743487617
0.7391156020665484
0.33865542878091964
0.09620881044323956
0.858381102932524
0.6980997749008874
0.5042170070588885
0.3838849419195463
0.1979758146787286
0.6425368578612158
0.49107091116998425
0.7014690358160658
0.15804075375666546
0.30611817557447973
0.23948950157377005
0.8602332347708579
0.3622786108444703
0.3857349030198522
0.5593742462241595
0.20845437901166433
0.34984240071128564
0.314064644043343
0.1384165950316312
0.8938100741463879
0.1528772449703761
0.24241925842798653
0.7910538398094228
0.6359596317388634
0.9087360777862625
0.7482246498905616
0.535479636813378
0.6086234243411963
0.8862177252753078
0.04309057740066674
0.5156884209216518
0.3406922109915339
0.787947992657897
0.4292735890064755
0.03649082083114297
0.36790383265620114
0.6997119993367076
0.267765779136118
0.8942039737906693
0.5160692406907706
0.35695688512561113
0.0983913577740246
0.42896375442416734
0.6899466334993499
0.7058148403641827
0.46928632947844506
0.79035419620609
0.6430220463513721
0.774460583287441
0.5424474596595819
0.8203787218315238
0.29971449769723896
0.707855151909425
0.7168381331487332
0.7360914226505872
0.7786701647842171
0.6280331011177284
0.5059678290776645
0.37810794769781936
0.7517559423321233
0.5707085624777906
0.7773357488440427
0.42514214283572166
0.3617229681174577
0.4616186069269138
0.6057519293409517
0.4809321083835053
0.7423672644579818
0.3297380844677815
0.35942189830640914
0.061105166842833646
0.22494210348852758
0.7095016637927514
0.7975628260930739
0.264858180190564
0.7703119314094027
0.20934558240491716
0.2452782566472584
0.6555280577872225
0.7207365801541435
0.6306171391650485
0.13767354775533394
0.4608475767930374
0.050750309216863236
0.24113717060784626
0.8279453305741986
0.5628594330146176
0.8878429846173729
0.7494378831448076
0.45969073603564614
0.2796177611951183
0.8666001790076896
0.420240625140512
0.8626672799291426
0.5449454291600454
0.7154757606135993
0.2385290156396884
0.5610812444152905
0.7098263705842973
0.6147425654607509
0.3505375728473033
0.239985697276967
0.8603644845169104
0.6242529415088149
0.8808303149927167
0.23650113558384148
0.5317953655026307
0.28039145554993966
0.7900177713390878
0.21765606315865932
0.6608354693271351
0.4200615501441433
0.34035252196990096
0.16004181928506062
0.544863278607587
0.8608472791091765
0.2065779099814327
0.6552167520483265
0.22523489954677672
0.002672614101093174
0.489986466573822
0.14255310276840885
0.42266765102636383
0.7118628450091599
0.033077321412845015
0.48220073796660373
0.6508847412173848
0.5445391549152319
0.56556017367161
0.20869598948156062
0.20290650749869413
0.19910960292166632
0.4230991870479167
0.68663040586883
0.10035066952053377
0.550180529008944
0.6473291512030371
0.42311519958118915
0.2290291873516969
0.7320485285915982
0.4549583371136937
0.44919361091758486
0.6422498412760042
0.6286051468564138
0.8988843453715624
0.5384978672993816
0.7860919607585849
0.5051089558047874
0.37961776060212404
0.43724468849834297
0.4818731231077857
0.6130560326610353
0.8810587097078955
0.7323102460176797
0.6498689630938574
0.40582908686446084
0.5222821826998394
0.2717773833437737
0.3747176645088135
0.8317665645988602
0.052865131095454855
0.44189973698658397
0.5408341005514691
0.6141010499763048
0.8870782049189128
0.7754409754916305
0.46685541122328544
0.49401055986100484
0.5507415719075927
0.5715551013595055
0.6441431497588477
0.3342846107014625
0.6784571222091594
0.1614928068786133
0.1214961871985321
0.9066967349625455
0.5122130035694104
0.853542536411435
0.8836884447965118
0.2269311007194126
0.37092248864016836
0.5067154421231811
0.14474054200866682
0.6658067755107284
0.6135724035041552
0.90399374756723
0.8574497018802296
0.9328795004474041
0.8732490577902713
0.3383416518258316
0.3954109541642767
0.5398331112717503
0.5445451786763088
0.3117693225807549
0.7200666534033995
0.701333401697455
0.7578317611266862
0.8989356116370611
0.9225809113049378
0.6336182963354857
0.6636099546117741
0.5989794959562039
0.32612007175468105
0.1654211099569136
0.7358062577797966
0.8971657721938028
0.7468208958886398
0.5698561159876621
0.35974266494972956
0.38977784984905833
0.31344173279849175
0.3478989436215463
0.7215457564569872
0.8584234576945173
0.7929133478969936
0.32036833377087687
0.5465871074182099
0.07808567254294481
0.7910394895806183
0.18916182202386841
0.09061819181316985
0.25152824713107774
0.2458927529435295
0.6008559803375588
0.023660240861360714
0.8326734060156502
0.6163735529263009
0.025320324970999706
0.7147783062109742
0.77505610467701
0.38760248983596224
0.7192722166405611
0.6818618385522076
0.34043603970508923
0.7748318297619012
0.46740275047939467
0.4839742336944919
0.6813675229274294
0.6289690989096788
0.0903207493333184
0.1886575290200595
0.27775030479257634
0.5189779170911253
0.5096678845882122
0.6647943564483143
0.5712436638750231
0.16202864497805577
0.11179039399234006
0.7581702025753226
0.21356534123603166
0.906957846497805
0.6680765956946799
0.7091815626739723
0.09683779277288597
0.6154061210898295
0.18763646909479634
0.23821145382329312
0.5897690083179192
0.6680948193310002
0.5722502300888003
0.16665286600149135
0.39289245372700843
0.6643118341610491
0.5459209025290369
0.5953904758879868
0.323094646901167
0.1612361364773616
0.5964111339976251
0.5265146012646179
0.8504989617467215
0.049884762184045674
0.7058329095865806
0.5747057182059734
0.5635765264180902
0.4929845596959006
0.7871787572033397
0.3602501176677506
0.47724831820357827
0.34223725833144175
0.5762477879581267
0.4849476075604584
0.9408142772785956
0.7217514543285345
0.8653525045982159
0.7485654062763613
0.7598454246515776
0.5191785256467818
0.2440524497085382
0.1377834304738599
0.7519935518807244
0.3160270404058851
0.26041846949840314
0.4950263472013929
0.3235089824698527
0.720611323807656
0.41968082364598963
0.3582157076278674
0.5269734209201983
0.817594978214545
0.8344870525737532
0.5201557269383696
0.7889778226933238
0.20542375243007943
0.44531325448490683
0.6028305918892642
0.8097442835908255
0.7065218237488827
0.6706990042667259
0.12446754959141765
0.11395947017253226
0.42734994751677974
0.7116512875233666
0.41321086752436964
0.0885971182083447
0.6002560383259137
0.8371822908681701
0.6624390590834806
0.534990448753623
0.7578282793046508
0.6823910778618082
0.1691029189168049
0.07869972774270506
0.21348070954853715
0.14943018792913146
0.5182313287887482
0.541656391259534
0.8403329979909836
0.8589764602256362
0.019756143731113503
0.7790326679445808
0.3789054632987387
0.36093624669143287
0.6537083076667036
0.575744206844363
0.4495503586259794
0.6495007914725862
0.6238038150158356
0.016439681204888156
0.2912428908452497
0.23571574483887167
0.9066422431541692
0.5590762008815084
0.18115411428205966
0.44979494228000827
0.5810661953158338
0.6740859329972151
0.5126462747551114
0.3970302828974054
0.2978236940523461
0.24381940032256094
0.40731282494739407
0.4791000750269431
0.20748602560986842
0.8169554370474489
0.20239487883851898
0.8003357945284415
0.8744411981922146
0.6283077247753274
0.7678757841182913
0.7618378834478248
0.7470854903474409
0.8568337170994726
0.6067093056147588
0.9189061346854356
0.40284733879955026
0.6793322363776955
0.7242247010524686
0.05780065735002329
0.6118939832964506
0.6444903469458862
0.13426343546610908
0.157283223560444
0.08754589192726143
0.38475424919683554
0.7478527445825214
0.4599611447429127
0.8435595851984031
0.9678808731930061
0.21255688902780132
0.5586601350920274
0.5440129714002582
0.8971998746540977
0.781787137653587
0.24454350779629183
0.6060280202070277
0.16624756624099626
0.427875592684853
0.5462188145184846
0.8112181634773179
0.12805081491711992
0.603494866590861
0.7968545537926561
0.6556081945816903
0.39707081350041684
0.3071109608325147
0.8939140919210027
0.3084832889400315
0.20081483406965556
0.4752025543957266
0.01836368946249238
0.40943383667343675
0.46441675674961796
0.59538963800857
0.6053892082789103
0.8757609480064269
0.6371970804209081
0.3503818358248408
0.6059153906614306
0.7924605335691203
0.6560294896121417
0.28646847011211185
0.7958436527632247
0.1873128026546353
0.7094619487020906
0.6621200788084756
0.046818617044623104
0.14845032375950126
0.5633108114534918
0.4688592280254281
0.7414286691897141
0.5659987705037063
0.2587426181876063
0.34349833968438603
0.1719502617751381
0.06729266273447315
0.4982651177777062
0.9570359824653064
0.9418042388118989
0.3009353470832666
0.39177832808407914
0.7716774153342246
0.7375832250657727
0.41145243446822044
0.8715793102248
0.13017586161546982
0.5856075876011473
0.877687357547417
0.8444368242991381
0.3736124175850487
0.515356904484703
0.6674143213547223
0.9267489643754703
0.4251035718600298
0.052694531010459074
0.30365111274569173
0.5887031690341038
0.2111480962188798
0.9070116410205117
0.3634510970351443
0.18454300803409676
0.11186554006905351
0.4643960600994993
0.120459955461944
0.7230335774777455
0.6868343641322987
0.7342904319187584
0.023427327806293315
0.392307971147722
0.6440512698095221
0.6714735435906306
0.3353093293046387
0.6497683323862189
0.790372070070166
0.13900625382266266
0.26559795788509716
0.6046809161788794
0.23659819029563062
0.27592206128045477
0.4603492284902493
0.6014692153252482
0.7723266700232473
0.3136671516198498
0.7150860227417181
0.5271116462860526
0.5382889094356245
0.6688636967515932
0.19818779772420506
0.00434569049822398
0.7553715540189109
0.4393993887794895
0.5427388383393839
0.797610991348632
0.766037216076772
0.8210928184301064
0.716228033521396
0.6404103302436785
0.9413202737577312
0.43531855325217805
0.5493655984515566
0.7859961214550922
0.4881884336205942
0.6469066194770329
0.38112676272373935
0.47517879898954896
0.6329918163052957
0.6557274275372366
0.3740945766188571
0.5389729280683212
0.6606706253753847
0.4291453781224122
0.8381729389110757
0.380716658822084
0.5179928821748065
0.25634993740956324
0.0641921191463469
0.14293718604617014
0.12617368469891882
0.19706915713593262
0.2872072946407285
0.8070637251555354
0.31462708479310547
0.3810277568576233
0.613273640394876
0.3275395885557291
0.6633614309358494
0.6411126155022925
0.36072436950264936
0.47490082406503187
0.650361570400053
0.9196872011161366
0.48618016882038423
0.4414593848514275
0.7490534728162618
0.8269861092232895
0.5459993378517761
0.6344212680489575
0.3538883638171585
0.7985589737751083
0.674225439288105
0.09315909702882426
0.1524233581945598
0.19616307692042106
0.8961965074758704
0.7408517450428309
0.723140279682018
0.5091757152956631
0.16429656553155433
0.7149961699355821
0.395229338375261
0.5652352308111075
0.08473483258790605
0.8607541708146401
0.49216276200717507
0.7433840592244005
0.7345632096722879
0.21561094914322143
0.4640452462619122
0.6733225927823513
0.290023247085915
0.7470356776569511
0.7356295657402291
0.1643948298363722
0.31127286151151357
0.5040358980187091
0.8911068435782565
0.20365489445936888
0.3086633717316146
0.06526874525332929
0.340590160944046
0.5927213751845326
0.03059829548499281
0.49635111804207677
0.5325594898421403
0.8108615555186487
0.34798662444777095
0.44689418574147177
0.7332883308013866
0.9058386641132162
0.7098046629693914
0.6228614518795537
0.2508319208684231
0.6144281938144635
0.790856999034266
0.7051732127018441
0.3669743333912163
0.5669057387548236
0.4462380058051643
0.36464677798255984
0.6401521415326573
0.6831202430712007
0.23440819653299083
0.14247803132261455
0.7779925695902143
0.330904721688333
0.5034799788877266
0.7624223010672937
0.4432032203045827
0.45438058377739393
0.6866742786785592
0.7984032347030097
0.6085638999711457
0.7794839815925493
0.8071499659398915
0.34724722495252974
0.8896081799280514
0.08783423725603844
0.3559716774812616
0.7335023860329056
0.3295182647932015
0.749448848988122
0.08424336554803868
0.4996636752462711
0.40740674394008053
0.2992025336149373
0.7718883720940073
0.6579106720109602
0.5850920424334026
0.14868253947513807
0.45505767058731644
0.8527642076669049
0.17369541024551818
0.409504758971304
0.4562615252046248
0.34194286739697816
0.5030747094661747
0.3754401995405941
0.5958786174217922
0.7950616059064063
0.4709373549418868
0.2413970240056162
0.4623383813935819
0.224571844570692
0.10863951136329222
0.5215768001191431
0.5368690683513969
0.15766624435513582
0.13350175788654833
0.34106156537732374
0.7276147643118019
0.8553419401256535
0.8228015823338097
0.3700523303847693
0.09671798395513471
0.706560542008621
0.4092894490131459
0.8571666266523406
0.09853016826809258
0.44123942255541926
0.5091226620346558
0.6982919823917736
0.8333904081829189
0.6803897832851916
0.17534701094573799
0.03068458013675216
0.7866969485601345
0.3518414733169787
0.8155869706319002
0.16249271420820308
0.47464729806960315
0.49127385441711874
0.5322323670893254
0.4639676942382354
0.5570127366480726
0.8184109770501014
0.539660513249796
0.5617220495582687
0.13915721179988969
0.43933856329438453
0.6914593383813875
0.9072612438849531
0.2642229754580279
0.515741185686221
0.7375539481961954
0.41171209967575195
0.4516471174202789
0.6482878316556857
0.935814926777195
0.5694815045534289
0.6342770973231453
0.02909361512749535
0.8118337005895274
0.9206931294220732
0.5130242510004652
0.7285858157393158
0.3729064664521767
0.4113563831754007
0.38621724913488825
0.013847627254133516
0.5346785473348569
0.4810996846161098
0.7753833813531136
0.39608553319783335
0.7249387466108839
0.512312327834397
0.27787647911223895
0.7795871790697725
0.3681572926634732
0.675670850142449
0.4607959447651953
0.45161182514837667
0.6256858899962037
0.2340028174140003
0.08402022899926162
0.4953770619173708
0.3015189976268963
0.53782962340904
0.7298133274438422
0.7570757874948035
0.6158856988427301
0.9099868713795799
0.09721164760152473
0.16071533617133948
0.8509035014427127
0.40161112462493204
0.4832868002169579
0.3585827073580666
0.058386742224692346
0.44468430705208417
0.06356735227724411
0.2649589531391457
0.2679352702361664
0.6106797098539714
0.16707595680544285
0.7576607817588854
0.4922652439931662
0.6785767474504412
0.6080740853154547
0.46326382115619913
0.687779740348455
0.8474114573800678
0.8278513609040479
0.2548507292573343
0.5420912694332902
0.055515086537159815
0.23559841182778635
0.4221420128087873
0.19708431581196728
0.8395413190756469
0.3190626387718926
0.6149321707565722
0.36772810538198936
0.8879449846450318
0.4259991624684182
0.5529145785741169
0.7872890374841838
0.06558808612559792
0.15186003170177748
0.5219046934160644
0.8656020546047026
0.582460297165759
0.31138921233994143
0.48382464778524814
0.13241420399544904
0.18769428351527684
0.735524232249104
0.3633541739291133
0.5434570915990142
0.416171704515333
0.1633069162909437
0.4441230417966921
0.7354284284239616
0.39451849373420295
0.5650888277916372
0.5862005765959644
0.321887829529732
0.8637646266572668
0.4896921325746141
0.7345554031474186
0.17309438574743216
0.16726463704676495
0.3372879429594799
0.2035484260046213
0.8893770560715594
0.41024261194529843
0.5969160992726142
0.5016440709155993
0.06386095144956272
0.522182504705115
0.07325224922116381
0.6282840168634368
0.47733564523007666
0.9061871628163415
0.716339819452283
0.9439466419206549
0.924883731052343
0.6029124921672494
0.8598940863572617
0.5909925070423597
0.6814034888530757
0.7088379703737732
0.7442599549875948
0.4455586793392174
0.5978963482536197
0.5985268657116222
0.05664398798726734
0.3040383155333344
0.3923687817040013
0.2799066110931581
0.64431807596845
0.9381828297021463
0.3359814419935439
0.9073908327530754
0.2671413689097365
0.3085670886500158
0.3462310915803477
0.6360373254751133
0.7389892082815052
0.6940515794930697
0.8330450330171784
0.9163981162031652
0.2354333852920438
0.21054038582249485
0.5169964802653522
0.6082771214502408
0.45858568293897556
0.08594536272347693
0.16480682743515318
0.7265682011037857
0.7301949012523357
0.6189268866217299
0.6909115091292541
0.4730892242606521
0.2433813273383032
0.7033772436702911
0.8330679591326401
0.5773167527946393
0.57822172982939
0.6273968842861679
0.0649842213059107
0.16507389276017678
0.617507818773319
0.5576964392204221
0.8277250034016878
0.7932513790807358
0.5510169990782189
0.34432385579571656
0.6908576246672194
0.7072004657118162
0.4702937536952366
0.5778452704206718
0.34848548322967327
0.7226523082046883
0.38326980808543837
0.6740984640979881
0.6083518827164336
0.3263375008990497
0.0019159350112238692
0.015021642091784205
0.5679100211959457
0.01738805282505513
0.7879197499211578
0.663577648432764
0.8162132600622406
0.17530792958021868
0.5756600612587199
0.8058866511210185
0.10063551958179869
0.3505992163242046
0.2769252742410791
0.33131750594171583
0.39249115680073976
0.7722751136530351
0.4471097781870243
0.8230371690756827
0.4739428701542304
0.371229130683041
0.1821494117825405
0.5054516085666164
0.467125668084735
0.17875293673850945
0.5054709362228822
0.7188060907762437
0.021682939048406128
0.5883375684850902
0.5596008016023268
0.409461641749706
0.4295470972641027
0.4341402926007088
0.44264062034871365
0.41353820671615965
0.23270246288467442
0.40983350872906926
0.29122070215792
0.16692238196039552
0.32133737770203624
0.46360717496947745
0.8163704877501489
0.5904392113580207
0.7850458532698693
0.10462941601477628
0.539153681876332
0.5611870912372529
0.8772432731197597
0.8149452157212189
0.30260044950029513
0.25775405742086593
0.1525372837975361
0.30373640577404387
0.3022235999372158
0.08247310401625738
0.3093316312950378
0.560075518616404
0.5023688292770416
0.614859415809305
0.43527298458821195
0.6365726828718944
0.8080943951619695
0.3275599858284044
0.7898815960589686
0.5069626402826817
0.05386054635777125
0.4098885614324256
0.11347147686587215
0.39693196254876384
0.5349853291033966
0.7883469950606041
0.5276818573989173
0.601535657653508
0.26914636058583247
0.20351381736965277
0.6786665273146376
0.8244963043946684
0.502408597231988
0.8346183252324962
0.9364714477705244
0.05712638844500179
0.07277797720911865
0.32342380771149376
0.6323970354285579
0.24892544504740877
0.42456595275705356
0.6138828853660996
0.5735385805589233
0.08238701117280929
0.6417838884443835
0.6423393884148696
0.552156979911639
0.14764858918381493
0.12963951161584006
0.8131737618095617
0.20837806913526266
0.35372795047463046
0.10641276292505977
0.17872862008604296
0.5416690119603748
0.6810578478492306
0.7280099704670977
0.9304900731107371
0.5588226901470226
0.670159133738662
0.5144017734398808
0.5808311384146008
0.7616847718556691
0.444183113237201
0.49425062638182377
0.909400676082691
0.7873085165008235
0.3040020753804876
0.7366838512746215
0.6515055431092234
0.5043048916039027
0.8047882653018975
0.2894369049964335
0.5443081219428213
0.7360982131153826
0.2548294115484503
0.8784290035756871
0.7610712154688003
0.6261153836384191
0.8100842813041761
0.682092531329269
0.795684332007925
0.10606173670227495
0.3469585446893512
0.8062268295435954
0.35502416059119823
0.1145482878124614
0.31020987659492566
0.06384488977952113
0.03764898479503472
0.5172992359403354
0.29506799983163956
0.445806942436138
0.8943812900440568
0.5398279547063105
0.9026947888541483
0.4934948176765333
0.31965459824055276
0.33325255713816493
0.40542700884220784
0.08065965294427971
0.18247725617426738
0.15897936180170147
0.31792408089616253
0.2361626847500765
0.06257538438442381
0.25262188485490217
0.17481791564964877
0.8010616869476067
0.3216237156469898
0.12079371758219129
0.2918501674415345
0.7005477672040781
0.6477624476910047
0.798920243234273
0.3030758072543819
0.8476789606997439
0.018679411943814988
0.39780541860439955
0.6058936257809132
0.43338526860534643
0.03868948812362725
0.04708264928955421
0.24281422861742424
0.4407984466607502
0.11851737133875466
0.39086734698670705
0.7849682118626105
0.685357913585365
0.29653796735294213
0.8884863621707997
0.7160768737849095
0.3437124257258854
0.7417488146315866
0.5960665742469031
0.749143965342514
0.23129346080970503
0.5840866133821973
0.7661458842176893
0.5579005828311551
0.8341521078234628
0.8214878435270448
0.20808894330411706
0.8035394769635009
0.49531509496011583
0.3177836794972957
0.14297004462271126
0.8689697547742603
0.47724831820357827
0.4955648713579354
0.5977352375639748
0.33700819672454424
0.2721451438091804
0.9108683170459481
0.20046109546741453
0.6177612273980474
0.3266704699605915
0.6475489822616651
0.7381119877853413
0.8584863420381544
0.03056151118895806
0.08237597190756765
0.23378663870319086
0.19366579898378655
0.5026842961891004
0.29927100595944484
0.44640152661673443
0.5885512103632287
0.11391948664845863
0.5968685247012581
0.7585581227479316
0.5106959205243526
0.4749653743606988
0.0037301805434057753
0.5073155604772727
0.8488820708822888
0.5715594728481558
0.44070880776128485
0.6985033245105022
0.8165727848269173
0.11760490149106259
0.7013929750903206
0.32977110760087186
0.5744841448888189
0.7973415470886812
0.7044376122949398
0.07277578033597921
0.07306062758086049
0.5058725551743081
0.6730727243166492
0.7518168566999524
0.3307708516478376
0.6776535244168918
0.38736965956620084
0.7663899459138213
0.24898120533790682
0.5677822095048625
0.12810366847561416
0.32670223604809906
0.5456357703786888
0.49516356185662574
0.14458346076800735
0.7516813563633767
0.7104014618328833
0.0694363201198721
0.7199151585855851
0.7161317729994487
0.28705906058311376
0.48249757399433274
0.27219954966712734
0.778900795033756
0.5866524266041137
0.11259844201498646
0.17343494083252142
0.5926147220640007
0.6556608559268674
0.8212593237460487
0.3968529079051647
0.4719880529129536
0.24671834015819602
0.21248058694975716
0.7419263222394219
0.48751755991992324
0.7028907898982844
0.17179952547492738
0.3195009153252044
0.7773959866058493
0.665748162379638
0.5111753676653376
0.4851094004138199
0.746243299395445
0.7983691246154919
0.5367166177960284
0.7920005640851626
0.6499265803938158
0.24621980832695955
0.0719460055735941
0.4768845444420202
0.03394773834845835
0.5358790249731328
0.5151072630407199
0.2827435250835362
0.4547023533449336
0.41065245186592325
0.8470959433225391
0.8015691407149031
0.30900509767224327
0.6349676061567561
0.7540985154677952
0.12239744492259755
0.7003563249748653
0.6156992833594795
0.05720802233958509
0.42326511859603755
0.3557845879198986
0.46235537590292736
0.5486441191249687
0.6271812069079675
0.560635035798292
0.5321663631620958
0.48942384375259995
0.5430638176492599
0.47647766192384494
0.37639355859282325
0.6733550379121158
0.779407552790464
0.09269362274059274
0.35634452548699874
0.6029559052760659
0.2737534539906685
0.8960196913166287
0.439858292490158
0.6730825289577984
0.5936892693582749
0.04305086338155168
0.5436678415915972
0.4585217567551705
0.5877039216208855
0.03872107459742277
0.5768336564199822
0.1692238759496014
0.5969061026554177
0.31033338262937843
0.3030740918537447
0.46651973834628435
0.3547449208507606
0.08448673157110344
0.08116289335994237
0.4365490561373592
0.0754815187593268
0.19468945804543716
0.331696463255528
0.5646157995935288
0.8375106959840039
0.6956015525218969
0.027332282460893524
0.29537947987211693
0.7482851305213578
0.51067259723534
0.644499270827173
0.7799357966995345
0.7489996845965157
0.7224027619600843
0.5279645854666816
0.17635180982805884
0.23042322924317485
0.19970802074904057
0.5543364653096027
0.4605210541565403
0.4046886919940658
0.49568664695314835
0.746803319795434
0.41646662703466253
0.45426315797182293
0.24644658179785267
0.7747104063060395
0.6207396579508719
0.4880935825795704
0.2844057635109384
0.03452701094874719
0.37553383034421944
0.374673049832472
0.3401292946045762
0.29909784154566577
0.7439670390518935
0.3052222551714085
0.49229759202665335
0.9233746436962605
0.43022879588339974
0.7424040099524964
0.7924830979064597
0.32895340507103915
0.3024972750278732
0.6009444228111621
0.046190671919005735
0.441402620336823
0.15785729145144425
0.37667255960258805
0.9310339478072379
0.5333950556216698
0.6543804486459758
0.763056527141064
0.5239927039770198
0.5731833966779051
0.811697899937636
0.518899910822785
0.4571003665053227
0.9483385879622872
0.42039380629601353
0.7433790977791673
0.5493229620216523
0.9198927333638521
0.1708354665909326
0.43904913656264655
0.5215734054858057
0.7298761568449728
0.4015837271705931
0.6359596317388634
0.2336419030165277
0.9535180805394076
0.6291201490890816
0.5748573668270874
0.7929869667391709
0.4639536942855595
0.8596209946464136
0.1425471453178683
0.5481276487683286
0.07300018115610608
0.047823859311009215
0.836744298707926
0.5547989339163963
0.5906692640990882
0.5039264932992813
0.5940419827392912
0.3583647764048081
0.8925713993492583
0.5145537123036396
0.47684881418148134
0.5189022295339375
0.39707081350041684
0.5113883437377538
0.6387694012200914
0.19188999468464324
0.2611560069895147
0.7724354990450155
0.8663559377098642
0.16412483374805706
0.5771280423653399
0.42060981947613435
0.5994689835845824
0.16559401424168796
0.6935500240771362
0.4848541550792687
0.058930261648642214
0.4510372770104727
0.815404996274746
0.6473936323160999
0.3192594649961317
0.5306287177157047
0.8558063284723778
0.21181256210621055
0.7330415433195945
0.2538398730397246
0.6791455077828892
0.5320333550223825
0.2309376750472866
0.2818631996573667
0.6154412882929916
0.28658252040146887
0.634550252574993
0.15587380731096231
0.3602223673569183
0.6169961357874799
0.8449191652783596
0.84629209872424
0.40206223316841844
0.5385523690443617
0.19068317049748887
0.9032272077955039
0.8074391941807675
0.7198686666607353
0.5474603658973819
0.4246797519818446
0.8754972377788284
0.8393673381061012
0.6044694408402758
0.6388708293666923
0.3149665521371656
0.4428942075116752
0.3990437815509731
0.2679294247028524
0.4118999731943189
0.8701520885548428
0.8067993181720261
0.9297432072227984
0.17314225607719175
0.6441760770994562
0.7005960462091103
0.6501828343927883
0.3966321480834023
0.5484898615817627
0.9270858877495552
0.3362092407065016
0.12343194689237812
0.22172582121448037
0.23985522692917055
0.7567501050326189
0.767754811245793
0.4679253414520043
0.32761422648709637
0.360169889627587
0.5904371152404921
0.07930362330250282
0.8727442311520482
0.8849654154176761
0.13516502779754774
0.7480944643366454
0.5815923450156376
0.09222598857239411
0.4396639018780914
0.8830752731939719
0.8707784706820744
0.3150052790347392
0.4788827978536401
0.4475189917839072
0.4259535396074192
0.38591129696556203
0.2841763484845624
0.726361776196443
0.4319691458042697
0.6724779464539598
0.2769252742410791
0.460217781790402
0.29132208041808
0.59109628394355
0.6704896444490214
0.27805438327510523
0.08715704086033271
0.5411643252621571
0.40872023437885063
0.820846338857266
0.8230784837362428
0.46862541699981497
0.6522276727593397
0.392420351996607
0.7441076969294941
0.43192529997591866
0.24924855044151525
0.8685328224786409
0.6042791262312326
0.8681761963103068
0.5347713996393153
0.8597270800253698
0.3640311439312995
0.5266778659080814
0.8060993012346491
0.291827479632181
0.7787004927138496
0.6739938992466035
0.8635128599174726
0.3120187519283553
0.6015221949521287
0.9237057861062413
0.40208773768598643
0.5421082135915469
0.4403493955337519
0.03776021610987613
0.2857753424539733
0.7421628902599089
0.5615557666343869
0.3771393966887405
0.40404011758579744
0.18142768931610495
0.23732505481991237
0.7967713677460274
0.7820493575507844
0.09740545426298412
0.4905162769754157
0.7832066147115566
0.11329470491164456
0.5284125502347953
0.5792598861370803
0.8351106412491929
0.8246655869318334
0.5357437751870321
0.7185749331647311
0.4301100079994859
0.7239995921533836
0.6619978288384832
0.6451271696922537
0.03697596802114024
0.6527510607619069
0.23177617530428316
0.8454477505500179
0.5959177409553755
0.2802559696853883
0.3426387697345359
0.6482743679630049
0.6353336896114161
0.5544194566616272
0.2757998815172911
0.11800167434097474
0.6413180338541292
0.6229965534758005
0.6418395058934434
0.28551729413757587
0.4080057678838738
0.18485120342934733
0.43739600049842103
0.6930984634056261
0.8455997428059773
0.580408730582878
0.911257184730054
0.012799979275169314
0.2733459033300105
0.7267754755125506
0.34600206787143434
0.6825926504446728
0.723835632255964
0.9524031609673953
0.4964029111268563
0.2653548357156189
0.7488326321519032
0.34338647039226083
0.7669744748870179
0.5264535058233266
0.09683364506392132
0.3148662491541372
0.43105412458368336
0.7239256490216694
0.3830213931160491
0.47808623037934894
0.32971242398162026
0.4472602312539727
0.21130230952560178
0.4122680009051493
0.6151971027062927
0.42577963635538935
0.24425304022341687
0.17809642306545376
0.3687455502978805
0.4631923274974264
0.7599270326619219
0.5165712018363032
0.47264901593725256
0.5555971465313729
0.41436473066849144
0.7550808161323751
0.6215102527510441
0.2308916532341889
0.6423216925643893
0.520831210987011
0.7873290078697571
0.461835762356546
0.06350900643322573
0.6752321502234041
0.5135185302380506
0.8686685975072627
0.25320577523748866
0.14798173701095918
0.8574598086954333
0.7700627400482357
0.4830946273070598
0.2936045952931032
0.5073016116483432
0.08681932505635105
0.08554623414949572
0.18479539554764762
0.4347180217452689
0.007931163274549577
0.20975651402888315
0.859304696698915
0.5090966370915102
0.7467237310580059
0.6564186562040408
0.4061039383638489
0.7346712131873387
0.7169891850115973
0.8527422650519019
0.6787047156358795
0.8948507084539601
0.10628964520151259
0.3236857254040582
0.5649006783192881
0.4872801956301437
0.6169857482490606
0.2888154068453199
0.0025399981002706953
0.789637055219969
0.6431364052304791
0.6695819129170405
0.5056057628189942
0.42102099116898656
0.8322244803338016
0.8531893304854037
0.7066001959708784
0.3667629767213468
0.8180934091536339
0.28781547242909755
0.21139520535560136
0.3067303914728788
0.0503866126711603
0.3483405754882477
0.9017540727897281
0.8960270562543631
0.7853615018278197
0.826471925619407
0.13497276605841294
0.03906585913038065
0.34636840626514237
0.7818342032647496
0.30802864096818255
0.2605376454870778
0.6325018166183598
0.7233969137345527
0.44077233792983744
0.6709109581261351
0.0978091170721265
0.08920523874253593
0.09784019557962417
0.244930245987759
0.3703481455314935
0.2833547881606429
0.8932915947675556
0.5821263044958589
0.5312926753419644
0.7396296228172095
0.8839486520893698
0.6932864886063327
0.2475014632919035
0.5426767404437708
0.04323579734854035
0.6955087380565358
0.5637792792827525
0.7164584651415299
0.2128705040578371
0.1936059428516427
0.5234018305602172
0.4035084284866266
0.24637782904595074
0.4417718930720112
0.71201185709738
0.02340406163489219
0.6372832978554696
0.7821720291454932
0.21408278216016532
0.9359465657448587
0.7816877152715509
0.7030336745451166
0.8668240139363743
0.40012495222459316
0.1461584144934501
0.35364310076948585
0.3352147291876754
0.7754936666503165
0.3902698206127322
0.7714052829430621
0.4691429253204934
0.07034481748919015
0.6935500240771362
0.14240447961917202
0.5415808532809328
0.7380294917641065
0.4124841942358311
0.07417403130516986
0.4991550233930608
0.4675378728440268
0.670255911868251
0.9118828556188915
0.37292094533888953
0.33009601970000296
0.3961578547878497
0.508751544639581
0.07191423929762425
0.4525019698737127
0.7271602282274566
0.8948303345663876
0.3326842062840537
0.5819057188736999
0.4737898655544711
0.49728719513444314
0.1334194446231471
0.21931402196930652
0.6536664785464593
0.4109404214445326
0.3066760959333411
0.8823605823248504
0.43573429798166574
0.9243585691007691
0.13182669211897155
0.5003260505309505
0.1423309238853483
0.563400421185375
0.27623089696089903
0.392170713593828
0.5234104121638863
0.544696739275124
0.0020613382965477874
0.3660471742017378
0.40598011726647426
0.673490487632117
0.8832710748067157
0.909257245957278
0.5878847271305703
0.7360755446559992
0.4177369863159127
0.15117613074808595
0.5366255945515297
0.18978860309972206
0.8089836720845627
0.18355727277307127
0.5444095923655301
0.9177684858596501
0.8898480459776328
0.8994413859277332
0.3301542236322011
0.8871506494955897
0.26797904924804683
0.19347944353486127
0.42799495257320674
0.692143133167612
0.8712229322035379
0.724883636860347
0.4061361756668524
0.022826118321329508
0.09843421683095664
0.05967907002193467
0.30315494424174905
0.4896000821122336
0.8848869028735871
0.6056432671761006
0.2541841849952556
0.22645666436906264
0.5903129333087331
0.871019079903889
0.29517638134981916
0.04848665816763204
0.7600899520594442
0.6009100797573715
0.5984001759399887
0.537672454691181
0.7771637980571137
0.48096536609919527
0.5630074032024315
0.3046710804180657
0.42993383226437587
0.12398151384693465
0.4131275873917368
0.7869476907483535
0.5219719567732518
0.657093759904885
0.48537984684188973
0.4895986629337274
0.2757998815172911
0.35062846209592097
0.5147781217129429
0.5091666058382901
0.6657678931914931
0.6111238198199164
0.7955466119519181
0.2506080077116043
0.6876452495589032
0.25204542330641394
0.8049798377912678
0.2133906513990728
0.2956140289952581
0.1785424168425079
0.6864137717884404
0.8288943023506389
0.08661072532698014
0.3531280388626224
0.7177849629621592
0.42730355107469037
0.3995066183268237
0.22789403074564385
0.7003408658394308
0.36022213003248676
0.29654866528493246
0.8977063179856063
0.4465268289704494
0.31090689568551066
0.5534996256274309
0.31852878877188645
0.0609211448313535
0.46913744764829357
0.7756207757315062
0.6327036479706378
0.8417888926820801
0.39704134543339276
0.6106816234506773
0.502986062063829
0.321665994107832
0.17567980136238745
0.8831447679601371
0.18139587675848456
0.43498673381453223
0.6897172991606113
0.7641708546195237
0.7312835105705385
0.016479190510121894
0.6492820545531811
0.7425307958194911
0.3612559837643709
0.5879797783340092
0.8750914978251406
0.22995664963422854
0.5182042032881208
0.4399813387078755
0.6834601299408303
0.0038019688341425937
0.3737172495309977
0.7320654141610069
0.1585747546484104
0.7356004183796149
0.7662466393973029
0.42808207578073537
0.6019415695657956
0.7730457501086574
0.6199665207017282
0.9038773038779964
0.3401194572691061
0.26253279908915145
0.04431230185070302
0.6179657834502666
0.7454878862752483
0.2948798029463654
0.29461294062302096
0.6001698601080474
0.7584774929217988
0.13637023984609692
0.02658857638737377
0.008127364023165166
0.36173892449818507
0.27141628450237526
0.5232438110163645
0.7139587493603342
0.06368583717727101
0.675445641147408
0.13597830232622216
0.52169450716736
0.7542403925393872
0.6252276809008598
0.8098271534253532
0.6139220780596925
0.8978103602336354
0.052865131095454855
0.1262408905569026
0.8027129940526602
0.4053897751763378
0.19624352962118724
0.6828051425291044
0.46714695543159435
0.7744300456290858
0.6678880338725998
0.4190448892949366
0.34191969475433964
0.3997299912005332
0.5062857364588016
0.2538811397207323
0.6158897542335806
0.528573473477588
0.3794988452244738
0.6285794518960293
0.886736604492795
0.10538133009705204
0.8855235747936387
0.573815476209389
0.7455325561945564
0.44642261886226986
0.9732859737802678
0.6127893365143373
0.46805158681967646
0.013326836790742761
0.41304674897092114
0.5571864333370413
0.28626011523261113
0.7823149420312588
0.7922399875850233
0.7318091252781584
0.5217835656050936
0.3586985761721999
0.3792422418126485
0.42017822548850975
0.5645124917901854
0.07277578033597921
0.2134494849916808
0.7046303751216862
0.46187599981387856
0.7390155288599003
0.6635216551631048
0.5051091429847144
0.9229189845355087
0.23319381746467116
0.6435542265484774
0.8224929608109184
0.23221277960305708
0.8350096157742175
0.5536764043509886
0.813351423560322
0.7552724381879878
0.3953721172655288
0.5876824968890658
0.10007360196905479
0.028603697611862343
0.8636624660963276
0.4732490564327981
0.6230072208155656
0.6274618674410496
0.38036263001999543
0.18698936609145433
0.1650872871583159
0.5059561965143828
0.6743114947274674
0.006978173795156905
0.22912948437564204
0.6258067516633489
0.3397313273390536
0.8222411919095843
0.26294529160979097
0.19755239031579225
0.2129223704102955
0.47410712529270754
0.6605030320163046
0.02499580455741217
0.4211690348518233
0.24671273977469255
0.4878187979428185
0.01728573665925624
0.06626570309778089
0.7481361681585902
0.8544874384587168
0.7251683367413846
0.8741671362073418
0.48333913745468116
0.4011823005288671
0.33312512288189
0.9146424494220479
0.936256350568192
0.9206116484152533
0.33113908809004194
0.27521334876080045
0.6799087239988011
0.09337894207550544
0.9182665639315598
0.2933765136762272
0.13278411768978032
0.35582581638425614
0.27888239034103884
0.7736669893477487
0.5830765876255789
0.6243192840393096
0.8480728145837333
0.15549124925644553
0.8215442614325607
0.5393011539341016
0.11537729231234096
0.8418971994978269
0.9403748760875842
0.6721387339618093
0.7369046638944386
0.4645977218483274
0.08865458073265099
0.6115435093257279
0.14853589983879553
0.8997893415594811
0.14759279232900588
0.33671365003977566
0.20011383099700067
0.4296386631270746
0.49570054025537635
0.21843433730287037
0.8475400879945086
0.2795064597761881
0.8557424064722211
0.44637656620546007
0.04759268553803995
0.5430469196170646
0.43151737366027115
0.6346339851158933
0.289660002976418
0.2971491488235359
0.02287784787178003
0.629894393698333
0.45964632114151327
0.3575395923708108
0.5141804407979755
0.2693529439539903
0.42452393514976433
0.21533868481697782
0.025737098471773075
0.36389999783940596
0.321375144172959
0.43777630318262506
0.8444553822186464
0.46131232594529525
0.6113716320604736
0.7249845807681266
0.6387000380155319
0.5877801146275592
0.38225235376178274
0.7194777398060385
0.5696188574571375
0.680856775842551
0.1640861134032537
0.21462169082291566
0.2911808366381273
0.4325257157619128
0.6625433814857147
0.6052278017014631
0.45312070383100905
0.4901682895655872
0.11701776018642625
0.4404858017859805
0.5946577115951213
0.5831171735717027
0.15815718705371598
0.17938866704935585
0.8122202398108819
0.2633050393674288
0.4660949448243053
0.9483091656525796
0.25240379841999067
0.40002731060864655
0.6012909857148183
0.5434528765510561
0.5766050977369568
0.22119027612781123
0.5774909457200695
0.34553331993427083
0.7694121478347251
0.05315949225803479
0.7193032556020171
0.3657857933547357
0.6829979644302325
0.2678908772589883
0.6633186448797406
0.32528225028920915
0.4665263068882881
0.9020162949766012
0.29439414101138517
0.838960296669495
0.7352052066466775
0.48311515950423417
0.256902320375351
0.9256698791944689
0.12764584650978367
0.05840330765977431
0.7037992416706664
0.446277513854122
0.4801313165262771
0.5020713783504027
0.3784635000184982
0.8428274918520516
0.5097556557363107
0.21836653372910292
0.4875910598129778
0.2467526664304352
0.3040648674350202
0.3025359959307395
0.6954913199953271
0.10210713553554436
0.9479492916952191
0.04859755192377582
0.3234207979932312
0.40954154028939854
0.5094659811285288
0.4067011164084438
0.07501240614461553
0.6379231253279334
0.5066912346974725
0.9258086108191576
0.07145859780204018
0.29301905565742664
0.6056696181032695
0.4036564532243142
0.3940139664461051
0.6783107747004408
0.31217598992470263
0.5566595177267466
0.49993922657267936
0.46730770713742
0.3232252095976446
0.39947922637562727
0.20291196907394732
0.09971158504788837
0.655313974063241
0.8354682277002935
0.8420272731451526
0.12718436133212951
0.5946840875897766
0.4801879100389882
0.6160159375891756
0.662973260505681
0.22827394554429173
0.31076813650535895
0.4333539343969508
0.13140612801070387
0.8657812433735645
0.8329678553331589
0.6041308085336156
0.7326354518987369
0.6214860081494815
0.358129168956587
0.3559463092864921
0.882166521912538
0.36617582723293496
0.22915762227632616
0.7524172227210693
0.4430597585394337
0.14306967144019733
0.6077503745100723
0.3547000388556212
0.38212487834556164
0.36685180939843715
0.7387277518559836
0.7463216392475581
0.7339753836113885
0.8256640012021554
0.7060462270341707
0.6704088052619314
0.8727213350005544
0.33500116858228535
0.6138203722603878
0.6364129753150976
0.4648045479721416
0.6590861168867092
0.5880230187089902
0.8245352451241423
0.35068158832605417
0.6075276913632188
0.824044261970914
0.4143126409439119
0.014531008619934846
0.15520834997392172
0.4315371317392177
0.6105345595835527
0.5644403556550814
0.5235586332026695
0.4567670446098968
0.6454135253710537
0.7095016637927514
0.21636210057769717
0.13195820161235858
0.5545461234552499
0.5510889751642912
0.5099935477441965
0.43538587998582867
0.13036429127621285
0.8501608407382081
0.7618475159205247
0.8014576074166142
0.036293937286707136
0.2660782249829761
0.3002036665278747
