0.5299070371024996
0.5382107675030066
0.5036996366601642
0.13101352516425233
0.3317492733083812
0.9016800487869948
0.5115477138677819
0.39502977019564517
0.45096585004337
0.7036686485268516
0.8864716094165711
0.4826899655079225
0.42468757350791236
0.2780238134331894
0.14421887293565708
0.28894585741229106
0.21698416287988642
0.8166607894186826
0.0872175625052925
0.02793672067890651
0.4480147359363934
0.6690132248036181
0.29182473187658947
0.262958622498073
0.3791400120476246
0.8996474335664878
0.1994818621056364
0.4262158383062446
0.5662032062574928
0.6284243801556061
0.3017322326277551
0.8654556274762917
0.46022699967537
0.22219242202404338
0.8508020991230724
0.6035185474364756
0.07909446424743657
0.8696251266982734
0.1491691338562293
0.24053339848532176
0.9125516731031913
0.2071465035861197
0.5718147699952156
0.5941476672350853
0.8199626070002394
0.8037765704024232
0.3678806424934889
0.8923640492037385
0.900286052263703
0.18086938569838606
0.15361961905120217
0.5305623280914425
0.9436093331629564
0.7099056850861668
0.872054380967501
0.189480900711165
0.29662903373961885
0.713465014648723
0.6918111557565001
0.44974273056670494
0.16344315268162074
0.41515269513718145
0.8897636524656913
0.7341247643544588
0.7250605511688886
0.24409667871786933
0.36921211308499796
0.8244196892727598
0.44882682478634406
0.21312101785933654
0.3033975509836259
0.5466514088038196
0.03162195562337978
0.48265332287568535
0.9197824142792675
0.5733592962143208
0.47948578834618494
0.9314374099063574
0.8000422663746223
0.4850177841392262
0.9149163082940067
0.5538150757462484
0.7171541391045771
0.49630184847487946
0.23392116514049935
0.7418384841377912
0.08676264165205788
0.20691863439470673
0.42338830127283544
0.7022120487544221
0.07864349416707372
0.49754801443572894
0.46476725654762074
0.4225791513586004
0.778792169104367
0.9086263280499336
0.32053650049994686
0.2614187735299922
0.3896391404800884
0.3161859153076637
0.01225579452989039
0.06331430562894148
0.036556942193937667
0.5720473801951917
0.06538308469224008
0.7792567858221869
0.3080529918932895
0.4790061542618667
0.48047419433255345
0.87368951011215
0.7430643632616729
0.7115353905740122
0.5616305665634136
0.33838514465969943
0.3125125474972285
0.3316316877868749
0.45682042671831047
0.07619344801745268
0.7184871074925264
0.04530677791941483
0.39932673258152324
0.3740992114662
0.8872243890112869
0.5706762859520559
0.36503730920730026
0.47191358347642104
0.2413972408293381
0.6282982974464366
0.10981341060233919
0.7754320173111674
0.3679884563068584
0.49225253107456923
0.5551924409970718
0.6777455788297531
0.10443426990032142
0.8703200542469375
0.36073470926618534
0.1385254914095596
0.7294584201375097
0.31842179310943175
0.655781921943294
0.7424864686266439
0.8889514480845034
0.44662537489531623
0.290903639687065
0.8582026852062693
0.6371093317805824
0.36947717430214067
0.1577491847098143
0.613060531065579
0.7823884595389312
0.2683037363326838
0.38656065675779155
0.8547736984731117
0.2788533980881
0.4504833803575908
0.2353304849914115
0.508489770130304
0.3094735987862438
0.2368416586712617
0.4157842605923134
0.17496726403776233
0.2766736007772921
0.7796526444214004
0.34288361580937
0.44486515921783853
0.5043502470638286
0.6200983719257739
0.038323588766154756
0.5959586905427419
0.4772349742764073
0.5689182831918517
0.6275888271713983
0.3944570069942842
0.815952881800414
0.4822450503695585
0.617219601546449
0.33626829908966527
0.6914209875838501
0.9176814232380488
0.22659108188214694
0.405730940003421
0.4394760062281321
0.6945320561740678
0.3799224259834528
0.7713035316953474
0.4082676532977397
0.7196774157340325
0.9025711351590807
0.30139341991688706
0.510740006144083
0.15218976496926329
0.08279498424657496
0.11834612900638915
0.5353289207358338
0.6214044866868558
0.16798120159998098
0.14512142493968902
0.4456058120892089
0.5226200287850629
0.23209426684837065
0.6247128553405483
0.903309966804978
0.4244321202619349
0.6471621529167559
0.78032966624375
0.23022366701220073
0.3756560429095189
0.26472955365968853
0.3435049255118358
0.2985275144849348
0.8241830247318909
0.7057405694492334
0.2929454095918084
0.9197661806026589
0.4744810782632781
0.2950722798889901
0.14198749248234332
0.34673523750184093
0.8193233802222065
0.8654852830145225
0.6059687157304768
0.2986150215912533
0.47774951144186056
0.5758712197937127
0.5934927282885992
0.24910541329609429
0.43869728665268365
0.15112794056575657
0.9058288306499479
0.6992677971275385
0.7297439227836543
0.8441215183597087
0.5434173097445465
0.8452840885336087
0.4351232811241998
0.6906718395748266
0.012423736785292346
0.16181805709824004
0.31370063760522426
0.6655715247510954
0.5050349383826993
0.6570494745785751
0.15047083125340802
0.006941516103495214
0.8817455832543191
0.6296126903983918
0.1075048971326263
0.533671708823319
0.6214390101015352
0.4469137293807193
0.8406550508918543
0.09718384266052617
0.5411644344426346
0.16429459563689255
0.7181986965062823
0.315739164272906
0.0855723116086505
0.6623585830732662
0.8365647055922306
0.32310838809055525
0.303356135356622
0.268547344504478
0.8527832550454857
0.7445277115061715
0.5847220343401535
0.8353634697814875
0.059767013997822784
0.14219141090014983
0.17687443185592364
0.34544421656725066
0.7955475094948361
0.4333056098019526
0.4563391600370583
0.10277891770925746
0.8976252370283393
0.25127510854080976
0.4107431576127548
0.32059798041041004
0.5559936602071556
0.32823719270172524
0.6608383570588713
0.6178480823090462
0.31830898829831317
0.8469147423757394
0.4978696482253069
0.4963283739556628
0.5014668061035285
0.3195367276974223
0.7796372855451621
0.7710971514646399
0.7199357004545334
0.5158910782936579
0.7889370834923626
0.6516047993215159
0.3404574914787506
0.15132998599650996
0.21635042522454664
0.513875124002139
0.8899202359729071
0.9048691113496116
0.6010350308261356
0.7277048044842348
0.5238721132139303
0.8609848736035196
0.17459471956992584
0.39902768465940397
0.25285197792815794
0.7746138274511117
0.0645382482404744
0.06335625936333597
0.42070215554652174
0.20968752261010734
0.28744634826480314
0.41763556979455907
0.36285813355145224
0.5766441554443589
0.22531323115565388
0.6002794074803987
0.6901519931139236
0.20521262797520656
0.5086792623531508
0.3356494721377443
0.6685956738124847
0.17912124315465222
0.9243317956500694
0.14859993378367484
0.20678193460460062
0.46924016908400984
0.25788820432849907
0.11279953968767716
0.6364408863034328
0.8595498248067504
0.47832135405029275
0.38344206331999325
0.5623731366355571
0.48940317798706623
0.6185151699361978
0.7633580394677211
0.23398631082616145
0.5594145300206035
0.749322008054321
0.6081898902232646
0.2739089961637808
0.3995275706068689
0.31130853596733066
0.595926242124489
0.9108887758933338
0.39186787563468206
0.40971779063668035
0.8425735539397768
0.6408737142650534
0.24460328715107457
0.4663331479052626
0.5141804422992979
0.3651883010211758
0.5080214854058779
0.5199931478959813
0.5913688072093111
0.7571911643971165
0.8457136246362578
0.5823636461634633
0.3759133346107562
0.4570507115598787
0.7214209588258914
0.8785795209628846
0.42001217893086507
0.36654501949934015
0.7235630804394494
0.6742335236712682
0.5908900051348112
0.6301923644121227
0.3437751588336125
0.5591633533973477
0.016157250454563246
0.3076311446644844
0.05194483718363633
0.7682803035417494
0.5542949711035713
0.18841812917981565
0.7813861126867157
0.4863821564895027
0.7274323023354831
0.9216271681246604
0.139198223689885
0.08390599332058798
0.5624246979206091
0.48010098560836356
0.3188829611453493
0.5879458044414161
0.6740847334618227
0.09530918905387159
0.39735648108560806
0.9550412814730158
0.24757414902204905
0.7266005065699496
0.6941216265609232
0.8980808178125954
0.19338391682811687
0.43603423988184176
0.40698314667345237
0.38504081716957367
0.7481223376829788
0.636745971522438
0.07475331698634166
0.6102930939310472
0.46147789996840854
0.07071478245321457
0.44914468372527155
0.43495866747799583
0.47102750453108055
0.4525059774127003
0.05432826870458378
0.29188849918362536
0.8675206741648507
0.8866222299134935
0.8144746491500598
0.005687414105863682
0.6328721026267176
0.05318114480885987
0.5475746934311639
0.8521703523746994
0.8444285024437252
0.738338092038934
0.33151565447031894
0.09439765871049643
0.866166063261813
0.7029062566439165
0.5115314239686503
0.37516374877631886
0.1951076552419242
0.6629675688886125
0.49443091683871804
0.7027469359759756
0.15906664505049775
0.29808806628737705
0.24106176973985388
0.8664340679415875
0.3829695103066355
0.38942988932232353
0.5462679881394079
0.21761228383989892
0.34487872257387286
0.30892991594739794
0.13422716161773737
0.897853420551753
0.152761482888276
0.22458879299011597
0.7792013694293918
0.6402864850875654
0.910438389582357
0.7510120714518502
0.5142999927811083
0.6112640773996623
0.8846437191535599
0.042378288433299376
0.5165147760502113
0.3480399045427248
0.7815454549232251
0.42875879737913797
0.038406668327284885
0.3587104850009376
0.6832435615821053
0.27216005694614376
0.9089358195993488
0.5157997787204631
0.35749372218760217
0.09317364238720328
0.42899881505133136
0.6821476364566847
0.7166879754681997
0.4617041701735613
0.7855290588144582
0.6396510358131619
0.7813384850429033
0.5297944180956179
0.829812036665074
0.30053077510983345
0.7035048553566325
0.726825516348908
0.7181903518416631
0.7644341354670223
0.6326501341304352
0.5171748440535596
0.3921578699149712
0.7493724211165783
0.5677783715736558
0.778157270103193
0.41571096033546395
0.3629507568322612
0.4650144038171485
0.5981590851563908
0.47484792134802123
0.7494693115019175
0.33032082759289694
0.350979437210251
0.06030024946775227
0.22918992532830335
0.7208950106672363
0.7923329402237904
0.25367929838743725
0.7780221878343587
0.21190455364375582
0.2434282653069415
0.6629568219989469
0.7355747003632227
0.6245280874423783
0.13905598403699632
0.463437767241732
0.05425934745823802
0.23989115290304625
0.8324730009160239
0.5662050781204819
0.8872652371223547
0.7560849074102816
0.4529123818142389
0.2748365471013118
0.8701326073464457
0.411109841370966
0.8581275888923965
0.5279066515114305
0.6949656294697186
0.24014201436630153
0.565010481650694
0.7024519975820023
0.6180503252736808
0.3531149426172082
0.24296677009862058
0.8680360976054675
0.6360172477428166
0.8820426520721051
0.22747599923102976
0.5264757803296899
0.27675887361659407
0.7818385040353437
0.20691863439470673
0.650568218758102
0.4371838923866126
0.3368071222563093
0.16722276664928024
0.5405543918190426
0.8701009221970775
0.21162082244102032
0.6541841355054411
0.2244996100184916
0.00195618891341633
0.4808213349256473
0.13999226874662657
0.4288274415614773
0.7200636604907448
0.03860780523939177
0.49028986244157285
0.6576799575559995
0.5508471571495271
0.5785819281535444
0.21805157093999403
0.21167242362905883
0.20618030133606557
0.4065494758320637
0.6840876874743053
0.0999249481798018
0.5424925278117009
0.6523844680794784
0.43406966296890737
0.22866527239932755
0.7278456067570792
0.476109517107808
0.4448633829625193
0.652016010824185
0.6250890284372481
0.8876592406161811
0.5118776022092277
0.7919715551980656
0.5208185755167175
0.3765983844735992
0.44195079001458176
0.4733366092323377
0.620593476087884
0.8700399583408405
0.7309440828475458
0.6634714510322275
0.4034240223033014
0.5688646523308328
0.2563290876519913
0.36936971201050706
0.8408684459542919
0.05271304429823406
0.4274528649978757
0.5499445792204432
0.606990561437424
0.8880504720838251
0.7844871553925231
0.4414011070247137
0.5172901472592738
0.5540554753076256
0.5744030647757851
0.6404366779254246
0.3363879645652663
0.6658259847497718
0.16259370373747342
0.13012915002397257
0.9084553551127874
0.511515428975994
0.8564586250717656
0.8902412050124136
0.23335696429090835
0.36533955117964373
0.5049007838706602
0.15335536914138317
0.6498137802880793
0.6214628336521911
0.9022396969799288
0.8587003154199083
0.9376676831579777
0.8787243260157522
0.3430505425722712
0.38627590209459206
0.5239233870814438
0.6110384490533057
0.31977621287545327
0.7384066236029035
0.7023706590359006
0.7338228544088407
0.8939435491268884
0.9201409672445151
0.6508034466968635
0.6618673499540585
0.5885553585716091
0.3119205937323413
0.16231438608239102
0.7430278459229309
0.8850419127557172
0.7489831752830064
0.5706796654064966
0.3467282434520306
0.3906513838179156
0.3140582844068572
0.3516131634223101
0.7250161705840592
0.863021836512331
0.7839277413010112
0.34025811283493146
0.5596331932852371
0.07649706378260555
0.8014716291473999
0.20526369266147182
0.09513380413796
0.25163107153250325
0.25024874978009287
0.5813949522379586
0.02654488779121472
0.8390194725465043
0.6216550641297981
0.02579384759701725
0.7304564169286434
0.7819702031396814
0.39213404925434703
0.7217199947860187
0.7006937056986464
0.33083830754918125
0.7695962827760221
0.4684672326608489
0.4814519514789295
0.6874119172340492
0.6597507205566845
0.09042960971219528
0.18986910155419584
0.2905951048761703
0.515485167908014
0.5123230094380088
0.6624307577581985
0.5625386520300506
0.16646821622198518
0.1238214133989231
0.7760351663682299
0.20583672135631612
0.9069539713137821
0.6854816635075087
0.7316082954676307
0.09054589951241664
0.6037900954727321
0.1970032902733461
0.2702679346023401
0.5799484963844884
0.660728493443358
0.5658292422726992
0.17555977974497242
0.4043540107283503
0.6648683222806103
0.5337883992328549
0.5848082430184961
0.3257819822954903
0.16188585452240015
0.5877896556182707
0.5293017231683682
0.8554183928672348
0.05052306731883156
0.7051150203097253
0.5433309588104183
0.5815753219213864
0.4950773214804699
0.7826547394923892
0.3467666270509498
0.484870816106042
0.340361490445103
0.5593833244354919
0.49033888264817965
0.9404665107936317
0.7300761266258765
0.8789474656613486
0.75027864430728
0.7684133745475696
0.48376840689591566
0.22012549755483798
0.14141596331830406
0.7510977692032974
0.31405367188606337
0.26404636330754266
0.5021265378859554
0.3211539982597673
0.7063027515398524
0.44896161279923985
0.3518800750456293
0.5323536989966686
0.8226718754961306
0.8326331559501038
0.5279599767304615
0.8074657803477766
0.2030980775181016
0.4511995533238434
0.5848484298054089
0.7940592383883481
0.7098664553360899
0.6688365123525744
0.12056064283844115
0.10651786617104629
0.4280031400848864
0.7032585239953306
0.4072836093613979
0.07666179605445661
0.5889662286096276
0.8390968866272885
0.6535885269504806
0.5164772069383236
0.7609981109738392
0.6845109140568105
0.16139965408107368
0.08029352665512132
0.22053145220134673
0.1499801123581658
0.5207833398355284
0.5550423136042548
0.8405986267931098
0.8565516770016235
0.02176201025210196
0.7727046552745891
0.3859866558826427
0.3656052049832819
0.6574969422538947
0.5781081136183831
0.45433481147480675
0.6388089207222918
0.6276694951994541
0.01674903837798194
0.2901673740244445
0.22856272866173236
0.9136177245919077
0.5589558976932767
0.179719895284513
0.4419789978884688
0.602400843152977
0.6806855581741049
0.5077169722626822
0.396240239944658
0.28964534884147247
0.23090252272225117
0.42346171574460834
0.4801989235646934
0.2003733590708532
0.8116765258244472
0.19530368956519417
0.8008121360264173
0.8798790199320512
0.6315088176526703
0.7660460629235768
0.7464515976859296
0.7393241356637685
0.867934407669212
0.619431683608711
0.9283787065949358
0.4065101086453998
0.6846458338370204
0.7161104110399041
0.06271952055761877
0.612048258214044
0.6385854439484614
0.142151205382829
0.18329798786188725
0.09930262721896618
0.3900338603188703
0.744180522802721
0.44981595975558863
0.8437728259564823
0.9723879766559704
0.19403271182692106
0.573040259621193
0.5522539014026656
0.8996443012294603
0.7807359188087586
0.25044908450637804
0.6177320303982231
0.1723205242659113
0.4165778912799705
0.5502037372378777
0.8183102026795787
0.12803863838050827
0.6066061453724485
0.8012777932032615
0.6684748030733815
0.3889946100325915
0.3184664929961144
0.8929952874908601
0.31349216806211105
0.19733361316805403
0.4641395551841078
0.018136665369452378
0.40823887955824295
0.4704039768755745
0.6057955184978209
0.5961557504184752
0.8749056959551712
0.6443482692864925
0.3499862208208035
0.6081084462339834
0.7809894139088581
0.66217684401643
0.2873812977596551
0.7903311526147537
0.18480580742246075
0.712408747067335
0.6866073515595682
0.0422144310217247
0.15863931697805123
0.5348475878846858
0.48474346209668734
0.7286972527324768
0.5661209568818103
0.25913172906113113
0.3376177261195196
0.17724229634452116
0.06700576069571172
0.4993213811446631
0.9597032296563793
0.9401750851177049
0.32046273672202014
0.3983985576502701
0.7599762772446204
0.7449375434160392
0.4057087829257074
0.8743090260898806
0.12174248747908373
0.5807386845733327
0.8721677756806857
0.8303602871935608
0.3774609771792285
0.5253564159159971
0.6653943911620128
0.9308548921701519
0.4218330011634695
0.05208917121519944
0.3012440384898259
0.6082026403841502
0.1979085117773837
0.9071775943559208
0.3530934019498632
0.19305497954317796
0.11550993153130547
0.44875374525009476
0.12012229871991291
0.7240795724665063
0.6895905109007983
0.7401953693541969
0.026774233611191193
0.384263961732886
0.6581510933998362
0.6660853982872855
0.3329861576577399
0.6352601472277425
0.7866171721290212
0.1430918459847364
0.26948905195199246
0.5986852174600881
0.22141143818685807
0.28124549085166695
0.47500030037987345
0.5949992218802278
0.7760522179991587
0.3228942889849923
0.7169750328998841
0.5173913256944604
0.5209224421059248
0.6546411649759052
0.21230271984299726
0.0042169497523333556
0.7606033031227504
0.441276928104721
0.5560260924988952
0.798488010948816
0.7702277399951423
0.824022023170481
0.7218957226381814
0.6408817789446543
0.9385435625616447
0.44977560119869264
0.5553366542829401
0.7928693227846069
0.48213443668830935
0.6360237687475935
0.3757969730883574
0.45582840237187067
0.64012518617467
0.6575564806493672
0.38424656552169084
0.558632309035109
0.668691555795645
0.4284792695907925
0.8313814170391818
0.3801054226229728
0.5175576289645332
0.2579261523690884
0.06834323118329694
0.13171924987622655
0.1295810803923563
0.19895729756351843
0.28072541048728705
0.820272191967157
0.33215930230606566
0.3736849771885646
0.6069751209308933
0.3265189284120884
0.6755786116619392
0.6475023326612316
0.36092336345644555
0.4787350959293938
0.6668551083095855
0.9072679373878236
0.48324005115614266
0.4302296375282923
0.7493708031637455
0.8189785700204764
0.5529666397974778
0.6512762985789694
0.36274406622983374
0.801351577261131
0.6791050857755445
0.09180401941730262
0.15850565668675562
0.19004817313105668
0.8792201041155855
0.7609678994407887
0.7247135194365816
0.5225393442949006
0.15934282537757566
0.7080091413490376
0.399024103490241
0.5596186786596242
0.07694546426497101
0.8643580993977756
0.4952704172242018
0.7522566994112084
0.7375532982725783
0.2206488486498265
0.48261798913358894
0.666174730818376
0.28553069330082764
0.7324943799534671
0.7405848745400792
0.1595940295293105
0.32538478079937816
0.4863301674308505
0.896292394259663
0.2072077674551266
0.32337878115366897
0.06860499510735098
0.34448871151119387
0.5997645372279717
0.03173896456405525
0.5000049958297085
0.5199941151835124
0.8128998787379152
0.3502973933392656
0.46786956643775973
0.71184530651667
0.9123263826757114
0.7110919714966785
0.6319697465793919
0.2405733823861571
0.6199570486830087
0.7923235308906783
0.7407400619182339
0.3745006231447438
0.5736002368145846
0.44286694370353086
0.3609668844423262
0.6441956929383645
0.6860107408218951
0.23890372002436341
0.14197250691502705
0.7678795377546743
0.34565535897554084
0.506605421594933
0.7693998724996012
0.4376059575120204
0.4571805813474633
0.6650102483581037
0.7999253533589024
0.6093753909087118
0.7604025872574793
0.8050946317243022
0.3398686841084947
0.8841867760754956
0.08679570697564404
0.3498265710163156
0.7256051942683698
0.33828006556317464
0.7316879063417224
0.08147567088361678
0.5133106538698914
0.39899480009147165
0.30957638988134323
0.7694329946410299
0.6439390551376691
0.5814838802759471
0.150016745550264
0.4482091291999683
0.8490697159630936
0.16762301761764525
0.4126352775166212
0.4491993604931653
0.34587422813175933
0.49789547749799246
0.3594594443347222
0.5932492186397564
0.8033197239546397
0.47106062159407386
0.24221488420406648
0.46055372783427273
0.23637981712308573
0.10443717493526537
0.5184631732721344
0.5392802300489599
0.16478283885718012
0.11548556339631699
0.3235027710482757
0.7331755289106303
0.8578289205457558
0.8378674822641187
0.37199258786740164
0.08862372510606234
0.7137295939322176
0.3947103693269544
0.8666164653015959
0.10035209447076923
0.44650994391855253
0.5039015622878061
0.7003917343436201
0.8436912672604137
0.6693283699909225
0.17991815142837447
0.03080857933989984
0.7707090895891457
0.34564088311965774
0.8191503230883114
0.1559744106538455
0.4673616059047344
0.4886533399829508
0.5373947313594053
0.4562550861771286
0.5384397574097632
0.8181122234499676
0.5287238923307842
0.5477291849887861
0.14393678087442952
0.4154851613244346
0.6806577467304527
0.9073375778064942
0.259076054079074
0.5065852597624644
0.7435445146886689
0.4004713906017882
0.4504583153289613
0.6486163050204073
0.9378877372256337
0.5615964947797585
0.6342551631926525
0.02861858748509729
0.8145962993624061
0.9235581097848711
0.4852897885589003
0.7315196493620479
0.3631871505150636
0.38770290571678145
0.3914441791715467
0.01530381930384757
0.5353057001005602
0.4801169136553424
0.7544527225689658
0.3893616181031994
0.725376718514912
0.5103023614009381
0.2834890519001273
0.782452943310128
0.3656039723035055
0.6670748660820873
0.47042151303346896
0.4538117560911179
0.6370795942426722
0.2297258628584886
0.08080030952945864
0.5125490056229512
0.30497681664083004
0.5179976160471493
0.7360198873493579
0.7331967673944214
0.6296742572841216
0.9126642562535241
0.09614912764807132
0.1597273690699434
0.8518725457679797
0.40572170753232023
0.4866822185156635
0.35941188057847484
0.0608516553423688
0.46442767072056657
0.06340935965044452
0.25710238008002123
0.26809236888220256
0.6126443932063431
0.17011076022775046
0.7467615546314644
0.500287640061375
0.6670964764126578
0.6071533212965015
0.45821247739693266
0.6893078137885017
0.8547016430403622
0.8232815669375492
0.2551177311751576
0.5653237442437758
0.05475910895048949
0.23079721553085364
0.409503805567909
0.19920232938908694
0.8323541138551696
0.3208140407171467
0.6250569381977238
0.34438734681513533
0.8882112231729378
0.4276244179548756
0.5427084601092387
0.7861648613971218
0.06963231031873843
0.15544473597687689
0.5102173350473285
0.8692224167070963
0.5872971696981141
0.3008234565051232
0.4899854703852963
0.13114906865892267
0.1978610518918514
0.7472879637346648
0.3795237672953464
0.5373661675259184
0.4176233200258045
0.16516783663050158
0.44623092696865835
0.7232086962878633
0.39411809450282465
0.5865724932875764
0.5770642385286823
0.30845964544393384
0.8699489561035556
0.4846712201592987
0.7220232436362544
0.1798840831716728
0.16777061925370185
0.3387226989683149
0.20477378397234955
0.879703038057906
0.3912321767593247
0.5911519969009003
0.5094155226354612
0.06175734319090894
0.5160653084588713
0.07233124494590037
0.6330038927553825
0.4741096303141469
0.8966771044703602
0.7230667441729717
0.9464402914128884
0.925395883387177
0.6141679428392778
0.8652297620946251
0.5910642810303989
0.6874436254058881
0.7123555932837475
0.7383399309303382
0.4496665240741672
0.5768357104751073
0.5909538123076687
0.052572931670485046
0.309278640644518
0.3932710968395291
0.2868315707018564
0.6439479676625823
0.9356510729404658
0.33222967373660545
0.9075115773862191
0.28102261334232903
0.3091831659862889
0.3326086848891497
0.6408467668174072
0.728895384891435
0.7000803820813057
0.8339229943337153
0.9264555236511343
0.22846935573859103
0.2067745552941071
0.5289729008863591
0.6316198204049175
0.4697008251770877
0.0874253902610633
0.17022686805307763
0.7320862232399292
0.7210185906067086
0.6064896894792678
0.6837633499778275
0.46377879837392993
0.24561244776867927
0.6954716713777082
0.8329806052177657
0.5818625607501312
0.5637519581910956
0.6062338946584822
0.060555147922662984
0.16514821675882113
0.6060936726806658
0.5342860452068906
0.825601663152408
0.7872376373906065
0.5414253464325195
0.34248187354163045
0.6964654411613028
0.693767251484999
0.4496367176775948
0.5617555981007917
0.3513005283249223
0.7350823615356
0.3874030965014035
0.6480751565026259
0.6194682062344268
0.32895993301510484
0.002052623085183135
0.02241796107208212
0.5577713415530555
0.017572799034000483
0.7675468676210826
0.6677684344630349
0.8052477769342414
0.16225752103252147
0.6040367972928289
0.779681139525916
0.10279818398192897
0.3548397799685325
0.2747938463673277
0.33258080036640153
0.38881446396951913
0.7776861792711952
0.46252105851781083
0.8233335178969725
0.4804362513993589
0.3709194695309436
0.17846250297457494
0.5191542675268643
0.46978180876040543
0.17986854002267294
0.5079518611111158
0.7451260326217153
0.02140995447320394
0.5926100847532535
0.5568657381779426
0.41619085904471537
0.42628025474579945
0.43203055813927127
0.45185363196973294
0.4224447822477834
0.23755458096430027
0.4186870401188875
0.2866221324703125
0.16176729635166132
0.3372088498156286
0.46585605935726243
0.807807025775811
0.580864101541764
0.7666442691778724
0.10140660367446659
0.537422205355514
0.5533523957460309
0.8816412976868135
0.8152902948303982
0.3029321372486623
0.24745049348673065
0.15310872993724772
0.30407916280001357
0.29582348958504756
0.08491523541496025
0.29317102379773236
0.5684071696298806
0.5023730251173146
0.6228849422958005
0.44979344192971216
0.6364352176660361
0.8138498517537307
0.37068282316773926
0.8000475518961551
0.5114713002275965
0.053049358292312616
0.411250084198548
0.1105658158416194
0.39331499146152
0.5293958386632862
0.7868520929362559
0.5465700707408422
0.5947702873379614
0.2740715288491383
0.1994568028654654
0.6683520583591429
0.8300012882632195
0.5152877161698644
0.8264225930516638
0.9402655175922077
0.05987904973618734
0.06994175196947047
0.3048738579098278
0.6271757723891969
0.25071178608890904
0.4184369265745984
0.6138748280990165
0.5542282400112586
0.08413187297147343
0.6246342649670913
0.6468258466243609
0.5585339045367212
0.14614629113861616
0.12656453842253373
0.8027067518736324
0.206291743869897
0.3425972020428224
0.10841513460648074
0.17200838738515434
0.5395586043209176
0.6972264766695053
0.7126357458300244
0.93496451566981
0.5534238264302227
0.6619880940950944
0.5029384958406709
0.5812978560716591
0.7771917167344722
0.44958812379266533
0.5011673723196717
0.9088638209061255
0.785617424135467
0.3059975128264825
0.7521204096312734
0.6542392964304659
0.516003922538411
0.7977859207689441
0.28702146229956466
0.5325847387326712
0.7380450283501157
0.2617452151614112
0.8707191237180342
0.7662508140742642
0.6342055552420686
0.8194337074897918
0.6954972007733002
0.8061854877292146
0.11077800491992217
0.34266933657886806
0.7939310436133569
0.3641214790576763
0.11586804584375437
0.3147418208043431
0.060204681256186054
0.03791636058531057
0.5196772805686132
0.2848854569882084
0.4351105157407866
0.8849446589355036
0.5320719673766005
0.9000011821369829
0.4926650176923
0.3094324546551328
0.31824935907420027
0.43203711650129784
0.08062467071785703
0.17872470486874423
0.16144220239040952
0.3004530827095971
0.2412476653959381
0.06311560631362818
0.25121307109937224
0.17392121406673244
0.8086654051618459
0.3068447540572176
0.11596775530763388
0.2840141542441959
0.6809353367311489
0.6456043435808921
0.8101177004668139
0.30157515985814387
0.8487418006983083
0.01864107691952589
0.4039150991445072
0.602555691796615
0.43255105447719755
0.04144101472384637
0.0455678386794967
0.24812873157321072
0.4456348059981207
0.12382387740560241
0.3981873997189961
0.7660531792951344
0.6985234031050457
0.2953861591561898
0.8902201453649259
0.7330840783675282
0.3411257258313863
0.7333434959488764
0.5771617386137918
0.7462790524230233
0.22574862544448138
0.5901668076629158
0.7725017270808636
0.5765434604814507
0.8272030545853029
0.8137893048713252
0.20342229884674262
0.7915415320217942
0.49876002289971494
0.3098642391623657
0.14456320842280124
0.8693995506305984
0.484870816106042
0.48516861581807064
0.6014880404635592
0.33252493712253295
0.2736606152918888
0.9077858028527701
0.21948220938356536
0.6299822338863031
0.3260039433035734
0.6259721257781843
0.7290093752567148
0.8610181323958146
0.030029853463744555
0.08096676817022049
0.2275464737880207
0.18704730220390256
0.4908004990632823
0.3041563283027718
0.44587473004779643
0.5811075253750587
0.11468419078888806
0.5865740084068618
0.7646243755366706
0.5161576355595265
0.49085039920654194
0.004623355877650797
0.5246409030613016
0.8404423087009611
0.5650795850908964
0.4371792949636001
0.687237709061749
0.8209046725112701
0.12022838034292646
0.6996884702520313
0.35732317231946975
0.5933016323939476
0.8037674820392767
0.6941501344048224
0.0724072732993069
0.07870403242669421
0.48893503528970667
0.6804675181607301
0.7486833319708445
0.32253937557516144
0.664758238380398
0.38000141140584387
0.7639166706963912
0.24034037850748977
0.5626773466182723
0.1285841414938759
0.322271068540459
0.5513881096860899
0.5125234170040129
0.13550598962711938
0.7503451705811728
0.7029798715658867
0.06507045340410592
0.7239145585344192
0.7266014481803909
0.28390191410992993
0.47554641345877324
0.27002577562529156
0.771532736073778
0.55929539734499
0.11395604675927444
0.18453855185603435
0.583639382722246
0.6497811177892092
0.8286990421047866
0.39871795856173814
0.4591808287612072
0.24723482847737152
0.20663138611861315
0.7365289744923607
0.4885293430054507
0.7060131598049049
0.16323092301718115
0.3231782599057529
0.791636302657421
0.6660990539304863
0.508816632079694
0.48850679047053974
0.7348912666460286
0.8048939033396293
0.5264330590411137
0.7949922309531132
0.6643298314679437
0.24397556360363729
0.06941303035368668
0.4802235264222713
0.03380133187421336
0.5304600192917347
0.52806808432993
0.2847270308869186
0.45402083341471833
0.4115192508762707
0.8433592705283733
0.8078713431470246
0.307378553193705
0.6370689569115181
0.7548530400139623
0.12482860838483817
0.6959464100926523
0.6089132302417607
0.054819029379783404
0.4209539165968384
0.3393078279491635
0.4621176067382395
0.5465831240559954
0.6357874666469653
0.5743838031162526
0.5369897426486191
0.487881517399243
0.5362640359415014
0.48664891569578983
0.3881678046924457
0.6684155004198673
0.7826865758784196
0.09226637844072101
0.3540165176965964
0.6127620354780792
0.2636550125990625
0.8927930075666495
0.4644168524237158
0.6585921798283043
0.5892526260482818
0.03428986618407806
0.5443429640069635
0.44381846849327544
0.5986612557963715
0.0389794817222179
0.5813843320908266
0.17763935517564272
0.6032757448207666
0.31321048454775463
0.29976900437379045
0.45873241889247385
0.38016792482759165
0.08987736885714213
0.07705398591413619
0.4265643593663484
0.08583959876012703
0.19268699147131405
0.34615645559891395
0.5884941008236254
0.8360274367918377
0.7158015750083916
0.027987230746738468
0.29729161658442993
0.746050278375022
0.5063508201202855
0.6506572830250518
0.7673013526563499
0.7477581058331693
0.7218093868556812
0.5256280670421947
0.1779071276977713
0.23329871060008445
0.19628917622681646
0.5446277011373533
0.4560917011713688
0.40333313069362287
0.48854262139093446
0.7490933759460954
0.4273269218535237
0.464586204492222
0.24932756591593233
0.7716293747506259
0.6281593748172399
0.48416873544173994
0.29886887475456964
0.033505377392591545
0.38251210690473103
0.36401768819532254
0.33796736910594466
0.29718872017054565
0.7332829183277048
0.3107215042951309
0.5088562167702201
0.9206303510053999
0.42450293319623644
0.7459724366536707
0.7860324632755732
0.3417742498043062
0.2993081152352262
0.622228839298363
0.04336790561957888
0.4294584084080191
0.15568382857733148
0.37029179494346726
0.9272855690579366
0.5344468851137473
0.660026677032136
0.7756305865563173
0.5137076680641461
0.561252787770943
0.806225465680767
0.532594569178593
0.43308476726724054
0.946987599202378
0.4136532397792272
0.7318346523499069
0.540189701435732
0.921615092916454
0.17240910675436685
0.430089430585518
0.49980838803541927
0.7239101026085262
0.3864512443779896
0.6402864850875654
0.23707566187625834
0.9493564565435031
0.625762733251351
0.569252683781679
0.7826341568194826
0.48103223253195676
0.8619770307992402
0.139284708791134
0.553960969221711
0.07001490764571708
0.043802785486084427
0.8313184604953441
0.5467563605789311
0.5895604701893123
0.5185498872349819
0.5948464790861101
0.36305814061990727
0.889695517621031
0.5033592027915003
0.475740974414631
0.5086912723818161
0.3889946100325915
0.50954431568474
0.6384460397509405
0.18338806376470382
0.2662388931864809
0.7671886855220239
0.8592124609006082
0.1687165133461466
0.5633338285904298
0.4216298729447031
0.5929875935619662
0.16883608234875688
0.6922966110356618
0.4783638897101376
0.06008300162680604
0.4438279972256582
0.7933522400522338
0.6527045577532711
0.31985345635005236
0.5440129618015748
0.8585170311668646
0.20456687200441048
0.7267233566985766
0.2517201600199159
0.6785164142860491
0.5267784989547679
0.22085035022176977
0.29188051795640996
0.626921830008895
0.2947027425954775
0.6462683899115655
0.15277796317277428
0.3691572718661653
0.6137986866059804
0.8408899283331746
0.8331379306001983
0.41066564095952
0.5358145259327595
0.200303708137617
0.9053593918711189
0.8115970534028596
0.712979885938698
0.5584127636052391
0.4232098429010177
0.8670561353683184
0.8472852419705329
0.6077259313247091
0.6385905283245099
0.31817793120045235
0.4522810828788607
0.41715287918384353
0.2735987245238057
0.41210038559801043
0.867980935447842
0.8170595743699974
0.9355321686703076
0.16840046000945505
0.6458133316980167
0.7198340808100586
0.657033154091605
0.39883280820866757
0.5484552215363349
0.9283641230074426
0.3307970237947142
0.12232449213670207
0.21319576242456054
0.2561284626298038
0.7526323265468416
0.7814974048016351
0.47564513571949585
0.3445579468995229
0.34683386334572197
0.5795034425950844
0.08146966028557628
0.8614958278469814
0.8793218735878026
0.13383008088731357
0.7572433831863342
0.5713094325167772
0.09176478278650323
0.43740660320274316
0.8827045979719156
0.8747649165409587
0.31082185725009137
0.4733951228389409
0.455194899797075
0.42320045196687595
0.3864924088223983
0.29269974768461016
0.7167847648566184
0.4270397016650439
0.6764478726923094
0.2747938463673277
0.4590430432692084
0.28475110125813624
0.5840622152521628
0.6590253102340232
0.2796538444498492
0.08885034184173457
0.5334391506057528
0.42015037533472727
0.8130749021935499
0.8223812935377272
0.492884547320311
0.6541791444877065
0.3862431990925456
0.7706517857947593
0.42643815485036624
0.24948420831641063
0.8725605025887724
0.6111841794539135
0.8678241696692115
0.5245725530900739
0.8593998141847221
0.37296320157582596
0.5275385494653433
0.7969521209106287
0.2868363704895358
0.7826343434967048
0.6665108110656884
0.8479020743314676
0.318508149979962
0.6115893747038545
0.920740402071918
0.4024329710535778
0.5282392200404948
0.444097351573822
0.03768279483289204
0.2725016534139179
0.732509077643348
0.563480390947167
0.3580239362452584
0.4058173392078765
0.17631489685412388
0.22859399855836157
0.7953345246971433
0.776808240691385
0.08670688020314077
0.4760685641462498
0.7850273718470344
0.11291815358417992
0.5302904909856995
0.5723207849310838
0.8463746898294062
0.8369167554021765
0.552574811114839
0.7136911142779008
0.43160529218269883
0.7232037855062431
0.6564526688985636
0.6404101641358683
0.0381674828772505
0.6688485451217338
0.23703171317036967
0.8409253903736764
0.601660344799382
0.273902752904441
0.35239315949535277
0.6527288919810454
0.6440196221949308
0.52835464100505
0.2759491448062874
0.12904185350594077
0.6417136164654952
0.6216302883597525
0.638608883345029
0.2769458866418685
0.408636297739961
0.1846175482535441
0.4479732993123688
0.7060072310605134
0.8376194152485997
0.5739346102867035
0.9119611161668245
0.01275979317162097
0.2708293466493607
0.7209580300419721
0.336223589245325
0.6795785807081858
0.720630560351063
0.9623644315515809
0.5166492234240291
0.2688260203434876
0.7505396822464657
0.34875754520147095
0.7729823321741647
0.5356542991929658
0.0951366684677466
0.2899057535649783
0.41264345755617926
0.729690924973799
0.3894087865318055
0.4867326895179126
0.34473914399480754
0.4564049240544438
0.2140321610579886
0.4007441181029609
0.6190126417863401
0.4229867578494991
0.24248501926731794
0.17777288008299613
0.37527133843324784
0.4860383674649624
0.7582456796541784
0.5155791188146409
0.46593488665313915
0.5513901276836165
0.4284216782731367
0.767222136993666
0.6232584161074995
0.23899743279680521
0.643770905269381
0.5188454093263539
0.77447186523966
0.46046532612286784
0.062438866727340205
0.6758321256799409
0.5143427086563074
0.8710217155648515
0.25363702356911794
0.14813746334090927
0.8591878362734601
0.7724684855785998
0.4739295841014833
0.3008601686212635
0.48894316301904434
0.08842157703182289
0.08855711864217185
0.17433999191938176
0.43571279113028794
0.0177570293761114
0.21666217786332756
0.8545807222483925
0.4930967973441012
0.754306305515354
0.6539526755948164
0.39452725110558673
0.7395539219269062
0.717977105899314
0.845851401819073
0.6830398127360476
0.8908962227970351
0.10756833603885853
0.3236124786534552
0.5835477500989282
0.4825136146726172
0.6172997763073156
0.2802403721482137
0.002418163102012479
0.7843911541735292
0.6411222868442428
0.663790959731964
0.5029070365843196
0.427972899557998
0.8370895899960067
0.8445078754816547
0.7084799212514133
0.37064326304930517
0.826346323190237
0.28740188620314694
0.20729719798214805
0.29196899404908294
0.04813670265425905
0.34389992740555536
0.9050431979361032
0.8987208370591595
0.7802175791089502
0.8155304580751311
0.1379843886178445
0.038857080746996106
0.34955679682058804
0.7765820830949729
0.30939815596496556
0.2643800531907383
0.6400817637454486
0.7156588595878338
0.45720664194524396
0.6587696148131363
0.0977755246575499
0.09065673986159907
0.09879561298055413
0.2407107018157542
0.38829248092183166
0.2863437072685592
0.8968270493403803
0.5774536353967928
0.5176218714656551
0.7477161566869039
0.8947101713206074
0.7002614372653758
0.24941125786644422
0.520884117844651
0.04753237745649954
0.687759851663736
0.5712107612826407
0.7309475029805373
0.2147115642711654
0.19305544464163868
0.528090959444442
0.392639748175595
0.24419082145206816
0.4442132420216833
0.7207986174540066
0.02138451502831239
0.6257975983627877
0.7850989183804554
0.21999986168466992
0.9419679648479603
0.7923097385666156
0.6926900341758347
0.8754270075943359
0.3883764364253832
0.14698191171142572
0.3571874125968448
0.32404464350131607
0.7541458510464701
0.3991227583524989
0.7712188993227851
0.4795252535835794
0.06747340632974577
0.6922966110356618
0.14067491418630035
0.5482883285492263
0.7409866045656471
0.4047610896923209
0.07505405041062112
0.4901474465779926
0.48435672259809825
0.6626320330768997
0.9058005470865498
0.37220506081218435
0.3382404304489435
0.3711812235195598
0.5220802177238888
0.07480636924274899
0.4535756843796729
0.7260758780148363
0.8881297520655055
0.3329937832914811
0.5898500986795309
0.4682028091979492
0.49707196425590283
0.12986397580353
0.21913367045645332
0.6681986922775944
0.42882146366789836
0.2924352801510201
0.8792564318983072
0.43924191021043363
0.922213045052695
0.13609549256711378
0.5065029528976023
0.14346782858424806
0.5566637263971894
0.28145131413694363
0.40483219670154397
0.519850319897672
0.5401867076571072
0.001981808483868121
0.3683451876240234
0.397476552843741
0.6908502316504446
0.8929652101531504
0.9092958125911621
0.5754201722995597
0.721670892880674
0.4086563130754466
0.15073359031765934
0.5306337752885738
0.1894580432532316
0.7838867476363919
0.18896826370777986
0.567907546440142
0.9212883881166782
0.8810026818951028
0.8937613991685648
0.3267466241194748
0.8947219355791504
0.26727135515098344
0.1962636193293108
0.4349878768767553
0.6976645862635911
0.8678547513175812
0.7191581425395666
0.404874777835834
0.022482272065823542
0.10298055693572682
0.060484183348911216
0.2960428058445807
0.4914549723629975
0.8855083578080418
0.604059313680278
0.24269696321043321
0.2239862002889251
0.5900369810675175
0.8755168286361156
0.2807948536438084
0.05506335373287157
0.739774441112552
0.6202837334915018
0.6075701430679239
0.5226155069026464
0.7741704335632652
0.4823141023741497
0.5585632076518042
0.2974573161475864
0.4161319411784208
0.12329188634758359
0.4079448875549063
0.7953324613456735
0.5225135265084132
0.6643895397959119
0.4745625795770686
0.5031976296602849
0.2759491448062874
0.34634558999979226
0.5253458138698096
0.5136533706382356
0.6485962582564874
0.6523593468715395
0.7878502777510649
0.2517700160905387
0.6801692531292998
0.26232158365299413
0.8051944552401751
0.2230579579324225
0.29613749193690225
0.1711290892132338
0.6895868030245108
0.8444460946409497
0.0862253355792852
0.35727267124746753
0.7110576646767581
0.43534540831312496
0.3822584911052855
0.22365692862150496
0.7081917919591073
0.3543753152332833
0.30448447051617417
0.9031492934348738
0.43825422562293265
0.31535450687961525
0.5651992285470762
0.31177031579934966
0.06650269965858165
0.47830261683197695
0.7826675969218203
0.637553684830438
0.8499169939055725
0.3955391276880195
0.6019579329458574
0.5123370968403492
0.33593420694791704
0.17603927061551114
0.8834424098150315
0.18442238742356806
0.4299238479343784
0.6996856846715519
0.7792096914464234
0.7326629245577544
0.015456584663837805
0.6533915520120712
0.7483082898108712
0.3554866888553103
0.5854943162824604
0.8689986950821198
0.23534426880834375
0.5307619262541391
0.4315622858707078
0.7029377389366326
0.00418823163048558
0.37157291880240656
0.7200779019657662
0.16635208578380234
0.7308825415475623
0.7701519962861125
0.45752559624931083
0.6079313530087128
0.7822235512395804
0.650726272020281
0.9074189820543658
0.3240194929496247
0.265884373853995
0.03798042333719599
0.6370219389540809
0.769965046131937
0.2935769624313906
0.2866627354214999
0.6142525193952216
0.7547515088251093
0.13339317035307705
0.02858015368169234
0.00860244227369838
0.36836163189646387
0.2846219906961427
0.5224063641868145
0.6995375922388212
0.06043656054320924
0.6592183650241603
0.13400203843912886
0.5154252967791809
0.7407463084508328
0.6319069828099779
0.8099150642999617
0.6050098751939021
0.8909188007352364
0.05271304429823406
0.11618723464285288
0.8289416283202506
0.4018100034602544
0.20642965409618097
0.6980174498145878
0.47318998007159746
0.7690428742462578
0.6752137956039884
0.41483896708346196
0.3469291879888852
0.4026933135341564
0.4990863862175711
0.2557565624029819
0.6332772910514582
0.5215088049288742
0.36094705249492837
0.6384332357282544
0.8935913686722278
0.10590283962856296
0.8922842690694459
0.5651608854145874
0.7384305035882134
0.4433250663856155
0.9721542964911014
0.6054840188827054
0.46369198161222214
0.013817644603543304
0.41011207675009254
0.5555506316987759
0.27222748842192107
0.7730472415126179
0.7958075069959025
0.7328107658913549
0.527070319960223
0.3620201321028456
0.40155140252759475
0.411006972188497
0.5647890370144576
0.0724072732993069
0.2154379104722693
0.6802399920787771
0.4526921809223579
0.7399619101437455
0.6611752075326139
0.5137076556226868
0.9318126804153593
0.25515760535306303
0.6308734193805627
0.8239240676543796
0.23074563124979267
0.8252066444309113
0.5677649717343024
0.8231807598390509
0.7519166698678967
0.3859166964121027
0.5908022977127424
0.09845316038943105
0.029193093892276666
0.8650676745220797
0.49013950758371533
0.6190323325228171
0.625247902467325
0.38664112767559905
0.1838941664967729
0.15359610333250998
0.5057711626775168
0.6576502768239567
0.01157214627466785
0.22741664732104971
0.6368216270777246
0.3225624801904703
0.8207400669087662
0.2644146018003105
0.1896328626957031
0.22157161961045949
0.4735287108708825
0.6779913489108702
0.023615906299590157
0.41895125336176825
0.2404204689956596
0.5006330954819469
0.01655545908960934
0.06895369862715921
0.7535134248000893
0.8541148512081432
0.7207812654962862
0.8866244859877168
0.482058562872683
0.4047717468106786
0.3316219513413138
0.9139900839866639
0.93735753639813
0.926400899390894
0.32550572206127537
0.2876258379330606
0.6824353460502127
0.09445943732616163
0.9167674144030703
0.29063388572457033
0.12820985499676127
0.35102449447770817
0.2768063609950266
0.7873924216279488
0.5830478333581431
0.6124239453128372
0.8436648870299214
0.14882328406910575
0.8352552888390105
0.5468907606329808
0.10296699806873638
0.8484864931755824
0.93845358995041
0.6717679224117604
0.7380358493405246
0.47088692759468975
0.08812239647793024
0.5988766166725232
0.15732103013721366
0.8949512980809338
0.137415015593746
0.34073952452997014
0.20559476297304638
0.4495940545468126
0.49841522744030803
0.2294740088520017
0.8426495108603929
0.27979086699308353
0.8580159258777229
0.4466666388414762
0.047019787629988444
0.5467539766158772
0.43540732894244566
0.6326533295925357
0.2808040202813997
0.3118846011821155
0.021005107717816024
0.5888368692387225
0.4692025468827035
0.34598906988576794
0.523096034531442
0.2758200793913521
0.4321611882599072
0.21518269978391302
0.030789406647939353
0.3541109489578028
0.32973366248648595
0.433535801064828
0.8490281784458666
0.4665757650852355
0.5876473451872003
0.6986024689598009
0.6448556050921945
0.5938124055717455
0.39391991069511706
0.7031985768954745
0.5626002031739538
0.6874157104153054
0.15827642516700755
0.21535302049230948
0.2894240101663011
0.4358382545874635
0.6647921363287927
0.6263150426145313
0.4535390044217211
0.5105595288654079
0.1152306076309843
0.44674073011968657
0.6016302198912908
0.5875218796948063
0.14371295852149155
0.19804678708403325
0.8099490532257656
0.2529350755195559
0.4594525559476443
0.9524505061166466
0.24324855685365313
0.4145700931507397
0.6119150010513085
0.5513514281850579
0.5776546409822898
0.22436666961719492
0.5865299664406439
0.35351992663833104
0.774335702285721
0.05556840079042472
0.7238152175546382
0.3634258558941864
0.6968204675292083
0.26991294007411354
0.6575943357516096
0.32587640522114464
0.45220495680048983
0.8926319477647668
0.2922173955541492
0.8342566775259059
0.729055522246378
0.4589449519559118
0.2607962686895815
0.9210766529229915
0.1219135020650101
0.06109870611301922
0.7138531532286005
0.4463749446734296
0.4791606227086964
0.5016403320198769
0.37185360557859043
0.8472308013906942
0.5123036505266391
0.23048169223984627
0.48782874231517476
0.2512306199826159
0.31240776361981476
0.3088584223418126
0.7027561952079362
0.10842781482097022
0.9518239824222419
0.04935897676853589
0.3234973065682542
0.40491782561442374
0.4938739506269223
0.40998096311577537
0.07557470081259281
0.6370783093909255
0.5113814188543455
0.9209230427149888
0.07164750314908545
0.2813311137876363
0.6023754391377066
0.40881609406705627
0.3779239933543462
0.6664996230381179
0.3199681798194924
0.5530584355440371
0.5009166585129062
0.4791538327644598
0.32596077241365645
0.40214261578793203
0.2106937332297376
0.09745616116525313
0.6556195426816214
0.828152129181533
0.8402454834495231
0.12679988098150247
0.59743733363133
0.4818624820425725
0.629992408330569
0.6618723589289843
0.23324917555990968
0.3183126653361803
0.4426926023191086
0.1327321398234282
0.8691372634211214
0.8215139058590223
0.6010521780777377
0.7276960594297012
0.6010462154756898
0.3297021262263818
0.3471413363216725
0.8834365971939284
0.35636095961098996
0.22546592727208783
0.7441286145535077
0.4597390396353153
0.14145591216779804
0.5979891880268509
0.3555800390993559
0.37998007001336925
0.35387882847603025
0.7399533822497852
0.7346235041639501
0.7517178395998209
0.8217745715548934
0.7016780955702331
0.665665696168532
0.879640576746606
0.32899857383486336
0.6081885211941362
0.630329286814408
0.4714125392012333
0.6496592211256232
0.5854533294721347
0.8121597710087891
0.3353571388787854
0.6165292748722181
0.8269304776327857
0.4124545377507968
0.017425323831004935
0.15267381501840893
0.44749075445596
0.6022700403820156
0.5618690018660546
0.5116064938171935
0.449112082192833
0.6512934543703349
0.7208950106672363
0.22418370518621264
0.13109660347678334
0.562161104813585
0.5502379766860438
0.511235986941382
0.44246994211867413
0.13312833582274597
0.839034521391641
0.7640082150989996
0.800908671795386
0.03504578960833393
0.2626742447036424
0.30717276290353773
