0.5311382812413566
0.5428679290454771
0.4983177635449304
0.13418905488820965
0.31740535052208463
0.890529527015761
0.4973085517307243
0.39945219763269973
0.4470308750553102
0.7030705284940206
0.8821590437694432
0.4885909340947956
0.4121254824913077
0.27538972757696695
0.1382597882026315
0.29284801294947693
0.23670304595464464
0.8309105635785495
0.08743051146530452
0.02823073272445356
0.4489369305291873
0.6715812735579335
0.29012440052120353
0.2347557355135318
0.3679489981018355
0.9052744198165523
0.19097032054564686
0.4313085639498533
0.5704311264770866
0.6283804890322734
0.3144629586803979
0.8646407607057387
0.45125402615109045
0.20889423307050758
0.8540850705370622
0.5903701855852973
0.08029486169659845
0.8622205493721842
0.15661498987493058
0.2372004883829334
0.9126865345739047
0.20183181260755745
0.5674500017347697
0.5872913191329182
0.8240727814817439
0.8083671517393197
0.37985383289351904
0.895997865943086
0.8962375372144601
0.17796296481233245
0.1539799849423183
0.53118390595565
0.9418681463844886
0.701625193431739
0.8693812273104286
0.17696241082335365
0.30595092781798344
0.7207991387944848
0.6887638575864531
0.44261144579332645
0.16596036018003263
0.41236728770257447
0.8925533391641003
0.7287476905430252
0.7274569571994498
0.24167870626346907
0.37625049971874136
0.8195670292893084
0.45595610442382956
0.23327107925100612
0.3005917153335276
0.5674097424751137
0.033663655491122754
0.4895156695360219
0.9116492679952405
0.5677371368930244
0.47103878591197546
0.9327203986740599
0.7938263339779453
0.4831682092559446
0.9155853504874567
0.5558696727623214
0.7053734476965002
0.483498134790062
0.2424630156484452
0.722722637471626
0.09039273677370759
0.21746134144240203
0.4201495057770568
0.701003662106161
0.07833110494349041
0.49884945486316684
0.47283557674079507
0.4214194477098033
0.7813763639330868
0.9076972301003724
0.3257744103933849
0.26449867719631903
0.4082449948143734
0.3108067456018246
0.01215521155524575
0.06440420181697229
0.03479840396615122
0.5730674543288967
0.07053110977603276
0.7667745090800671
0.29919899339992684
0.48573314305138227
0.47532905039265044
0.868790118469777
0.7370907643886215
0.6940429248495594
0.5744466125546531
0.3362074759787602
0.31792662393364457
0.33143700492023803
0.45658922096123333
0.07709668589711528
0.7233992242621478
0.045103124328797886
0.40112752106901145
0.3876900100984418
0.8918730135072356
0.5656568819285553
0.3619694917073005
0.4773450749114304
0.24684299397351273
0.6137837748685046
0.10305550742961399
0.7667609167158751
0.3676773984879317
0.49740203054936416
0.5261146823048375
0.684393033571869
0.10953170283386435
0.8733774724075104
0.37432423543443794
0.14724218353129512
0.7130761647217462
0.3043710895133086
0.6552336266571889
0.7340634797799692
0.8880500277074314
0.4403333289671119
0.29627487114530987
0.8592409171352892
0.6409565966868905
0.3817610893042112
0.15515645349445759
0.6096152746159915
0.7787663218376836
0.2667298666091981
0.3778058529688776
0.8665663392541858
0.28055171611110447
0.434255462056733
0.2314262466068918
0.5206591594622936
0.3083261016081847
0.22118162832593913
0.4121993081808528
0.18114724899184026
0.2812339791216881
0.78297043951003
0.34710319576331233
0.4590263352092254
0.5023475954765433
0.6230788350533328
0.03847941982196116
0.5920989341002786
0.47974800096940085
0.5807132006302654
0.6263736882223075
0.3963757977289559
0.8126882822034438
0.48289606073669156
0.6152113826424898
0.33396453714466967
0.67973328528116
0.9222942486489717
0.23239193682883122
0.41057287537056686
0.43319311615750283
0.7054028899964689
0.3787175401478514
0.7945979615509047
0.4064318658776607
0.7332711586446462
0.9030695876747119
0.29816293180560377
0.5068823599429707
0.1503677529354907
0.08289987300181588
0.11497482584494785
0.5352502075902028
0.6291000932097002
0.16856505661365662
0.14590509907233884
0.425297597272774
0.5371124110168827
0.24018716976370172
0.6302155623971549
0.9030026877100819
0.4401545511867862
0.6429817247855334
0.7679660160101457
0.2210128157566922
0.3796150287905152
0.25092148281722737
0.3427513720947916
0.29534785458571483
0.8313173005104609
0.6975079384748487
0.29958624656973615
0.9229353062661946
0.4735208716309247
0.3061280839519761
0.15089552989706764
0.3540506179088038
0.8133437741445789
0.8681241873393459
0.6090090253146716
0.3046226673765472
0.4791074400431498
0.5784599699450136
0.6081395486887258
0.23389477048215962
0.43422720905202067
0.1521910377181197
0.9125647259609946
0.7078090347098992
0.7213066482431991
0.8339438932551061
0.525783559579142
0.8327935454442932
0.42787695436798323
0.6881232899707241
0.009993100220318168
0.1680887231570151
0.3242960748237652
0.6705372919508445
0.5041129372957894
0.6717215053436439
0.14533610644138284
0.006508234945256621
0.8714550288835302
0.6151113072279814
0.11616708909355992
0.534492693525029
0.6287466929326044
0.4625227939299097
0.8351386862618803
0.09709278498661905
0.5372626387596766
0.16477746754234043
0.7177198268865834
0.31152463775806727
0.08911670566973236
0.648057032726111
0.8364363806194306
0.33887724606617564
0.3044679138262118
0.2715839843399978
0.859451816039207
0.7457069489614784
0.5923794897107277
0.8318828977061272
0.058742470757711
0.14449341669454496
0.17398580742762093
0.3497473766812873
0.7833663587802947
0.4200413549336596
0.45843381253583654
0.10040172587747342
0.896922816602549
0.23979187341138075
0.429719510775361
0.3269166912026752
0.5522918032584968
0.3243018629703057
0.6510590973288057
0.6119982173018543
0.32361927209867275
0.8505067584482265
0.5024328231040432
0.49414095929043034
0.5103153611361121
0.3180179181626687
0.7734753891793947
0.7840652165632274
0.7309807056755263
0.5421799064948047
0.7929326968784107
0.648657464755764
0.3437814058634533
0.1492017820758872
0.21752319919724275
0.5139848924972349
0.8834961167335567
0.896481737801384
0.6100462873293251
0.7393622545707456
0.5120358065639286
0.8684468926106783
0.178176594372127
0.3920838885795546
0.2442306387802661
0.77423560401664
0.06607371023896311
0.06761281385496053
0.39997831144922275
0.20117946162914896
0.281146826689174
0.42105956766554675
0.3843477389945824
0.5691512849926654
0.2380492248042662
0.6000803679812117
0.6965937172254166
0.22096755019396389
0.5039989580797392
0.3300957853422942
0.6721394241137336
0.18238235179966703
0.9253156807759049
0.1450700543483643
0.2082804117007325
0.4781273673573399
0.24948347929721842
0.11114342920399181
0.6486065049550067
0.8434040920209023
0.47960576826788287
0.364382789691234
0.5719934553299628
0.4664534928701813
0.6279420530606311
0.7376155191840527
0.2243918431122047
0.5643077388207318
0.7482165107332047
0.6117076770844295
0.2776442674014609
0.40821082975357825
0.3111681591785237
0.6018780813196426
0.9102655779856043
0.3938709118334692
0.40724276851275965
0.8312625250567983
0.6393896502219466
0.2408286325201104
0.4698338412224667
0.5195621215031945
0.3619026940991488
0.4960005936997021
0.5274963282287021
0.5927156518528233
0.7546257192750745
0.8308976159810735
0.5938842817336003
0.3638507748485474
0.46881756852831985
0.7271703024242282
0.8809601090870756
0.414755389198545
0.3639585906187862
0.7165899287858508
0.6869300608194466
0.5877090624342758
0.6329394899398083
0.3382428992878135
0.5676963356670721
0.016261311621871808
0.30583538340842764
0.051850728111439696
0.7768861140762575
0.5370812509860573
0.1908967015111315
0.7853804320380745
0.48370032900203974
0.7310162549146064
0.9187209887934619
0.13866267842027194
0.08286631902939046
0.5774004789310212
0.48990467987766445
0.31292524680287054
0.5901097089393857
0.6695003155852111
0.08597634554181778
0.4110558788864197
0.9491908437381393
0.2442542748410506
0.7384022290574396
0.6906284736650562
0.9034386604962328
0.19725143076104118
0.4464219970678903
0.4013663067997153
0.3733423735467897
0.7415997058483064
0.6336379190463901
0.07095061646609149
0.6198446161721091
0.47497649305502165
0.0702491757487238
0.45342012084768996
0.4203159463572617
0.49226276223180665
0.4574424999403915
0.05560187654393254
0.29747249398703274
0.8700908992104682
0.8874398164277638
0.8066578285794416
0.004163587195999084
0.6289328664713155
0.04881628161394587
0.5514184473145879
0.8406006818499602
0.8510789479820292
0.729958413057275
0.33769340200753634
0.09531611809026722
0.8585749985366926
0.6941557575802484
0.4915719714691941
0.38698316060642163
0.18701277440433706
0.6513713557305746
0.48483016870067036
0.7080155094813749
0.16119008819992797
0.2894911622896771
0.23947064907163101
0.868010137467955
0.3457037472245397
0.39098085843614516
0.54391150104846
0.215214137600304
0.3541871288399579
0.2908112944400802
0.13704454001755534
0.8893784469049543
0.15024281244104523
0.23887394623531824
0.7967995906885055
0.6438896297448141
0.9095617378112792
0.7532406477424186
0.5209994315913736
0.6175596563889891
0.8873853088047559
0.044918752598032866
0.5091898774470032
0.35000299957656356
0.7871917507301177
0.4294176612604563
0.035386013608568204
0.3704778582687524
0.6991686078624887
0.26859104626403746
0.8935942169717673
0.511549124747211
0.35223018701608555
0.10498222641727353
0.41262802559737555
0.6814786440981605
0.7302618407947474
0.4535359110312974
0.7942965789476563
0.6431509457397261
0.7774796319815555
0.5339099945901173
0.8233109335333832
0.310869231248298
0.6996910488531399
0.7153241315320362
0.7160687960378674
0.7727819630752152
0.6292079056577202
0.50627426534749
0.3847009728347818
0.7552515971386728
0.5675423535261391
0.7783776229484175
0.4149769183367637
0.35744605420359704
0.4651533374270784
0.6096526385378541
0.4872915001807943
0.7427919460037002
0.32736886790225994
0.35653669969146634
0.06552277231842649
0.23789907792343143
0.7118888538805425
0.7910868038032719
0.26053269690292774
0.7682981289125069
0.21075178600408123
0.2405508877092784
0.6502585154972134
0.7358133522805589
0.6300979264277495
0.14038103242413572
0.46343534216455606
0.0506347016875053
0.24129975539583665
0.825704201483956
0.5687742534635204
0.8906644913571515
0.7544865782205037
0.4466916863211713
0.2758917626321197
0.8694061734721136
0.40479687216325505
0.8618147217296256
0.5341874132372341
0.6991144520450492
0.23549074526907643
0.5620538894793434
0.7067458501424442
0.6212708365640623
0.35953863566991523
0.24140440222215817
0.864907406346772
0.6328817380827508
0.8871746269309034
0.22775903005452486
0.5296761648744482
0.2784021713551543
0.7839098488357196
0.21746134144240203
0.6687987041316719
0.43373368487154024
0.352265845509202
0.16023606535753226
0.5394172858525987
0.8697495830115308
0.21758964012031473
0.6621836485596819
0.2258089943058171
0.0018582055380691534
0.4878694786459178
0.1425227520089311
0.41862733308804484
0.7116262908917279
0.03678811669737926
0.4781737962683509
0.6573848514199041
0.5430394025474079
0.5740164886171624
0.21296258529411521
0.21657885478084385
0.19809615534562422
0.42321299485773334
0.6825818313102514
0.10198846875402365
0.5509369337460498
0.6536490047236853
0.44016219624025327
0.21666550904030302
0.732429707996344
0.4644136723388636
0.44153623189973135
0.6326200328189326
0.6375256310770705
0.8887909219760058
0.5004286296952113
0.7977992438489755
0.508805809122254
0.36940021803650397
0.4373610476954233
0.47727686005942566
0.6096848618108072
0.8658927813866676
0.7317306120267533
0.6390102935078111
0.41463142439704953
0.567620470947865
0.2693610709144285
0.3665134191164792
0.8423750191465783
0.052558790323600287
0.4471824162469094
0.54686016403371
0.6048695783565607
0.8909292416155432
0.7726062580580942
0.44716466165230573
0.4915979439839438
0.556316883781161
0.5768084950429805
0.6376486145620243
0.335302849860898
0.6715695110753919
0.1626415452165121
0.12955319088184802
0.9090214299230777
0.5156832664502149
0.8594730630943084
0.8847584726222033
0.23449386454237717
0.36867071000146406
0.4906402288480227
0.14769323066842857
0.6610319957605297
0.5933346078905843
0.9002975603182998
0.8612289575016729
0.9343862341274229
0.8644536123370542
0.33770619498693594
0.37771820532462425
0.5398028935019924
0.5583463877651474
0.3162738626195861
0.7259755474952622
0.7150983492485949
0.7451994284229035
0.895166438698786
0.9223622775444601
0.6212703230613593
0.6628165200299203
0.592461759382739
0.3166020115889829
0.1564952920135966
0.7401250697450803
0.8905762140083922
0.7415724048104706
0.5656055218285181
0.3528525202416832
0.39081499666088704
0.32323936175298484
0.34032250998424396
0.7320128232292538
0.8648403434420839
0.7890097067664419
0.3428928106737724
0.5484913601323009
0.07905051437794004
0.7943731707062547
0.19920157399326704
0.09191001120691357
0.2474753329603596
0.24624524284898813
0.5928672205371931
0.024616149120067182
0.8367622248790317
0.6084168924147083
0.02529271271197348
0.7284526917068643
0.781022976544781
0.39140778964565887
0.7146621206803973
0.6976232155127942
0.3316467329267264
0.7702732579435843
0.44851122062162163
0.4895650737243754
0.6885019008930137
0.6432322330763072
0.09065752834771515
0.19646004755041258
0.28197629824519777
0.5157604070990787
0.5014235980113422
0.6634329247216124
0.5681303767495534
0.16417994440883146
0.11945737058047153
0.7499248993942049
0.2117185062095949
0.9083412615390507
0.660563998908137
0.716130108306286
0.09602160680498754
0.6062864043618454
0.1893303897643406
0.26359026924807666
0.5827292832120683
0.6554593028963421
0.5602190619817914
0.1730110070776466
0.39626222834810637
0.6591652465383143
0.5290798824869484
0.5772741146905558
0.3313409406041861
0.16256791842394525
0.5931038609391014
0.5160235526964975
0.8567105847490161
0.051698851053412785
0.7139007672481109
0.5588403606488358
0.5830660673465009
0.49536318413287594
0.7804802102828806
0.3432482788764887
0.4888449424546835
0.33924938589526193
0.5640756045335628
0.48499672076159156
0.9428235773234807
0.7300325167818248
0.8712694801572034
0.7427964658183588
0.7709598714667847
0.4896438787457174
0.22921333092999932
0.1386254561827535
0.7399952871670161
0.3111369810511975
0.25430669576973025
0.49303657996751155
0.3337860481156581
0.7074805706521892
0.41475275537250816
0.3670812063841927
0.5321295110542962
0.8264019826788853
0.8347791157175011
0.5229243288938079
0.8019145560986213
0.22878466786713458
0.44304979842623093
0.5609871515015526
0.8076745304841337
0.7030607481130504
0.67687652317873
0.12201918939056818
0.10540788991789175
0.4199407951823232
0.720045141722517
0.4076685951101174
0.0802580859251062
0.5900590796833672
0.8432410373246669
0.6502561728761082
0.5207313486111803
0.7612236069189151
0.6807092560662461
0.16762075804426416
0.07777561025405202
0.21362853611600482
0.14904714204470826
0.5198221352703971
0.5518631853828381
0.8420749453091212
0.8601980799257494
0.020978234244005866
0.7789920055909711
0.3798808043157736
0.3583989496964051
0.6604582393935051
0.5727934278800143
0.4542703025577166
0.6388518553916491
0.6272838823437543
0.016500987519785126
0.2895153385449003
0.2141116565156673
0.9021787661682855
0.5645728401269925
0.17714138158298423
0.4333616622897436
0.5854521587130781
0.6679895286489288
0.5168751204120327
0.3852827841037905
0.28724160421762135
0.23679153710899947
0.41377878784041183
0.47920814074231466
0.21409851006778122
0.810539626000726
0.19645475317396957
0.7983805032410933
0.8767645758814786
0.6512833795468994
0.7744297119991541
0.7583232888408304
0.7416267933523721
0.864912713648239
0.6069125926105394
0.9202925002068503
0.41040729138225385
0.6820186566633303
0.7219513161580187
0.05704992024908147
0.6053602498964026
0.6352423843505846
0.1294115125113514
0.15580122919612147
0.09060656992227012
0.3791898119206625
0.747696797453173
0.4617471477309819
0.845736945177549
0.9681411630728181
0.2173256596779696
0.5850687204632414
0.5432337507163205
0.9007863671620867
0.7772721515369844
0.248948178468803
0.6067737295660515
0.1735645217977576
0.4332627714781134
0.5446947477361038
0.8051429367993933
0.12991448122069368
0.5956988156404789
0.796084367030245
0.668744735228694
0.38598703237836524
0.30887480097609893
0.8941629521536597
0.3080221177530218
0.20060017377711548
0.4756401277047757
0.01802407083044687
0.410900590864841
0.46395801936842157
0.594735084323735
0.610933158100816
0.8761295169710451
0.6589580437545853
0.3554775207979709
0.6075234711571078
0.7869162017326401
0.6587125869678665
0.2852880057956184
0.7975698334861753
0.1878098150519961
0.7210549564300645
0.6884058917570534
0.04196720005265192
0.15691241499894854
0.5474378328229046
0.4790513241996449
0.7234812321994447
0.5489048476708477
0.25347209253854797
0.3358710540663689
0.1731262219661905
0.06753655598523663
0.49370469322095534
0.9647286735419492
0.9410451686616513
0.30564549134041746
0.37768687355201835
0.755462373972392
0.7514005233164419
0.40758212726817444
0.8730535879147796
0.12555122654819278
0.5839050724707641
0.8740799500257385
0.8349301273113484
0.39157362469722634
0.5126497416855833
0.6790708299559323
0.9250282369321263
0.41649866877663166
0.053469158466023216
0.30668967396875285
0.6045936186599906
0.18832990137382977
0.9094540284025083
0.35787314248172625
0.18809594488138418
0.11434794775091041
0.4542664069784592
0.12160051596639855
0.7257549494699161
0.6822982320298663
0.7341352222186112
0.026845873394616276
0.4056378623477129
0.6511535568252234
0.6754883842780898
0.3268646523325038
0.6331910977228107
0.788589402906193
0.13519490540958057
0.27725400367347247
0.6038253557878035
0.23016468467489878
0.27556343943617345
0.4815252108319196
0.5871656518816438
0.7731690297255878
0.3269497703836652
0.7175597242968309
0.5220758905186123
0.5429289036416725
0.6586229175824353
0.2095420203304746
0.005950115154799321
0.7585750051239841
0.42116195430096076
0.550322972314475
0.7964425414034937
0.7742017241596822
0.8256796621639523
0.7080175188406453
0.643262785132463
0.9446838214729336
0.4331129330020008
0.5594068311769107
0.7906380291848636
0.4917838263878387
0.6385854681598833
0.3819422701814279
0.46730656260549025
0.6339119313898862
0.6534034580443869
0.3842139136771767
0.5577322281285712
0.6613957014473157
0.42136023541850337
0.8324004886454099
0.3884375738756719
0.5113606450941316
0.25813203894741216
0.07311241853922457
0.1428506593639487
0.13324308881659275
0.1961524326621675
0.2886605555523545
0.8116990219953554
0.32873327310204054
0.3566689888348533
0.6097827488902241
0.32328089230140666
0.6565334810596389
0.6287600099216155
0.3721968953490317
0.4718169184840945
0.652704291391252
0.9151910887202133
0.4870546315200496
0.4459188131438197
0.7539856322505482
0.825025454299854
0.5519002583262015
0.646279773332864
0.35633509299730554
0.7958457965543018
0.6813621538412823
0.09502718731888654
0.14902630688801
0.19810543844642078
0.8862019695601024
0.7587450879496725
0.7217817271550185
0.5157744544767063
0.16370068427409967
0.6980448580552107
0.38997729352827676
0.5629903963397105
0.08048057520266373
0.8660456882550144
0.49093989860152576
0.7363914719931203
0.7402118487358887
0.21949110575237382
0.4706028290367614
0.6672429639558778
0.3036892770065896
0.740678745168194
0.7396117316412237
0.17334099979148057
0.32157005271861394
0.4916444985922691
0.8991922947792402
0.20979913495980854
0.33429421445080865
0.06783243216783404
0.3381979294247464
0.592825759436825
0.03189120082836362
0.47727384832788383
0.527841813711068
0.8089109757770863
0.35197286229870567
0.46067594782373694
0.729045060732232
0.910978254657153
0.7086239857706329
0.6314666825864846
0.24075645039414914
0.5947157292672784
0.7913715712408013
0.7279453769159893
0.376497115195621
0.5768528678019735
0.4386654663712349
0.36189603545859067
0.6466861607924934
0.6901309872607176
0.2536218233130409
0.14951176897995172
0.7952929098079289
0.3495671195278649
0.509269300273353
0.7563138338432471
0.4420134054054165
0.44456565970024486
0.6707585858922862
0.8109323079666625
0.6176603889042399
0.769908960885017
0.8037372696588044
0.35217677151154386
0.8851415159924517
0.08710765893573937
0.36765460288786217
0.7274887847244782
0.34042839455044727
0.7418032936397819
0.08319180435315345
0.5072413609690752
0.3954998469409374
0.3073986999087616
0.7649957421884107
0.6467370783015289
0.588944989127896
0.15158684592609212
0.45260378055824574
0.8495814184817212
0.17820271589649955
0.4140992528917134
0.45719204987752665
0.34293959507066385
0.5039594664235334
0.3589592294848126
0.5787280936464225
0.7946612876737502
0.467207119206434
0.2438149597809801
0.4708712993042542
0.2305597984467285
0.1034610401960233
0.5145684248176581
0.5480295660013531
0.1597600646871496
0.12470894349702628
0.3309314358103576
0.7354914450101987
0.8596029861889212
0.8273896273043437
0.36778855931375376
0.10017349629745684
0.7216696175272042
0.4079593069337628
0.8602912202354395
0.09632438437661374
0.44808304852065267
0.5065937490221295
0.7021013265467332
0.8418616564267657
0.6951346958872442
0.18176162448449557
0.028010409443314413
0.7706273239021033
0.33336571305636425
0.8220867610318855
0.1710834698649167
0.49063737015078135
0.48718507214810525
0.5220902729971679
0.4434084433727494
0.5461612663327893
0.82887175199781
0.5239139017436079
0.5521371564451332
0.14417765085478007
0.4261756347462321
0.6826432960587633
0.9070942971388716
0.2600199347781789
0.5123188660086772
0.7421540078370662
0.41170796601903564
0.43777591345976685
0.6346671795945608
0.9336935971495841
0.566002104039354
0.6421197013842466
0.02963400132962208
0.81217165503193
0.9274763552824135
0.5142776656685772
0.7261214390987485
0.3597572061399619
0.3654077326807603
0.38465497788911507
0.014039772546088765
0.541661146376594
0.48718593106356667
0.7682976490479534
0.3872115471242055
0.726654112134882
0.5163118229388272
0.278669511504756
0.7729124137576544
0.3456104037540312
0.6612059674873101
0.47563977867927226
0.47102858935616654
0.6191612575501342
0.23986317481396677
0.08249818054041852
0.5114824023257308
0.30570688168521787
0.5285761109934051
0.7377446396201555
0.7468670337393267
0.6290413319896613
0.9146003386294336
0.09539080440167862
0.15403749935984454
0.8487775717092112
0.39512620459497794
0.5011890489901298
0.35512974877085385
0.05927407943125276
0.44353755714880627
0.06366307505627393
0.2629743058570169
0.26735303498832436
0.6287369001087149
0.16294474045448873
0.7444928644905865
0.49787601679417426
0.6830930666863678
0.6013724727683883
0.46478755623315904
0.6928444306339536
0.8441443921863592
0.8254941464632656
0.25054445414000126
0.554040641358804
0.05526519507840911
0.2363068274954765
0.40871363742625183
0.20483281324357466
0.8355425075246617
0.3203276468002684
0.6263345605007686
0.3562993641783871
0.8868629948971268
0.4320691273117212
0.5585549009688504
0.7793486042223069
0.06399228689072782
0.15418994631807478
0.5198095998816781
0.8688110492277253
0.5850834151980971
0.30718088086326323
0.5093804384965074
0.1315699004105625
0.1986954177650139
0.750738428655282
0.3740556879913729
0.5406863694957831
0.42000539596896597
0.1635273501267786
0.4541118805888229
0.7335673862888701
0.4021580239832937
0.5671022822268195
0.567431947023043
0.3071211301152056
0.8592199915482986
0.4883614944232382
0.7321444823775585
0.1793581489845236
0.16846961936670374
0.3387536214846632
0.20469765904289797
0.8828784412464359
0.40479677829396143
0.5956479734275073
0.5108638737210527
0.0626363923885873
0.5261359128545997
0.07321207863942109
0.629887047082799
0.46507319631294836
0.8947531405922425
0.7121939978619288
0.943626582474809
0.9203762252718458
0.6214614393350203
0.8644500394852744
0.5905561116054417
0.6835960716737469
0.7286379392322576
0.7372280538737174
0.43749073463893545
0.5773508972555236
0.614607779974223
0.05433222733635189
0.30492087138842744
0.3954189733698029
0.27876878949279715
0.6381783454266423
0.9360641629774443
0.3285317463143579
0.9046571857968271
0.28136101464192054
0.3048232790050944
0.3370977858231585
0.649202477114533
0.7396182022974268
0.6930204723708643
0.8323841447774688
0.9203686334200807
0.22726417678751606
0.21501407321121258
0.5242348190171616
0.6042162369484398
0.47052657909546347
0.08606407071483152
0.17449963636684368
0.7373350869487281
0.7223234566004665
0.6167985564588312
0.6894414176349111
0.47209432641200183
0.2397077372691327
0.7053342526115594
0.8289023754038477
0.5884175873658134
0.5705144684179789
0.6129649199858146
0.06226506172893155
0.16540876509108976
0.6127981252743698
0.5316823324127873
0.8285871294338271
0.7900240829783163
0.5388982014035302
0.33482393345527617
0.6913258933714332
0.7117496575732419
0.4666049857038511
0.5742200479865742
0.34971975339891687
0.7274635216998814
0.3884538550667519
0.6523127953704342
0.6125511308389877
0.32377639673315206
0.0019356644794791176
0.016838868340688973
0.5608966023890923
0.017449190832135118
0.7732129862829702
0.6832296933498906
0.8222804224549304
0.16939770151737646
0.5784504477435658
0.8050158936356231
0.10312388744942849
0.349888752333909
0.29149495867769787
0.33040929637452016
0.395659585510638
0.7656778647551966
0.46964800544619006
0.8278214907869265
0.47927196112003173
0.37427894656078803
0.17616761947979687
0.5098929005665312
0.4705676903409683
0.18325003053052877
0.5233827430683047
0.7170804816260141
0.02159239562168796
0.6024454995666764
0.583878105572532
0.40935700465121666
0.41987218978752183
0.43047959091906646
0.457564341447522
0.4312431213092545
0.23124026952889035
0.42634034960910405
0.28479738009567385
0.15857579194761345
0.3262816990797952
0.47361401735613484
0.8052022687268264
0.575937204149137
0.7727199316417875
0.10336202672294441
0.5426667539616026
0.5655399538451084
0.879257170825551
0.8093523696199688
0.29397098720403814
0.24460214752075293
0.1517210871325778
0.3044340466401231
0.30552120918572584
0.08374668477402387
0.3059013400513231
0.5566635991415548
0.5039046284373296
0.60955515157175
0.43732186790445116
0.6392300200686006
0.8147220626109487
0.3720403745093246
0.8050064298558665
0.5051772907784068
0.05400960807762791
0.4053754228816913
0.11157532116723057
0.3946129544828967
0.5426338846863198
0.7834250885230607
0.5440570447500719
0.5963448649904568
0.2724492872505179
0.19999571782445755
0.6739908219843529
0.8264094638973626
0.5150716303358271
0.83139351663192
0.9426573800883002
0.056996832297313886
0.06943886852918318
0.3068336501175101
0.6428879686168099
0.24590677249405163
0.42672120850293066
0.6055711553747332
0.5621081916661899
0.08122841788347901
0.647867027796497
0.6501904266825954
0.5448965129303538
0.14566062083519468
0.12478458687759203
0.8081348562328005
0.20449618593424423
0.35031283161554433
0.10742337194270574
0.17559144633293006
0.5434786614485273
0.6914873214894337
0.7219158719336018
0.9310224407929398
0.5449088872934137
0.6644351459260633
0.5124970441494563
0.5674187543466374
0.7617469232924063
0.4444400019677136
0.5013154456636413
0.9035197468506697
0.7884043887160521
0.3039282113064763
0.7376753780130278
0.6548856206365132
0.5066618166796731
0.8028521661662305
0.2858888936717397
0.5419854748627819
0.7339624787877888
0.27042895223496627
0.8753945697289415
0.7732178123471887
0.6239180500324286
0.8125148645449807
0.6946272920312613
0.7970830804050765
0.10372169598778874
0.3488759247875529
0.801854559553005
0.36018124406464525
0.11647831922855444
0.32894363678500543
0.06645798960997501
0.03783019106308623
0.5226544582851315
0.2900643083864106
0.438051509892603
0.8905642386621433
0.5410371812389974
0.9015594016913117
0.48606702993590895
0.31226387988570936
0.323138885015773
0.4260108271225069
0.07982430689475906
0.18135307916464521
0.15515778043752362
0.31146501398464316
0.2386734543806061
0.06071344665232293
0.24520280411371093
0.17191323559415084
0.7949368917883023
0.30158294577354944
0.11792334076510082
0.2998180793120126
0.6992076068669136
0.6334435315493608
0.8006449948409455
0.29200133741309126
0.8513399969573472
0.019661100674503423
0.40103577268929536
0.6025383258297865
0.431436950570611
0.03921284916627712
0.04419760775651671
0.24599907699984763
0.4394588101584034
0.12273663693535329
0.3886641829242937
0.774146120508831
0.6769045389434508
0.3108632550047821
0.8845025327110783
0.7336432870431143
0.3462521503174717
0.7468780015457831
0.5876556094301194
0.7527699745540832
0.22812604277866858
0.5888026632191861
0.7695919498928981
0.580306315655562
0.8261211943432792
0.8117351627361182
0.20973012383669282
0.8000214783395326
0.5044039066611451
0.32409180128743736
0.14103036681525793
0.8702965440982486
0.4888449424546835
0.4916873605076027
0.5991732672327452
0.3361547871116694
0.26697929946210275
0.9028638303234444
0.2147893753050956
0.6270048680139864
0.3218889921001127
0.6357856470267167
0.7290129161170074
0.8496805016675608
0.03276249374219428
0.07706892998055707
0.23022967340905817
0.194847648997727
0.48914425115598914
0.3155470326170586
0.4566017678933159
0.5865556818718247
0.10951816525151072
0.5861032315633989
0.7605483378853582
0.5070590997013137
0.49085421883150887
0.0038189954050550723
0.522449555143672
0.8372386807028885
0.5650352800240542
0.4317335777399299
0.7003862303383135
0.8204784504879145
0.11626806440681806
0.7080860453020719
0.3384997474129257
0.5828218506733359
0.800498739913659
0.6935957142283065
0.07159106708414008
0.07595326795343782
0.4969323648976393
0.6619906390098605
0.7388377194179891
0.32183568905241616
0.680410112164114
0.3906248678486047
0.7728995661701381
0.242218793570359
0.568927133944446
0.12802895170296844
0.3209944174972194
0.5573646962810517
0.5125201664773366
0.1337518173151813
0.7436566415604557
0.7130283669989088
0.06611855378803766
0.7065780597324448
0.7182369221649237
0.27845947096667484
0.48018796272605885
0.2579958049520684
0.7762986375113632
0.555941848293755
0.10829323316265875
0.17730757332827188
0.6030856899551398
0.6480349157264419
0.8218784865311368
0.39703525570970766
0.4696988588330605
0.24338234780581947
0.21667113457377052
0.7530966442647403
0.4906584962235111
0.6954638516018933
0.16450450726404087
0.3137338854268171
0.7956638207273787
0.6623404625146374
0.5013831764342392
0.48795663430359615
0.7330560622220802
0.7990326418246099
0.5261673258131104
0.7963214732868096
0.6684526359733503
0.23889787756725453
0.0747023828919096
0.4856650285378789
0.034463369820316475
0.5489624457356077
0.5193370003099079
0.27242584793537583
0.45678863666715086
0.39853224576220087
0.8542064842494473
0.8128484854844952
0.30269179822373665
0.645011553702651
0.7496167699114045
0.12303497904733159
0.700237119603525
0.6102078352464937
0.05754479385361735
0.4204670948191223
0.3708275301621171
0.4779676793767728
0.5604917274929256
0.630773768292548
0.5597492568378111
0.5356886960252558
0.4894718116818816
0.5458060499878126
0.4876658520036169
0.383130277172132
0.6627276999922713
0.7839949921177023
0.09094421043262485
0.3436106437678721
0.608011562780531
0.2650084870166405
0.8941489626689243
0.441552006008774
0.665531336212058
0.5965497804875702
0.036987661413251625
0.5373575333204542
0.4508290280110064
0.6024737223864277
0.038821351008845616
0.575973677632875
0.1779863850851265
0.5962275430342704
0.31885717364215815
0.3006171232986647
0.46352102784027416
0.3651580928069925
0.0890991387049698
0.08410629437383989
0.4499399245128491
0.0829958714438142
0.1918534153268857
0.3341107278255
0.5909144723022018
0.8415346156411613
0.6991132875112731
0.027932827828641055
0.2950734070951363
0.7356870341556483
0.5068156619012697
0.6573699422156767
0.7651192435522272
0.733558011002846
0.7247506563594796
0.5187058822262628
0.17275398849955392
0.2297296307967777
0.19773931560444138
0.5445051621197946
0.4458792812131022
0.4006963574724897
0.49139920327912795
0.7503335263122607
0.4219988092373282
0.4595934022762851
0.2582269467668568
0.7714612860856843
0.6177897902493983
0.4992109840520912
0.29517396277806324
0.03327798042697288
0.38002826210655116
0.3700275938064367
0.32351232486018155
0.3129276999597222
0.7495850767826794
0.31394274118123694
0.5123478833791024
0.9202805677233546
0.4268149983100258
0.7417095319041667
0.7898001466731153
0.33594005679352645
0.299787687398149
0.6031723408773552
0.05070075837656076
0.4364702881328716
0.1543408555267973
0.37373927016768865
0.9204846596038638
0.5301482989991885
0.6446695431030216
0.7619967591808262
0.5133342334564469
0.5771782056392313
0.8057028964540845
0.5351989187830511
0.4452322022889363
0.945234553860934
0.41750634242560786
0.7322962325512159
0.5548477600725551
0.9155351709547866
0.16750340571501865
0.42261223083702104
0.5151856623706277
0.728222253302224
0.3999338713110943
0.6438896297448141
0.23611835207278298
0.9534200028354437
0.6136916382587302
0.5688666805658626
0.7814289834129653
0.4719071717731633
0.8620926203246767
0.13805594794918977
0.5596832434975252
0.07925886030680676
0.04823756952189915
0.8300249185477218
0.5480390299948199
0.5939267520534393
0.5036880365700006
0.5875986979663844
0.36077979028708657
0.8904717262556846
0.5159743886125178
0.46526149423371316
0.5147234912488245
0.38598703237836524
0.5113697350163681
0.6462517109234149
0.18026386780634024
0.2557544131327327
0.7724822024228486
0.8651799218722949
0.16983255712027384
0.5804716660603744
0.4269637700597384
0.593875489517378
0.16292150580055384
0.6766615455537665
0.4815924409502476
0.0592209695015155
0.45325737654469833
0.8018396662685612
0.6446172430932573
0.32169608420075646
0.5251384584854734
0.8581714161410786
0.2127407129380186
0.7290753157660913
0.2577961006056157
0.6834483201448254
0.5298132111928248
0.21562390215048893
0.2810117162518891
0.6199399845798871
0.30251463636296816
0.652235246038024
0.15637714306114534
0.37227935847759613
0.6035026442539937
0.8462957729708043
0.8362116255445046
0.4161579161150691
0.5464481256564319
0.1858132757087022
0.9053664189294436
0.8154204135538945
0.7156554852835758
0.5572242913950425
0.4192985248235625
0.8691730792715919
0.8392610368231275
0.6139224643088494
0.6378843575559778
0.31506966259020874
0.4540966099583032
0.41021172509513976
0.27480760086715794
0.4103371813169371
0.8629406063665704
0.802180437140203
0.9357063179661858
0.17365865923022597
0.6364913472720682
0.7017046808860755
0.6589858427532727
0.41666176664734367
0.5597724963687278
0.9242961317902056
0.3301454299729221
0.11535946297307521
0.22209603487763624
0.23638842270586527
0.7512081719510249
0.7788459932705712
0.46375278561335126
0.3372637322110459
0.3564294978779039
0.577651853591797
0.07826292966044227
0.8687975774865793
0.8860159570620062
0.1329815405153462
0.7503103438478648
0.5776788169086586
0.09446054554358058
0.4386036457834985
0.8821693143971301
0.8689046325557149
0.3223889586736007
0.46900263259610675
0.45277208802133423
0.4148841937594421
0.3836482528962499
0.289222752972906
0.7268984255444667
0.4362367173154615
0.6663972550942688
0.29149495867769787
0.4617899960927906
0.29579363706000905
0.584872850255045
0.6800609916520671
0.27881847912511903
0.08817889190392035
0.5375671246618035
0.42154145365873297
0.8188258017416371
0.8287864694473878
0.5004516399374364
0.6516736341537307
0.39278243204478985
0.7557910404189793
0.44359302150264357
0.25136798676666544
0.873618745034013
0.6163607943961986
0.8729570887403806
0.5219137841817214
0.8611619834493265
0.37156700549492905
0.5238163642858088
0.7933150442890344
0.29408449439539797
0.7823462634372201
0.6692625740545218
0.8578172019791817
0.31522221525450617
0.6139235817837434
0.9213457601939793
0.41963784218779937
0.5358890536001056
0.4570331139918734
0.037853916809741525
0.2862317645767787
0.7434793115214241
0.5596851883957293
0.37312725099391786
0.407948879252814
0.17852749928435122
0.2358551309097666
0.7937097495015774
0.7768795868649805
0.09980563601880045
0.4647220128174876
0.7913813968990729
0.11434641595150469
0.5051749450856529
0.5709922593978349
0.8372114975351098
0.8376633258518367
0.54556306084355
0.7157488526686047
0.4403519233442065
0.7284576183219946
0.6740519426783331
0.6532353581775351
0.04635512964107374
0.6604309603659076
0.23526944624420165
0.8423307421551117
0.598216946546428
0.2759748110510869
0.342465810716949
0.6433318187765281
0.6359149263811692
0.5448328337770982
0.27074670377619303
0.1226954423969373
0.6429123787917783
0.6192160574631159
0.6488054795235125
0.2846403679729221
0.40247220271155176
0.18203166962669345
0.434938897015425
0.6861006917731721
0.840658520005537
0.5759627489594448
0.9138185430870941
0.012538073198060948
0.2737838077407222
0.7318912626506412
0.34158724542989627
0.6822749907584092
0.7252278526913897
0.9516255472156131
0.5135028031453149
0.2589064895912379
0.7459369767157809
0.34269655530825777
0.7816846178323122
0.5354063976993555
0.09922214227804703
0.304576020192823
0.417158798802993
0.7180210745545801
0.38856997143641
0.46535748436356805
0.357102350407199
0.4465026599574374
0.20958443334768045
0.41784472265017236
0.6107586436927909
0.4259310259069487
0.24610523413021845
0.1778510217749719
0.3732842788871398
0.45844174326370263
0.7467229799216817
0.5193108842085772
0.46072855109625593
0.5637381152252612
0.4212628094159366
0.7511874145693106
0.6155758132804922
0.23209344043395094
0.6437477763267802
0.5170158511868256
0.783260481326012
0.4595061573902603
0.059944966096271805
0.6838538023653963
0.5137974900654434
0.8723043743492206
0.25381675644817103
0.15399159797382697
0.8614083757126739
0.7785366267503516
0.47657447059334845
0.30383260437549686
0.49728191866089155
0.08740019537696588
0.09089216804413293
0.18182357452089193
0.4365818040824184
0.00975633188281736
0.2246589516439663
0.8523366805417273
0.506337083521752
0.7522829842586095
0.6507256846522474
0.4043522914449093
0.7334187774129524
0.722065732880049
0.8482175872727248
0.6854242135559739
0.879359176750468
0.11318537843605979
0.32368549034044924
0.5695444836820908
0.4889301064076639
0.6230747064285727
0.2842501323931911
0.002481724681067517
0.7884671541549692
0.6370469935907761
0.6658657599772352
0.5042034654242606
0.4385621243521191
0.8317497807066849
0.8530385798750154
0.7017365315936099
0.37045128945400296
0.8199014457150379
0.2836005012060419
0.20971352218441994
0.296705203234061
0.049246871200161337
0.3511945090838483
0.9031762062661447
0.8990389752644077
0.7843526236794854
0.8191871117905842
0.13836741598497906
0.038620992255092
0.3435166616532291
0.7761720660645446
0.3070109414995258
0.26175741952459086
0.6282565589024112
0.7226016913080183
0.4376384236262201
0.6652286381105708
0.08956137979423717
0.09340580107626299
0.09646422897711342
0.24702688470080747
0.37349859631845816
0.2682439822920898
0.8971671246687886
0.5845404752480284
0.515363113613078
0.7604900927136918
0.8976110611163771
0.6860959637527186
0.2567273924845119
0.5307356175312125
0.052197866052836155
0.6885689935714283
0.5757849231544545
0.7282272412250982
0.2076029459914205
0.19171830265457102
0.518998994002674
0.40981133793588115
0.24791332980068145
0.4394607906435229
0.7077870844081106
0.021505179333455877
0.6311161863065459
0.7940953621585732
0.22200100652863722
0.9406978654391257
0.7782051093199527
0.6937196392555016
0.8682477831903463
0.3747817010686466
0.14944324937830444
0.36260231596309206
0.3223074111332497
0.7690821924387474
0.3930456095830225
0.7615691912757191
0.4769898060235614
0.06202255886084434
0.6766615455537665
0.14608262642629768
0.5473066432190192
0.7230837958546289
0.41486260592139684
0.07608508234678218
0.49973105485019415
0.4829832795656837
0.6628569677259871
0.908540182177537
0.3683443768309185
0.35080126588859833
0.3760922665876043
0.5183483646565504
0.0727548815710335
0.4634467416256484
0.722573132833469
0.8934447929618545
0.32959612369902297
0.5944860127238561
0.4744900955002638
0.48298530671555867
0.1328378445218803
0.23165381750760305
0.6481309653492862
0.41512350871841663
0.29570755477779237
0.8847430601326528
0.4448564047300427
0.9192020200800414
0.14284879125711025
0.4963555507393126
0.1468927540176363
0.5694742699324536
0.26343821089659686
0.39988898151414687
0.5297282242140384
0.5535271380304161
0.0019530910600040268
0.35715523305726293
0.4113693450111788
0.6808731670629061
0.8859257124701921
0.9176312500226712
0.5911034127969622
0.7285087137938323
0.4157083230607153
0.14914878254097666
0.5298326298469425
0.18965374037748764
0.810741590755976
0.19055742338687906
0.5621727984341561
0.9188301461625575
0.8863242431235518
0.8965273643385279
0.3287534962831575
0.8927976297804453
0.2650006304220797
0.19496062596634856
0.43430660582421754
0.6844491788706724
0.8643303749016584
0.7201390936245776
0.40998257128533
0.024095447075165644
0.09779230616515376
0.060605907846956006
0.30114479660430626
0.5085905410818595
0.8825484284546979
0.6022021513061498
0.2575582148788939
0.22646948458895344
0.5849400957982278
0.8713082571058162
0.2910072987350064
0.050914609651008365
0.7443741897610897
0.5947836030548204
0.6164948079646759
0.5372930835081772
0.7755262751641783
0.4836607274764193
0.5685858655076413
0.30915617800674033
0.4292912971695685
0.13002539872512603
0.40676490887339756
0.7899491139161169
0.5123873927466053
0.6557892891126202
0.4897844086559834
0.50163961836502
0.27074670377619303
0.34374809679354335
0.5211850027221447
0.5196336569265193
0.660898279064383
0.632439474049865
0.8049842594702619
0.2494781654667416
0.6940567045373762
0.2613375839734882
0.8045724134658618
0.21877102981916438
0.29512524274088264
0.1766436138542126
0.6768067460776838
0.838819665889298
0.08597074453238665
0.33808213378616625
0.7121663504042245
0.4321761300902226
0.38127719403914995
0.2365557449495005
0.6997249626597152
0.36546155359251714
0.30156086672129423
0.9023004612624591
0.445721663454453
0.31242707904692707
0.5721115114657445
0.30946909156905006
0.06182039358653522
0.473284539330665
0.7811043045281485
0.6358357633949263
0.8512941042526958
0.39697932906545047
0.6012783103961272
0.5065074309663292
0.32908479769450416
0.17219546791357165
0.8832225280601087
0.18613099064776617
0.4193184170418027
0.693607916803692
0.7785716839355424
0.7335446987379284
0.016542606086204458
0.6535022383327633
0.7522302648796704
0.3588353620801221
0.5940672157067046
0.8730649462483724
0.2188182520591315
0.5219797673292083
0.4295213162136603
0.6860851348765226
0.003892349604953308
0.38823000574235733
0.7184305809334867
0.1563117597666335
0.7269696622966243
0.7583723083543419
0.43847848703037556
0.6211892037177222
0.7750733948697129
0.6283782007151464
0.9067805582459242
0.33878169650242124
0.27044927062547025
0.04338778548832557
0.6240123680508096
0.7401342842033498
0.2958347778474489
0.28626348780861266
0.6012059712522145
0.7544650170555721
0.1357981315736482
0.03177465638857385
0.00894490606650982
0.370237128061462
0.2586559210683418
0.5271647222579662
0.7028940483590087
0.07066230832625844
0.6721955447763824
0.13618709077760233
0.5245766546824685
0.7400908619909992
0.6318266075753972
0.8188988344948274
0.606984323495687
0.8969476692141333
0.052558790323600287
0.12661243770886063
0.8141029650741978
0.3949185550556681
0.2109930608847344
0.6847093876400632
0.47585359460149085
0.7727923650319952
0.6662765434141484
0.41579266647602364
0.3349523470682416
0.39982603208787965
0.50228412634396
0.2542808018665352
0.6388141473844533
0.5202263317187129
0.3725571601504644
0.6365020340039286
0.88908864520124
0.10726388974575324
0.8903183250564962
0.5695978035882884
0.7496809427252664
0.4381609380512404
0.9697453882024313
0.6058189135663239
0.46965484563569815
0.014088001824386638
0.4241589540179402
0.5580793295135079
0.29016443672104325
0.7851372544670161
0.7877476085714139
0.738017545746217
0.5300824171284051
0.35991478219470907
0.39586964202903324
0.410643634402069
0.5639023031103781
0.07159106708414008
0.22595104648080813
0.6871095817351043
0.4667189129289155
0.7314582743345546
0.6606778270467099
0.5091287920555316
0.9220050408946616
0.24882584033019348
0.6399298022539608
0.8225884147858068
0.23273698737934911
0.8334661552363505
0.5611009698649185
0.8160974680070906
0.7519946176686805
0.4057696223599531
0.6039965614545176
0.10163087803980492
0.026867827029733574
0.8544180345671778
0.4765039495684266
0.6364190942621053
0.639204433309713
0.3891655655639269
0.18410571533706516
0.1579449664898538
0.49150492207692176
0.6678236662700106
0.008129069439480614
0.23223044474799787
0.6227974026657066
0.33700941700268333
0.8228410992120303
0.26650533591325537
0.18931219195786372
0.2180952864224248
0.475396176584783
0.6777570790984911
0.025535423760770153
0.41264628206590387
0.24179892600757552
0.49631261459123144
0.018490170438341825
0.0669094980701183
0.7590007843149196
0.8624687080256082
0.7169722432263409
0.8847465932634433
0.47869464407584894
0.4078723945167822
0.33603190519837167
0.9167200792107504
0.9392505469182183
0.9237549939008153
0.33481521598742336
0.281390449670059
0.6900832318876304
0.09408637867493869
0.9152597696294197
0.2940734465078211
0.13680851880360914
0.35695247513964284
0.28818471487842745
0.7819703318629373
0.5879005111970171
0.6316442763720457
0.8493901225039249
0.15058607073971444
0.8260791953778869
0.5372531674042658
0.10170863250560218
0.8356320445186342
0.940426868884572
0.6689422195334783
0.738938055500606
0.4677182759024364
0.09162144324457452
0.6081489599759468
0.15133319609898474
0.9003602964547355
0.1495555258433253
0.3304382424971096
0.20559372570333576
0.43770301137671147
0.49980587919377983
0.22485257031598446
0.8459297324186048
0.2777997113963301
0.8536028494971822
0.4477028039587217
0.0457064090579269
0.5501372980096079
0.42870227241043035
0.6222420869437774
0.28780378315710886
0.29817942139637577
0.020938937241230967
0.6098142587757663
0.4852260581402852
0.35069449619461984
0.5103819594308445
0.28449519855174016
0.4319699534499952
0.21871611390018386
0.02999862560377043
0.36513952803467215
0.34006848091777403
0.4320848980561716
0.8520108969666438
0.46086626039241635
0.5871622433926451
0.6986682451551917
0.6492846049584321
0.5815293841217114
0.39755970834071486
0.7142812531341293
0.5622326880379749
0.7019640102254184
0.16480809735542312
0.21843386034909737
0.2949635920591154
0.42946443906734083
0.6606345647747126
0.6318649965882455
0.4577168800002253
0.5035869033977217
0.11733603568374507
0.4292850950604052
0.6084096343776962
0.5743057102659013
0.14789438927686666
0.19551142627848267
0.807717226686012
0.25881320504985983
0.4618033780340682
0.950369314126773
0.2629677988374399
0.4154643498996601
0.6152555568967361
0.53784972947473
0.5896740034527913
0.22378344589863156
0.5751452002871166
0.3446686715038196
0.7753323386406431
0.05497839752707028
0.7226624336038381
0.3611946199068357
0.6944276769073658
0.27116698572655695
0.6466232750340438
0.32274278360702596
0.47953356881474224
0.9005631323750949
0.2910565766521925
0.8332043177819155
0.7307519966565406
0.46533950339690555
0.2645695601781556
0.9242230680659766
0.12484020256321514
0.056524248589699504
0.7018320258071992
0.44652479231181513
0.47384405657966516
0.5037760761951098
0.3850189994029218
0.849202638884575
0.5140114535149796
0.21743112188531744
0.4976828149734253
0.2402456127809918
0.3227642061527203
0.30931490207098256
0.686822962715699
0.1137262598759813
0.9537401160499207
0.048703439717994644
0.3243399956839616
0.3897025058526527
0.5162189692333863
0.40385777018713304
0.07653630952243463
0.6460664892860846
0.507819734444494
0.9265778866496099
0.07175057580996326
0.2960449718823099
0.6155540257209393
0.4042347861577267
0.3867961639837187
0.6746702731370275
0.3040049865986907
0.5530420855032595
0.49646797516349306
0.46695132882409723
0.330313997969897
0.39550530249193916
0.20078518717390323
0.09761806690112787
0.6537362940031298
0.8451908906062596
0.8333902258469867
0.1267863708615418
0.602423405226955
0.4824943430748322
0.6153087770836068
0.6662731298894942
0.21926817154234005
0.30740242842033116
0.43329701304938845
0.13263250994825035
0.8739673080314732
0.8269823855875016
0.6056449887478623
0.7264348583682585
0.6134730713644575
0.33122500328382687
0.36314513702275975
0.8791834080553724
0.3720154309100563
0.22401706214951791
0.7557201028424337
0.44277595798766706
0.13743582579623817
0.6010435341649066
0.3420966371221649
0.3785637425611967
0.37752520002878776
0.7455173018187687
0.7406926348274362
0.7462543935013795
0.8207965090975659
0.7054820183463401
0.6709498333964121
0.8730016457080734
0.3314364302666685
0.6148949065505299
0.6385062168138653
0.46380488196488173
0.6374256798630735
0.588725140587731
0.8225841544085613
0.3349035370731475
0.6058847065229747
0.8245394983473221
0.3936408826296342
0.015908724546845738
0.1588979596606277
0.43596625729636246
0.6135247543175605
0.5664542755920248
0.5174146709899812
0.4554113908304362
0.6534227994976085
0.7118888538805425
0.22343961377830257
0.13019978472670138
0.5618258338284131
0.5384938759882298
0.5037348849591397
0.4284251986265778
0.13431338689674166
0.8475257585661203
0.7686110992155133
0.8030360879717992
0.035504713297291234
0.27229569566290623
0.3064051909999388
