0.5225813789288697
0.537078135508363
0.5079882165116785
0.13764306132054666
0.3213163854734187
0.895103236151758
0.4951032603861126
0.38966038734060926
0.44914531392084334
0.6945364908196885
0.8864279116395981
0.4850141205245715
0.41775692047742635
0.27922191268851293
0.1340924813063513
0.29466747162044593
0.2257394692565266
0.8264898617486498
0.08558202078535153
0.028279898974607188
0.44942163287728676
0.672791118461456
0.2947762330028975
0.23783518531135203
0.37133344769016735
0.9046879840824793
0.20438181765421945
0.4230810106291725
0.5733489509345299
0.6194457911958073
0.3102986824223742
0.8622715173276984
0.4510670963382103
0.20778443427288595
0.8565902847813055
0.6101637480190648
0.07844290113533318
0.868802325517038
0.1558732658753803
0.24522852613524299
0.9145258762280508
0.19814068431919332
0.5796403596539278
0.5842414749474472
0.8174184861373681
0.8043235389421375
0.364846547944193
0.895925100130441
0.8994020242328606
0.18226643073706522
0.15676210600918797
0.5227675298024399
0.9413223773896521
0.7085989029115229
0.8710619936470048
0.1833481676483305
0.30353333633040713
0.720359956973139
0.6769952296652197
0.447413546722335
0.16359679652697356
0.4144536318789058
0.8883421659613255
0.7331590643036499
0.7253646944933253
0.22567386725755093
0.3711007965481723
0.8202227561459754
0.4278395388810726
0.23562092822574968
0.29940878089158024
0.5674228283941426
0.03343815523540543
0.4916565329225801
0.90930083995113
0.5666352819736928
0.4694040985996495
0.9339755691734962
0.8023360111193358
0.485128224136405
0.918970842113709
0.5540698878488467
0.707199225728294
0.48548108702758747
0.2296486775624566
0.720097865125497
0.09210820398441939
0.21604185951858043
0.4287997357341666
0.6944788252160425
0.06556903921944632
0.5031522769245919
0.48087151977293835
0.4217908899438093
0.7789800743203413
0.910967000166559
0.32982316347344487
0.25196204930019966
0.4073421081103322
0.31024321341009725
0.012064851292629434
0.06560853281744015
0.029239553412603786
0.5721465071489892
0.06582599974651268
0.7661672525260408
0.29864195399902266
0.49813170683439106
0.47587302344655574
0.8700439708628365
0.7412828746679637
0.6999555321676288
0.5761930388043597
0.33333805355476265
0.3109657608892487
0.33283728511146
0.46389677023480663
0.07656110973797169
0.7172388643448092
0.04406515284015262
0.4078981473228475
0.3805039908931822
0.8908064653813106
0.5664599070701677
0.36109911919514087
0.46676599602424956
0.2504639056237583
0.6061639590066115
0.10428412390499076
0.7765783106835423
0.36734530478650934
0.49697108788301697
0.5442731428964871
0.6902830327275918
0.10902416412364319
0.8709457286839081
0.36685774579517527
0.14673602287351165
0.7208075250651254
0.3054248816321368
0.6499466612189698
0.7307570309805678
0.8865598416902004
0.4469317599159042
0.29535830753215875
0.859902241102848
0.6407369763248382
0.381865117528406
0.15973773816204656
0.6062768946128942
0.7773621039629013
0.2702384236911433
0.3821632788312007
0.8632704473068993
0.2637366883019652
0.42767413929633274
0.2337048646114901
0.5130278165474437
0.30726233266599673
0.23060316247720147
0.41130024318904723
0.16837794052929508
0.28162280136665596
0.7811027533511113
0.33964836821920946
0.44587873040145454
0.502228046289476
0.622844932714044
0.040567633706887006
0.5950455812128601
0.48865292337949434
0.5738169967043835
0.6185219901222871
0.3891716049731366
0.8191537009420239
0.47766130420078695
0.6120338022383542
0.338253288091054
0.684429553392387
0.9186926191286492
0.22880169823931673
0.4187866937095428
0.4350293959392559
0.69684472743839
0.3781938636703772
0.7772193548200963
0.40922049773335706
0.7434439719217159
0.8995941261472297
0.3022294016358829
0.5251774585376603
0.14552199733021695
0.08025871254586027
0.11184215358424542
0.5371716714887397
0.6165634742309338
0.16796302251047565
0.1528468034397755
0.4225543908495771
0.5279986812001968
0.23371307295647895
0.6321713681792067
0.9075402324782741
0.45137628361473203
0.6411048471400014
0.7757271642502976
0.22283838223947003
0.37511967613849756
0.2634430370348655
0.33535442997320175
0.2926690780894584
0.831874144849073
0.7052376860336789
0.2999744823994499
0.9246343604677011
0.4730576926882701
0.2958318895097003
0.15500995654020355
0.36255931028676575
0.8222852132448301
0.8667857920684181
0.6161755160246853
0.3029472317682216
0.4779328111142286
0.5606597656238638
0.6017474992483388
0.23358335335872854
0.453685240496035
0.1446829449245025
0.9154291277669494
0.7053224029146093
0.7267977959684252
0.8274216832677921
0.5353029171557602
0.8314210104928137
0.4430136565055702
0.7008480331303936
0.010045539761699742
0.1512862023784692
0.3200296554396233
0.6767628754260653
0.5074401175859584
0.663127110515226
0.14922954764721183
0.005393515534346458
0.8709814878275142
0.6375103447710588
0.11062102273651928
0.5355448784755962
0.6331403192149994
0.4540130899613933
0.8324064170779203
0.09623069697037612
0.5454780192059587
0.16523959018486709
0.7217960989006783
0.3108440946398948
0.0861801240559453
0.6477087568692064
0.8472788367878052
0.34199232444891603
0.3102490392834667
0.2682926301913031
0.861875942368843
0.7470376891283448
0.5863071046348658
0.839072466616842
0.058436161782401096
0.14430951179429166
0.17601376505060065
0.3484733708029979
0.7951632400847749
0.4247229881914504
0.46224842519290305
0.0973678324525877
0.9000316995811155
0.23873566255751322
0.43440337386808386
0.3221611993586925
0.5813937066158337
0.3315466527284003
0.6618966750548476
0.619490525868683
0.3204603486353241
0.8521551310858981
0.504411932163172
0.48949583224901505
0.5084808389761502
0.31840294682442316
0.7814375096350668
0.7818660630845833
0.7228887672146512
0.5117815353038413
0.799842491027093
0.6612611211384213
0.33913735133352874
0.14183955873015375
0.2167735674908451
0.5166661969657804
0.8822068246115632
0.9014477939432378
0.6165971752888156
0.7198549749801653
0.5168508910753054
0.8646198105450945
0.18484857498164084
0.39506075515735356
0.24797419448222352
0.7722063552611422
0.06409976915196851
0.07083437408937632
0.4148995048849985
0.20408608359399638
0.2832700188810853
0.41387607091676964
0.3942317457368203
0.5693969007893708
0.2275916567498073
0.6006494160008496
0.7051173178334511
0.22537941820550428
0.5226447050158682
0.33005765041379415
0.6673070831851509
0.1773782703524008
0.9203030025498886
0.14576590798423344
0.207995642532168
0.4703833398972709
0.24954970688473652
0.11146493909064897
0.6440437029966004
0.8509152301681884
0.4793074562090228
0.3638227636705549
0.5706624466479119
0.48839581984207764
0.619293688994507
0.7447061617874539
0.22298730418699528
0.5631651927364687
0.755832884108156
0.6201916424767226
0.26745071603859094
0.40488575166539864
0.30361198491568425
0.6039653273249085
0.9129024775270188
0.39302125994690024
0.4097437421194956
0.8422812873644945
0.6596760690340627
0.2374529789839585
0.4622591521348785
0.5041994096656631
0.36426895593923814
0.5070830127699016
0.5346281434155135
0.5911184253824647
0.7565698115946459
0.8343096717025955
0.5888388736778496
0.35981153567179863
0.4728208424282608
0.7217766231428143
0.8761506873359416
0.41076829488578653
0.35287308337047196
0.7162604404309303
0.6798668615210436
0.5725603446351576
0.6076210540727501
0.34354120953025924
0.5728177814337602
0.016420211078021482
0.30194905695822394
0.05174945117476151
0.7844237022802127
0.5467570172803542
0.18995216229190953
0.7886110508778601
0.4776301565832744
0.723331347039086
0.9168148607730531
0.13954435476721
0.08308635917976036
0.5712427855746698
0.49208358828149296
0.31544710662599357
0.5961682426081265
0.6743576777112849
0.08777485193608006
0.40242345600337615
0.9539168521431081
0.24118076087976162
0.7222807079531943
0.6913219683276945
0.9027815507107196
0.19172367865978088
0.4465853034502258
0.4052801411341463
0.3713231989409763
0.7479631123073397
0.6332345721365047
0.07088773125842109
0.6128762279544975
0.46616223158926035
0.07157327336086927
0.44493381135356996
0.4311835857824646
0.47761093220757145
0.4613251424149088
0.056783393581947915
0.28601889506994377
0.8654815882944692
0.8854317137952947
0.8075027303317295
0.0033750645446631246
0.6272568096402001
0.0500206233751262
0.554612916827723
0.8329017777865327
0.8492003084522353
0.7363326847829756
0.3328806279463138
0.09823983222480595
0.8568786033975379
0.6969610576322169
0.506246384870407
0.38569350814976894
0.1964855530981085
0.6510450713784428
0.4836801791410757
0.7020437226691117
0.16123171252863133
0.2996633518100254
0.23550385896551473
0.8640615031479081
0.35585994886243244
0.3884636359113173
0.557478647543783
0.212928712994084
0.3495487496016481
0.3063447156765503
0.14169559050323424
0.8932012062654253
0.15066764836349286
0.2369735566556423
0.7884523511460166
0.6481205135258152
0.9114390209459172
0.7549443391972128
0.5275882997186085
0.6092064519094544
0.8902500955651216
0.04174559434062518
0.5072655780553521
0.3497065214733412
0.7822318892218588
0.4231999473564744
0.03199122039729985
0.38161362019718525
0.6933924692715528
0.26394799169643346
0.9010506785686102
0.5149089752335962
0.35506240742654366
0.10303942875356144
0.4232928011396186
0.6872448429131187
0.7225056615132306
0.4561365772749295
0.7845221946339143
0.6418336420103712
0.7776228204713863
0.5365352606967201
0.8321218066301065
0.30429676624109586
0.6935064320826146
0.7124195972449355
0.7339558920189162
0.7740975330569212
0.6289749572195864
0.5131914759975961
0.37830980331802233
0.7548115260338174
0.5762229885133785
0.7797865538820459
0.42342340907882614
0.36275834072680646
0.46950244083981507
0.6065005162811716
0.48226273099815303
0.7401880244443533
0.32317755423548383
0.34218588086192386
0.06688704159898923
0.23205694143318156
0.7137509011316154
0.795782227493423
0.2625109179373737
0.7776389377881482
0.209856014233149
0.24367712044544879
0.6546222226035013
0.7282178863147538
0.6198939067808458
0.14192149373989738
0.46655443652322787
0.05092742047325686
0.24030179209729888
0.8276811404746806
0.5617208569706172
0.8878384290675038
0.7452120174626944
0.4395379460642527
0.26866045235354674
0.8746557109302622
0.41314199213709446
0.8589922624255829
0.5317345073652026
0.7057735904553899
0.2401392782933965
0.5594306229839899
0.7035641155438791
0.6178906080815774
0.344863806543702
0.24205859412216926
0.8622503144458289
0.6366070514151425
0.8780877725150492
0.22588835387524872
0.5249318553983121
0.27783316156214954
0.7783105895720277
0.21604185951858043
0.6516759192630845
0.42530830386614865
0.3526928660149392
0.1621030887066341
0.5334108556687698
0.8702554130764967
0.21296780233316281
0.6577637631898992
0.2249256903650094
0.002215730786288802
0.48649654451346774
0.14198670484146547
0.4101078874060037
0.7233636511512929
0.033761679107784555
0.48021926101786394
0.6559926863399813
0.5447903610642295
0.5804616539910794
0.2149132334399005
0.21893374365921675
0.20381398852081145
0.4051924636108784
0.683830531088844
0.10140248119558577
0.5420161188424373
0.643065910760579
0.4401302499467415
0.22019332643302209
0.734588921231943
0.4566508644285543
0.4342570510905894
0.6306946140860422
0.6320338675670029
0.8907232612408963
0.5199535669933417
0.7812326670717138
0.5115381582662718
0.3817203345794924
0.4413867767706984
0.48363399908503407
0.6189287129993883
0.875234902621642
0.7281337790197518
0.6459686113220283
0.41465742135420824
0.5677719161632341
0.26587865429780294
0.36435105891825165
0.8309820418261165
0.052246206183244055
0.4444419286593855
0.554262150002286
0.6081322460252635
0.8923473954049692
0.7717449248416618
0.45866288004355477
0.5001713118833557
0.5571148096018165
0.5862302771673078
0.6490076575889848
0.32414039112355963
0.6715813008615491
0.16445691804205234
0.12162612951911812
0.9022159228618251
0.5214333139423442
0.8573321257766756
0.8884734078723536
0.23677125668507681
0.37071362471264496
0.49882512605507806
0.14808481349000124
0.6654879881198325
0.6020332207706155
0.8964484273998873
0.8654579363382687
0.9311459264851547
0.8738161093786548
0.33898061417624586
0.3793547852003024
0.5451287947169807
0.5738030113347141
0.3201690103782036
0.7299563548403953
0.7134011769379447
0.7371338807767652
0.903632591410235
0.9213269308566608
0.6287619868970533
0.6573398897041556
0.5912518523002324
0.31019963130543177
0.15433971414547226
0.7403510555623566
0.8861757123550864
0.7412213457536787
0.572475221360743
0.35652242904119724
0.39478956244423186
0.32452038321962945
0.3483583798911253
0.7235091511054302
0.8606995560974767
0.7913366154443656
0.3329754650212891
0.5445772383552535
0.07649545530953573
0.7977477872862911
0.1941089688458365
0.09523265286030831
0.2476175993017437
0.24444788122264288
0.5867094408208509
0.02743591301610594
0.8442547254856422
0.6211183616717603
0.024700369999032853
0.7223056076388474
0.7845408461136568
0.39460492221202187
0.7130590956258326
0.6991698610549009
0.3408475515381875
0.7624360203698188
0.4634309699122328
0.48804704091493356
0.6859356723067636
0.6519699146922793
0.08855253600295197
0.19425170298015765
0.2813294401601623
0.5203359992382809
0.5020926801189656
0.6611908155026858
0.5661781555156238
0.16320488389717733
0.11706763090862134
0.7617491974296104
0.21501246819601694
0.9112062352771825
0.6665163404080555
0.7312137714397122
0.10515871007451198
0.6051410655592464
0.18667558575726628
0.2575664471760973
0.579685585188714
0.6652162387959895
0.5754832256132718
0.18302990004303732
0.40147226585935003
0.6602622038051128
0.5325478346575986
0.5821364779207027
0.33189356526701425
0.1626776725859315
0.6036404093353467
0.5140400711164176
0.8564092551106215
0.050766813333162845
0.713521591102694
0.5702433331029839
0.5814026669795908
0.49702836634775793
0.7835993179869021
0.3450031578203147
0.4831631896907264
0.3342768557980985
0.5711261827233213
0.49744247451178497
0.9413729973211674
0.7275163075254806
0.8601695220122425
0.7568708743156669
0.7716639117048193
0.49078190671937433
0.2347026089113201
0.13690369748046335
0.7395651451789786
0.31006743272986365
0.26687484718016075
0.4892872222399663
0.3228833688579084
0.7073111433297621
0.42423214419599875
0.3659876828424124
0.517274766613247
0.8197492452795025
0.8388454833396495
0.5184130059732505
0.7968681993910284
0.2168727660707861
0.45036389510377345
0.5781689364527847
0.8036716195209843
0.701784103530046
0.6821468076804678
0.12148586262002593
0.10766796949528369
0.42541408304680833
0.7194890135648581
0.407198792232321
0.0848675545966284
0.5921867177114504
0.8474195841982254
0.6502201973418521
0.5203271953937502
0.7548831436761749
0.6847578567952004
0.16461918623027552
0.07882490735879684
0.21442034464627388
0.1501110064917868
0.5067445373750538
0.5512019277810389
0.8353099583281834
0.8624934786080226
0.020228380091359948
0.770274091846815
0.37923147235996085
0.35869223273746004
0.6579594225623332
0.5784939672054161
0.454927136343593
0.6437585474699946
0.6238076044331905
0.016540456733330548
0.28938124744715726
0.2194761804000558
0.9030425357111856
0.5583260402967397
0.17688805960835105
0.45058528504262474
0.5884356157161413
0.6728418703973191
0.5079013156528128
0.39850490852809867
0.29640114210407115
0.23880664223297027
0.4165807474355028
0.47576736018072685
0.20501059843036593
0.8019574643811143
0.20729149764406357
0.7976717091398194
0.8820488549491923
0.6457101367800947
0.7684799754776822
0.7528107228743828
0.7276399434086415
0.8653394108229404
0.6146275528814144
0.929868243436599
0.40500883594569964
0.681642844820292
0.7160899285043549
0.0579261785044201
0.6075579967186102
0.6448032385575747
0.1362442961659887
0.16436556130105326
0.09247188098513323
0.3920197132256067
0.7492126518330869
0.4683419787359638
0.8449444337030791
0.9697886900754481
0.19699580742299908
0.5714571613771177
0.5494621016263453
0.9008205943946792
0.7736408883512315
0.24945545301030958
0.6104412104825033
0.16935852223720543
0.43563283948253
0.558092111370836
0.8118258459528475
0.13065535738832793
0.6013153245837265
0.7907114657062679
0.6757331923272193
0.3876550883833287
0.3143159440153933
0.8934280271423268
0.31252058256147774
0.19964896753013553
0.4667087425311506
0.018648835555522915
0.4053815748589082
0.4656739937114649
0.5909219173942821
0.6078597070071095
0.8807113800103528
0.660315135884229
0.35375096961531177
0.6154560937576204
0.792844526211028
0.6587773095127941
0.2861033714134109
0.8007310799365855
0.17996130059028123
0.7242446782767407
0.67530883771016
0.0471778636715393
0.15794895404957607
0.5531151872147005
0.4822629573689019
0.7263263796012462
0.5721783834599775
0.25217612546782175
0.3327814587366314
0.17753742101502992
0.06762049517795705
0.49294731780957124
0.9581725963969384
0.9413993733050177
0.30692463492096195
0.3967967681011216
0.7669369909268731
0.7525392787887286
0.42271915382148517
0.8748649759362065
0.1248400042005265
0.580483233242005
0.86942883335971
0.8374897871169537
0.38523329257406175
0.5043069873874683
0.6785846552708386
0.9230636165758849
0.40615408917589724
0.05159199568276476
0.3023163584942459
0.6081674622440166
0.1946441619370186
0.9091928117521534
0.3546699046900859
0.18564528864213767
0.11436677068725219
0.4530117682869868
0.12368862235490789
0.7291432151712351
0.696470968373478
0.7439674296083824
0.023144533093356453
0.40526938894513986
0.6484530245050798
0.6665679572707351
0.3260298471227048
0.6372195216459983
0.7811456755884343
0.13643413762587617
0.27193170813105305
0.6021289421931866
0.23256332140459932
0.28321001622024
0.4656967735649655
0.5971371571233743
0.7754103364118073
0.32777617814620846
0.7186506351678262
0.5227139131869537
0.5416982684746761
0.6625893527506987
0.21136612671781432
0.004344620084542588
0.7600389760641484
0.43451243717375687
0.5475020541388339
0.8004669688618451
0.7726331580621111
0.8272816224753049
0.7107451300728657
0.6532074487853015
0.9427392435935457
0.4400751317739545
0.5648460877365289
0.7942393038923361
0.49263634240874105
0.6414593605725546
0.3796057541796547
0.4577116991707678
0.6381240589481619
0.6565124035546628
0.3771502928349307
0.5548426160945535
0.6608474097736928
0.4301675670997742
0.8416986632590872
0.3844720703505642
0.5147498559529966
0.2529443154396295
0.06632746900869387
0.12603621727340852
0.1224039238728408
0.1970943712009502
0.28834641030563024
0.8105003793259495
0.3230173716570202
0.35903537310698685
0.6047748331457162
0.3273931114392273
0.6741014230774588
0.6382674723490013
0.3618288166093789
0.47535245090994244
0.6639370877688983
0.9193151026115829
0.4868952425773096
0.44031283199250587
0.7547833709043518
0.819081365860425
0.5516854228220063
0.6513603873712589
0.3669686454382654
0.8000944305332773
0.6682672685461408
0.09458666651599647
0.14752381875294546
0.19624505521009117
0.8744285344363446
0.765375732509601
0.7302470483797159
0.5176540650754201
0.16695745859443184
0.6921181728773623
0.3890624690613005
0.5605649922371856
0.08409343176070606
0.8652543742761128
0.500654417410988
0.7473135823495087
0.7344839272325808
0.21635779213906706
0.46661637281148094
0.6798930640309769
0.29207174058222324
0.7428164095120845
0.741505605550183
0.17697189554493986
0.3238269053164197
0.4922467860987984
0.893991242031541
0.21213700833413465
0.33506784694642855
0.06635573136082214
0.3376868270664131
0.5950241248939524
0.029846432694988666
0.48044546746917904
0.5241143078640047
0.8067317449799292
0.3478543614540323
0.4623530656224677
0.728147958448639
0.909316650714297
0.7178108319783326
0.6227217695503897
0.24261803364312465
0.599260449385601
0.7981708044619051
0.7191486314111906
0.37215185652974103
0.5770002419496895
0.43522418570240806
0.34211909357493864
0.6439311432701751
0.6831280368212975
0.24823336799885612
0.14832106628277544
0.7935165256214212
0.34457627952976455
0.5013816252042201
0.7603413650331312
0.4416675102684602
0.4406443890806913
0.6695613407473255
0.8032866653138808
0.6130424984647392
0.7652306231319389
0.8030410510419982
0.3462008737119883
0.8820520493460929
0.08946600305592856
0.363862584315141
0.7371752575659872
0.33579880258355516
0.735897301084497
0.08025809915211136
0.5021002739270732
0.3972961763451191
0.31121839166663184
0.7767235350863959
0.657523915264388
0.5847992863646124
0.1521662676575304
0.45059928377347697
0.8512582519129301
0.17364436954676293
0.41487782002825124
0.4502159806062402
0.3466775000229315
0.4987986865081952
0.3629293994001851
0.5971886899737395
0.7942253146056596
0.4702706168157899
0.24357537828298909
0.47495314193845495
0.22827624082698714
0.10685267926421288
0.5172295951528412
0.5470567382301119
0.16104398793130215
0.12673919415451038
0.3250022399308632
0.7321823505821159
0.855065638685588
0.8313901188569324
0.3692709783890068
0.09766104092396817
0.7217471544312842
0.40433203882697066
0.8663412945738044
0.10173515041320857
0.4436419334933076
0.5119544857994852
0.7020829746627251
0.8422019904157896
0.6863702322039055
0.17904500502141615
0.03657959144926206
0.7747900571712066
0.33361592779700466
0.813862787655134
0.15091240619422522
0.47691953038459844
0.4836885800162816
0.5325884749024152
0.44781890583582606
0.5469323295162681
0.8261323297774774
0.5332434533002077
0.5553177748199997
0.1435997426375005
0.42092645730633566
0.6892793872522949
0.9042934059975385
0.2590877440130226
0.5189590202103731
0.7319032996552931
0.42157951333150284
0.44712356046001916
0.64485059593519
0.9329208117344001
0.5587688592992033
0.6382324760414839
0.029594249013365645
0.8156643749730675
0.9269452238145458
0.5039735145243358
0.7300910391758636
0.3635879473633813
0.39542004162667665
0.38210453359906543
0.014917450932230394
0.5380014272745798
0.4844260901863274
0.759894076161295
0.4000720745809476
0.7296048446046443
0.5029216577493708
0.2804564330266663
0.7784959865331528
0.34716024004844276
0.6675564728257276
0.46130452786676374
0.46665585720959263
0.6167375400335117
0.23737111921787366
0.08137625497174024
0.5174551941661891
0.30108278623071083
0.5314403944764524
0.743135498768386
0.7441457953488306
0.6279485718420581
0.9127896993347229
0.09729494113156605
0.1553528619812354
0.8450273884471744
0.39298608248885886
0.4957198462157363
0.3506666888166027
0.05980726863434993
0.45426603423809375
0.06290296676926849
0.2612131795029109
0.26616054221368507
0.6142621327056421
0.16571661798268766
0.745791492283169
0.5073419645412458
0.6772478267896122
0.6124690148852119
0.4680088322000033
0.6897486723694175
0.8496658752912173
0.825982701729968
0.25250380626847463
0.552880488677383
0.05424535343040477
0.23010038355079357
0.4094877769822558
0.20862678453999822
0.8346017021159617
0.32102423382961265
0.6202014691253522
0.3552248662005049
0.8901936983682475
0.43440812971182197
0.5511520674780706
0.7825663082061488
0.06677372508081622
0.15298235034059626
0.5229870216307594
0.8686679918875985
0.5942182547558313
0.3283337962407879
0.4914900283859592
0.12719143626672455
0.19322567719052575
0.7471820957715509
0.3631776478867339
0.5351306765877901
0.4127666741137461
0.16462333805635004
0.4365946697198291
0.720808797957414
0.4028685839922892
0.5627452686015884
0.5810406622420016
0.3202485319998211
0.8674433785942467
0.4854339565451519
0.7240845199275604
0.17508588253758042
0.16753944856496952
0.34236000958623347
0.20836632955145842
0.8781848750951349
0.3989234503065936
0.5975756932532571
0.520524091599374
0.06332806307956583
0.5161310929832753
0.07515766798328626
0.623518538638109
0.4782567835417142
0.9037165881239944
0.7081355182237277
0.9404836890639285
0.9226964118012644
0.6165730839067832
0.8509623649994328
0.5964818953456625
0.684766124327242
0.7172577826479097
0.7423195987605452
0.43687221758715816
0.5835795807076462
0.6079058010436551
0.05417674601969578
0.30792681717846765
0.4009900223463836
0.2716326008691848
0.6458412468740475
0.9377069254156931
0.3373400212442241
0.9111630571145578
0.2764498801653396
0.3075479167230972
0.33816055993652905
0.6378399453298192
0.7378013301132849
0.6920663645007705
0.8356365050745459
0.9232860210806048
0.22755672930627618
0.2167192358536565
0.5206242559837767
0.6203936453443322
0.47728662573420183
0.08678617960241125
0.17213144583199116
0.7333657522271017
0.7114780943984191
0.60636379683068
0.6819811715719796
0.46454566582986745
0.24215154257365362
0.7122911994844192
0.829712024154504
0.5769807454955053
0.5671236199714143
0.6263411875466038
0.06339528007709763
0.16764219571386696
0.617483004638467
0.5430695319837009
0.8290400843248098
0.7952387308697966
0.5504661514598387
0.34486102076232467
0.6915393676999928
0.7001032446130355
0.47088348254639173
0.5670632673394027
0.33935628064540957
0.7402622750737083
0.37517343754845195
0.6546613886338459
0.6066853574779316
0.3236801179470466
0.0017418740489970024
0.017276877350393374
0.5614108792612776
0.017531735566608902
0.7828835658149456
0.6785715891800815
0.827154034519835
0.16899870358017735
0.598115840075146
0.8097515722103914
0.10522424203873805
0.349664646442091
0.2793554668674911
0.330759192276111
0.4003297510910527
0.7580008822499489
0.4580592904444149
0.8283790484061804
0.4857991058003996
0.37521060010154456
0.1710711962344613
0.5133486715817224
0.4670672632549665
0.17475305935964058
0.52822989352478
0.7243221469359732
0.022906252538640346
0.608253062923405
0.5678393106138021
0.40753002177921116
0.4151313662873158
0.43300347697911046
0.4581611221333865
0.4176052261977577
0.2347339447170792
0.43986919458939877
0.28593641788766316
0.16116084697868702
0.3274689767832078
0.4761531265792899
0.8140677422349039
0.5865941750850671
0.7632637244030216
0.10126831642475519
0.5419802917262655
0.5576290334549352
0.877196047351189
0.8181905702384288
0.3073099474219066
0.26274795350077534
0.15191584558243923
0.31043634908018386
0.30426212007832587
0.08343167795738562
0.30473044588669307
0.5561051070453646
0.5053425121378055
0.6156906971147463
0.4336985207949668
0.6480063441823202
0.8138947801533873
0.3583053969903026
0.7904586710967904
0.513823851688789
0.05260726580995472
0.4112900859898704
0.11075341739325371
0.3960336064015749
0.5303319999142564
0.7766975187183518
0.5481022339259509
0.5903640930614651
0.2832095023646714
0.199608472674408
0.6754617043666585
0.8274332835286267
0.5203719405344114
0.8339609832382094
0.9468275663104856
0.059465360098388195
0.06764282071881077
0.3047313906424867
0.637449011337559
0.25131436680153096
0.4273821390428334
0.6161100380518869
0.5808694871029119
0.08257203948440371
0.6442193942177318
0.6442811493181761
0.5558500442306997
0.148127430983668
0.12780099763642433
0.8106775334687296
0.22013058191205612
0.351294879082436
0.10795816254704911
0.17659816419226954
0.5423943371821867
0.7005079892768049
0.7181998467643699
0.9309770612405828
0.5616164463611576
0.6665051938812765
0.5154334335854095
0.560599518590097
0.7661186749215528
0.44648124127634736
0.4892841124653135
0.9068384346389144
0.781088606820616
0.3062549890787013
0.7370011850005411
0.6523069545463392
0.5236076113831343
0.7953018438768988
0.2856652099849175
0.5399318036009861
0.7404407056004312
0.2629791030885409
0.8803354107334148
0.7724178133396585
0.6282127191308342
0.8066846041257069
0.6978034995686212
0.8019816681168882
0.11066518444625614
0.3426814216235169
0.800457953558951
0.3609921652860433
0.11509821030792207
0.31937177921941895
0.06639731927259475
0.0379886633345254
0.5226048926924808
0.28961867876229686
0.4352707860119711
0.8926913493040595
0.5384437401635095
0.9039720327606497
0.48175127531222056
0.3105830034313573
0.3359729944037722
0.4213330131136205
0.0806849031142958
0.1758709444057871
0.15917867888134882
0.31159004637927823
0.237896524273909
0.0612855152315361
0.2435563173523178
0.17071162386836203
0.8141811114944226
0.3127959122367504
0.11912448168763279
0.29443800958889416
0.7031035952145844
0.6428816157242505
0.7920121486338071
0.30031712390564425
0.8523141356224803
0.019517979814508805
0.40015255377313363
0.6077655218616734
0.42438846267123076
0.03745233196999215
0.046234491585577
0.24245005731887356
0.44147019933025927
0.12307238764648289
0.3991384768368828
0.7702893773262038
0.6854388366299854
0.30261248574619304
0.8850094927541873
0.7332703488089835
0.34101840019033103
0.750965850044766
0.5836863961934882
0.7408139786861938
0.22917787165627934
0.5916085199359447
0.7684998978312859
0.5874418995441754
0.8292307233857833
0.8048940093375503
0.20447912785897532
0.7913704124531268
0.5070887363696979
0.31011773320813807
0.13926820646817642
0.8697396169037294
0.4831631896907264
0.49581488794479633
0.6006231094111786
0.3380114935041375
0.27348002570025515
0.907437733612404
0.22121332265469207
0.6247358471862218
0.3251388371763799
0.6422367562375195
0.7311419972714616
0.8524775568080294
0.030799048030377925
0.081628421938083
0.23062586567466345
0.19264912755196206
0.4909029017703634
0.31434734181593876
0.4573797887082005
0.5798272235973781
0.11030708306455515
0.5992300702349231
0.7611177261607336
0.5126392876333727
0.4792133376102384
0.0038883529691329053
0.5129274053863964
0.8403982144197578
0.5742539183564164
0.43876309760315774
0.7026700111407391
0.8310373414134421
0.12004611337019931
0.699234550123745
0.3348302248278269
0.5886173287982671
0.8037711826207613
0.6935526463790651
0.07193737840802546
0.07456438579553493
0.502681011723466
0.664719899407266
0.741545900009751
0.3262458735272949
0.6723116104926562
0.3793908542874248
0.7772920655757203
0.25026645985482276
0.5713298706293635
0.12771925936297265
0.3223816970949972
0.5641939477560387
0.5159614155731682
0.13602502437650685
0.7525528961286018
0.7109641929876909
0.06718370110726316
0.7248024808727612
0.724607319573213
0.27732874129390744
0.4667319056276557
0.2587977113897244
0.7735517717041234
0.5484402991079791
0.10712175099296437
0.18563749525830248
0.5846544158521154
0.6483130556849657
0.8193517763258172
0.3995233460409096
0.4689735286418743
0.24322673250716723
0.21539222302383407
0.7411205659178995
0.4917089380730234
0.688049630619667
0.16587159899967321
0.31683812595272454
0.7906450028450359
0.6688610383191499
0.5095889307852606
0.4895959045540374
0.7367798143228815
0.7980241353704483
0.5310248348389156
0.7972256497589107
0.6566446870735103
0.2401505652208559
0.07050129185702719
0.48534251339939893
0.03373012948806733
0.5580258365265858
0.5245019268631936
0.2781614022872372
0.46820258620699423
0.39827675936473333
0.8431307957500976
0.7997722938916355
0.3058755142005343
0.6366573975316041
0.7631404044979667
0.12266277058458133
0.6912999001164788
0.6096482768749019
0.05531940693702792
0.4191495111982429
0.3523269585437165
0.4736601379567626
0.5364347775173867
0.6365938421701118
0.5721857904715811
0.5237495867751281
0.4912977311847832
0.5509057033874689
0.4725889368560979
0.37950339137119693
0.6688452683168769
0.7810728747933681
0.09884042580586447
0.34438542432143515
0.6047216062900838
0.2711444455276192
0.8930023099989135
0.44823255554744895
0.6607608385966642
0.583587954122768
0.03974274923532824
0.5385271543552049
0.4526221855692535
0.5968065776519027
0.03896372765366869
0.5814170881283508
0.1738362227350757
0.6043195079105234
0.3201922509605849
0.2938768179163481
0.47528396547645163
0.3647671013041775
0.08647301855136053
0.0727693926111386
0.4510994910607986
0.07978124266581182
0.20156359941543325
0.33416968856708473
0.5853979160857234
0.8424948365610497
0.6922078424814908
0.02763019341415772
0.29660719752639486
0.744540770676271
0.5022785086233615
0.6481739680380687
0.7666824822709885
0.7403034590800995
0.7252692952019443
0.5306574644691135
0.17063846485842185
0.23003136436422336
0.19756507914420374
0.5428639453959514
0.45682788655313505
0.4095077234019358
0.4949097900877216
0.7562769167861358
0.4236785408895248
0.45599468025264617
0.25046219003934256
0.766468722022244
0.614900919814924
0.4845596066269813
0.300486778275418
0.03275880078943851
0.3718948804699459
0.36580454896439807
0.33809615230428663
0.3004804803274572
0.7445829807485578
0.30487481533382554
0.49925511188984373
0.9218742698913888
0.43919353428594815
0.7395770411810494
0.788918941597517
0.33230502284706837
0.2984294066723106
0.6094411118686115
0.052737342699945185
0.44376065099961065
0.15260074952156277
0.3887408290471045
0.922723854934889
0.5276073209887913
0.6485876536877472
0.769192785672626
0.5258072418710014
0.5681409067874136
0.8082456764567675
0.5375259464199763
0.4361054955786217
0.9460845051547386
0.41809726639838085
0.743096115169657
0.548955302590728
0.9199165051637598
0.17128635051947097
0.4464300540218299
0.5215177400940013
0.7289281596740942
0.3875793426874448
0.6481205135258152
0.24129764385199098
0.9519716738174363
0.60921798834478
0.5768933294589488
0.7853883285805788
0.47104052115970824
0.8599838777248162
0.1393643392331527
0.5614788767850215
0.07815778866634143
0.047764446047324764
0.8232814587136252
0.5424709292106599
0.5994045970239275
0.5109346458027328
0.5825604850555962
0.36117887028562784
0.8888558693598694
0.520712162858829
0.46917008891953615
0.4981700778032424
0.3876550883833287
0.5035477129990719
0.6408935785759696
0.18161256642429063
0.24796981006698138
0.7682907514524853
0.8646467725241712
0.17920883310415778
0.5834945078769761
0.42389873919141774
0.5929754441501539
0.1639210645096039
0.6844300360292183
0.4776765168235532
0.05827869648301885
0.4443259582442823
0.7982559142778758
0.6625838897027274
0.33624845589776625
0.5256297308468646
0.8632760960992066
0.20463128614356896
0.7357953480635396
0.2591901757821607
0.6926905832781924
0.532141972926566
0.22569424763158616
0.2648655578176814
0.623237967190419
0.2875162139329328
0.6423261442172755
0.15016512052553502
0.3805099382919432
0.6180460248950664
0.8425973725182409
0.8342363780187431
0.4090870738366591
0.5372551844029846
0.19335719598188336
0.9056167519471181
0.8078704077735784
0.7161640459420965
0.5521170001332703
0.41390456275627613
0.8680249851352068
0.8381061011217358
0.6039862106464273
0.6365356349497991
0.32051450131205833
0.44499208472543095
0.39403678970253647
0.2652616037610756
0.41115577624486616
0.86846684358482
0.8125800865317602
0.9346772556587527
0.17503300844221686
0.6413990378967559
0.7255593093893938
0.6556110636005373
0.4142742507953592
0.5546903220229688
0.9216208987553046
0.33194512343872384
0.1189027904829384
0.2148949893320075
0.24255815389486066
0.7559009486290613
0.7746915067605136
0.46510033900868103
0.33727776676223925
0.36198263541323966
0.5732836593235615
0.07984720987006595
0.8620619676538808
0.886645790509629
0.134022586045578
0.751065060764308
0.5735184723631086
0.09224941070803518
0.4382947732477193
0.8693797351945943
0.8773178117671055
0.3194298663615609
0.4661925826990994
0.4398300128713671
0.42179661509549815
0.38649683869807233
0.2891257208148407
0.7216090698851079
0.43490836848999387
0.6647478940700968
0.2793554668674911
0.4619461289242567
0.2988041293174951
0.5739368737680272
0.6723225812267486
0.27609132381973206
0.08852366762005921
0.534961887331783
0.42595404583275387
0.8169947332370145
0.809813894874503
0.4976627948101167
0.6543387680350539
0.38463718643866607
0.7617615054849957
0.43876878795561103
0.2607545617686698
0.8748876415032188
0.6166666302600693
0.8747860815436939
0.5207413345755051
0.8590106793046776
0.3700313307087877
0.5281415374107216
0.7919141185044761
0.2848850828741303
0.7772029542265169
0.671806048919311
0.8508289364937499
0.31115244293634814
0.616311636837337
0.9243792158624745
0.4005325462891671
0.5358020892217166
0.44225191972899475
0.0392601562733588
0.27870551437745217
0.7409903589499245
0.5611650532446609
0.3596404060589058
0.4041387886007751
0.1783515813185473
0.2415289898027569
0.794522837857813
0.7724794570108539
0.09065074281608475
0.47973803197618337
0.787395706373073
0.11261147640700668
0.5050217370180462
0.5688043032193617
0.8350709264611137
0.8330155884473182
0.5529039066349333
0.7121215571789242
0.44307774524993776
0.7260577352346335
0.67659677256973
0.6485471489623296
0.036616915505124005
0.6612507611087435
0.237109618618201
0.8452921238295873
0.5940782054567326
0.2724199557775902
0.3447371417247289
0.6466060971976582
0.6403744935797467
0.5347860594158486
0.2731807446821846
0.12611812770957295
0.6426512371710323
0.6134993866215546
0.6533819073290839
0.27517783510714183
0.40135059178050014
0.18021360804052855
0.43071757979401265
0.6897432167155307
0.840419924213499
0.5706371598311364
0.9148210455746085
0.012722855402224132
0.27227323205477266
0.7330210186787691
0.345707316974011
0.6815148124585343
0.7266484670643482
0.9572886213812356
0.5120125849552772
0.2652772124801228
0.7462688364507396
0.34927768240606855
0.777081350758833
0.5310107725727676
0.0987157939816152
0.3076707021136281
0.41556785945411007
0.7235260885550531
0.3849091181462869
0.460537867068949
0.35208207687605725
0.44782064905729646
0.21206328302255734
0.42505461209351914
0.6218127296648224
0.41914362698126184
0.24656271046981304
0.18545283320228942
0.36272062065470323
0.467841065618304
0.7637113000910762
0.532575017792085
0.4767479685325766
0.5599344851500724
0.41410417237641867
0.7601523293143606
0.6154955168092557
0.24157448177964086
0.6475139888094429
0.5330767853553763
0.7838637577757263
0.4455604401321593
0.05662328565527242
0.681324573627551
0.5133540487747248
0.8724134094757042
0.2540350103876282
0.14983068778086708
0.8636841907219757
0.7618557817817895
0.4942918896345674
0.30018741408259497
0.5123008560353646
0.08677675107320502
0.08641029629891356
0.18359893434037633
0.44638594133351706
0.01197672289172688
0.21674057748462905
0.8523394820503217
0.5034323165371548
0.7484292933375144
0.6621633393427007
0.4048940409231436
0.7411187286137999
0.721890860105548
0.8452295262758447
0.6829850458864007
0.8906624478351302
0.10678356494538278
0.32634628319102754
0.5618721377441983
0.4841471837924455
0.6252168105593313
0.2850040669464422
0.0024854071462574864
0.7831257846953112
0.6342342132801163
0.6691805962945272
0.5047879165604678
0.41276939450427236
0.8342306777994157
0.8529938462906285
0.7138426587474507
0.3749130951344613
0.8167314097752303
0.28346996222541565
0.213852470175028
0.2997661637201161
0.04769255507100979
0.35008047408332543
0.9029648632166313
0.9000498999141417
0.7858384999349654
0.8244206656166586
0.1376367084583587
0.038894033504895204
0.34456898361800065
0.774965319688413
0.30657860902533407
0.26108655847625134
0.6394103181668267
0.7267028797519971
0.4462785059789198
0.6621540189453992
0.08670767687553696
0.09075782520552803
0.0929746901679485
0.24143209117166523
0.369935391796766
0.2799020303779805
0.894371075076428
0.5827736029943981
0.5289240248611365
0.7532598680815663
0.9012728331236448
0.6927375683641006
0.2527341019859598
0.5431781985258872
0.04863080383797255
0.6830699276779815
0.5651793356505613
0.723203454173039
0.210841077727379
0.19836349105738393
0.5252847885896921
0.39794704098977424
0.2542030503930032
0.43190090043045576
0.7173365078772316
0.021664966823534394
0.6294651409753457
0.7868702579307817
0.21171791348578328
0.9396574171114168
0.7793845339533678
0.7065251212205209
0.8755020641658149
0.3791051825584042
0.14660509962947402
0.3569654022490003
0.3164002545353187
0.7686654326819847
0.39061863539533836
0.7638544608745548
0.494687975158406
0.0658933743849648
0.6844300360292183
0.1477238405568471
0.5431965322456166
0.7297324189769518
0.41452979022644054
0.07437663669049964
0.4972775559232166
0.4866022014831216
0.6640609362369514
0.9075066738507086
0.3802249130404251
0.3454424583069519
0.37385216775218705
0.5187775156058435
0.07375082541258096
0.4560753993745884
0.7191632770616194
0.896916999101472
0.33500490944551126
0.5893542018376419
0.46181328634692687
0.4880917225234205
0.13219874285344754
0.21662938791273467
0.653823237803944
0.4164646358117698
0.30179441443786587
0.878724928503333
0.4494017489768709
0.916033121731845
0.1458465657758681
0.5058689937880592
0.1460293870321441
0.5661921030630472
0.27006441472104464
0.4023531827893055
0.5201732518138359
0.561911824890947
0.0020319416773897777
0.36939234915518143
0.4097115548407471
0.6867174111023017
0.890010093908536
0.9138014505309089
0.5738936272454235
0.7323197880498269
0.4075019951322936
0.1525658049515997
0.5283897856011788
0.1890707587034794
0.8101817337561311
0.18237080222582722
0.5697559269098308
0.914495826244448
0.8885280150391605
0.8986010225466862
0.3300465727750667
0.8882310444666007
0.2703403912386341
0.19225060812645015
0.427044338913206
0.6834129045932107
0.8620976579763648
0.7307298132503492
0.4124204837625533
0.021951031026062648
0.09758233989206035
0.061474721087382535
0.3043476264931365
0.5041831877243742
0.882082819889852
0.5960033945547707
0.24997415982262958
0.22783098820221978
0.5917377124079861
0.8764780418004351
0.28923750667133485
0.053525401531372245
0.7477127809623982
0.6175588395389688
0.6082743029917521
0.5451424996536709
0.7742042380331526
0.4965382120234947
0.5605354063330914
0.30138242709779195
0.4296421631731386
0.12349682778378626
0.3969960140604168
0.7878568401436069
0.51733789484349
0.6650647262011039
0.5010911480131371
0.5151560743598008
0.2731807446821846
0.35285566248216005
0.5285505051181242
0.5138162560194663
0.6662641958381742
0.6232301108380625
0.8017290230244447
0.25157047350896966
0.6732031092839564
0.2716607894309309
0.808893583450216
0.21546934037249513
0.2949271864069496
0.17547859671455493
0.6769945058472016
0.8488690953648457
0.08495925451293204
0.35597106780165716
0.7102223450173869
0.4351372470918355
0.38536829921235244
0.23403283727002336
0.6954484202574341
0.35275516399650725
0.29801961967515533
0.9010651134009142
0.4496122590439695
0.30409306978845446
0.5650180815947653
0.30686772219976477
0.060391420981120915
0.47816119310409316
0.7807956295110081
0.6404201638075636
0.8506970903019732
0.394483819287448
0.6113777098474458
0.4959075141048168
0.3333517629749194
0.1753983036306641
0.8852319390068648
0.18520880779190216
0.4127257754617689
0.6957427616299655
0.777051080564395
0.7390791033801957
0.018420459469240747
0.6527027732724326
0.7521465493477288
0.3596445673954577
0.5871702853707506
0.8716560662721323
0.2261591739347352
0.5323423704963219
0.43252892073980315
0.6820443359320651
0.004904135897729068
0.38145955899554274
0.722889038943374
0.1521445891272878
0.7312115608676361
0.7762637606465599
0.4601681833367298
0.611404836112339
0.7796281933038087
0.6122290539325198
0.9081939301005773
0.3413346459385719
0.265248206570637
0.04302815485828749
0.6292769754681994
0.7605583779086535
0.29373381171711943
0.28962806759989396
0.6026676817917999
0.7597269227270478
0.13520501536571963
0.027929347584529033
0.009005763011721634
0.3719680486148064
0.27543049597745456
0.5258778298788045
0.7072824752629493
0.06841309165427395
0.6620445359181376
0.13260747482297333
0.5206668720996287
0.7475163615514858
0.6317872644032941
0.8196579860954705
0.6127692555419311
0.8993522262035478
0.052246206183244055
0.12220557979586943
0.8213046522418797
0.4064898843367797
0.19945268538317515
0.6813515607038549
0.47393883029688094
0.7744004437033121
0.6669076953547393
0.41873103238150744
0.3478711096706244
0.3994600252225084
0.5022279929792254
0.2545794752525535
0.6322497640654021
0.5148060027076349
0.37073099495764117
0.6364812652839233
0.8913886021106819
0.10580628918123192
0.8922292562306516
0.5704413230777179
0.7451656698690956
0.4447702094650762
0.9724527417887847
0.6104644699513994
0.4674870973062182
0.013745824074561345
0.4229262292177425
0.5545235376056237
0.284010172557496
0.781897334735413
0.7961203249775168
0.7412596950155224
0.5381815178321134
0.3523727472955163
0.40072882865315756
0.41122006113514553
0.5721705603621842
0.07193737840802546
0.23077385332750575
0.6886358405580683
0.46281805528058306
0.7377273817842628
0.6670349633123878
0.5002351983809623
0.9245343989607225
0.24162311333628136
0.6319419731977154
0.826284278122343
0.232631130804212
0.8281794424312765
0.5700111064305144
0.8161541737725629
0.7535298916347521
0.3901057533205774
0.6069257609584731
0.0988159832268538
0.026916532391034625
0.8575552467986823
0.47013945537580065
0.6321501437581291
0.6346197844878334
0.3900065608611105
0.18238559991398431
0.15883670918023035
0.49060322844082704
0.6684407218032745
0.007150816508707464
0.2319516810122397
0.6239721917753731
0.32862470165307456
0.8131526727269722
0.2702224470002045
0.18658164418325482
0.2124041161277208
0.46689906103618106
0.6805975692707653
0.024124280936995698
0.42328997138764884
0.23995347682443766
0.49666058944977665
0.018251158439181372
0.06570648654724127
0.7547422374814644
0.8544916046469965
0.7227088375261473
0.8807876158013357
0.4859420357567506
0.4083305624452859
0.3359647868691082
0.9148974509375868
0.9379907709171831
0.9231389790158943
0.32997365292785985
0.28792588911833233
0.6843841919047894
0.09289389249949402
0.913261819517021
0.29366298288159376
0.1362800870424219
0.36085762446675035
0.27873360024300076
0.7672966260804687
0.5743681399089763
0.6262227893629109
0.8469396086838434
0.14903802069639083
0.8267111436287304
0.5439702699867818
0.0983098789492428
0.8390744813490758
0.9389121211023512
0.6714438089095555
0.7333193830389785
0.48610003295837867
0.0891822543793584
0.5962707564689268
0.15140262509421418
0.9056685443767934
0.14820668397904618
0.32602329674878344
0.201798307147233
0.437787937210987
0.49194401966511536
0.21983544958077608
0.8418905556716972
0.280685607037714
0.8504167769545765
0.4449384023434747
0.048691287962576456
0.544659958497242
0.42510531117561035
0.6232099844425344
0.2955840131747663
0.31791083788261876
0.022781019954614595
0.6102097652855588
0.48315992352041787
0.34232018323384117
0.4992528045117291
0.27420346494481934
0.43416261091625624
0.21977168582974424
0.026752650978762556
0.3556618949068922
0.337424578280458
0.4412511796545357
0.8519101551920893
0.46279671660353483
0.5855025118859426
0.707207725179519
0.6382557750984815
0.5898634462588662
0.3934083225371559
0.7048277841645891
0.5651677576821019
0.6980659681094784
0.16363044066392307
0.2144230104745478
0.29596933928204866
0.42853558265068337
0.6540786184244117
0.6187200907009078
0.4581085333559867
0.49704302670185413
0.11785086111268486
0.43717729653190573
0.597925979507006
0.5774206622861124
0.15134462827159895
0.19251536010413461
0.8083133666152787
0.2508191719690039
0.4684955736559593
0.9521119163871336
0.26040968853535806
0.4086521574458437
0.6154568197919549
0.5460499378848577
0.5734856028113325
0.22351405487804582
0.5761090447682828
0.3463226258525785
0.7735370966076339
0.06152727350306367
0.7341551978229451
0.363631592733615
0.6935183362853652
0.26978553816696527
0.649391919638822
0.3247199894469194
0.45825417949092195
0.9018067206791447
0.2934325385176156
0.83506762738362
0.7177029577862604
0.4638408841106277
0.2719640947003633
0.9222443081416173
0.1253381129396399
0.05811369271064113
0.7138502578491409
0.44689965155646216
0.48139612421868966
0.4998972307807119
0.3788201437892905
0.8398814463600133
0.5171984245906632
0.21751210409953028
0.4906609299844493
0.24293260088249588
0.3260486248440162
0.30915142354454445
0.6857398587768663
0.12338941458557039
0.9493057774749508
0.048922292482293496
0.3137677708056245
0.3965007338137853
0.5232159725961311
0.40575146966016656
0.07514707230988983
0.6304329882602134
0.5004414422096025
0.9271056835310015
0.0717142209190106
0.29631664033640503
0.6057274119624582
0.40285348578240915
0.38274761425426496
0.6695449982578512
0.3103712829408992
0.5565126408353659
0.5040041146751922
0.4696017119055336
0.3323931552455335
0.4075704591498806
0.20244868037973118
0.09836222827544092
0.6532997412343736
0.842170763447592
0.8339979127500117
0.12902250771331053
0.597720621345992
0.4723076258643549
0.6018779361669327
0.6753635025780121
0.22506901123845688
0.3036272136100982
0.4343210184792051
0.13241516437877698
0.8791975945983943
0.83011091806226
0.6078377072174257
0.730308095499929
0.6036266766071835
0.319752034559633
0.35355148924199137
0.8817094909330211
0.36611993648757696
0.2246151191307141
0.7445836474464007
0.46068592114903767
0.13520793954576038
0.6064150129838847
0.3449594088310348
0.37242317486995136
0.37523659740202225
0.7360551042631908
0.7401058268413678
0.7509620963681658
0.8235972556824915
0.7105313300041892
0.6690579300818614
0.8748162712034396
0.334630651993416
0.6148769539310475
0.6448114165438671
0.4534394492296616
0.6490582474940182
0.5914451212214746
0.8286478740474087
0.3269674884358317
0.6179083447289251
0.8265216780558255
0.39124536111960884
0.018577621277899876
0.1582695298833456
0.43686055745532987
0.6112721736093266
0.5709266441527716
0.5235906687251247
0.45596559441760254
0.6427869637633964
0.7137509011316154
0.2247102221826527
0.13083484187464922
0.5603579759161507
0.5304766686242082
0.4993862339792486
0.44162072244167927
0.12942952989300804
0.8406752191161192
0.7793402386365438
0.8103720531387378
0.03477176811676048
0.27765515630178106
0.2939902723027477
