0.5307242399562758
0.5406164377275471
0.5014435077240121
0.12751144127794306
0.32076998842413673
0.8854094334145433
0.5033115664769018
0.4047202008050965
0.47072563866226735
0.7052880000824103
0.8837622246935376
0.48684036670019576
0.4183138544047532
0.275290797743325
0.13992705399107258
0.2892223968013464
0.23210540147688755
0.8334223828310897
0.08725170639859824
0.02811049763357816
0.451685367044941
0.6780752934519293
0.2872395703298721
0.2580860967157504
0.36201634206522504
0.9025379380408425
0.19410650531454698
0.43207376578673484
0.5877716075684102
0.6148054519578272
0.2911613073762573
0.8695317855419221
0.4561967639017738
0.21656082526329434
0.8501947997358014
0.5974658154169418
0.07834417287651989
0.873681585695936
0.15405233301312085
0.24653499138524895
0.9125809066249814
0.2005906719306888
0.5568859648747324
0.5991127572584626
0.8094487161472667
0.8152503333725748
0.4029538482242742
0.8916278203527467
0.896003766214198
0.1754405602573063
0.1573226871452224
0.531026583184687
0.9379812165747939
0.7031393912350875
0.8690203514322475
0.17273701115310533
0.2967041792074601
0.7202975003532762
0.692711918195821
0.45710299534796606
0.1627900054299218
0.41381491312891555
0.9044537386539482
0.735624952739177
0.7224281655525442
0.250605005242213
0.38826439020184644
0.8241925903296174
0.4387554166977105
0.22199217520576828
0.29782384668653195
0.5644264928313261
0.03406702999913216
0.49997268910521236
0.9102543545353743
0.5693221358869903
0.46063522265306167
0.9366846336012363
0.8049335951802448
0.49115247651766086
0.9235724252744046
0.5630030402525888
0.7027442947589704
0.4872302211037441
0.24425586004153463
0.7317532894657744
0.08872559802135771
0.21794873225561207
0.4173617356566376
0.6886082879228754
0.08075264652766041
0.4919060340157105
0.4585620440217584
0.41340162104065986
0.7758140163937896
0.906544285452618
0.32350517910753257
0.2661966519903817
0.4016719553045705
0.30787275067115527
0.012097977615053398
0.07160991101386412
0.0288769028116836
0.5701409259654985
0.06769256206956302
0.7583309857293432
0.30758010128518154
0.4979433540476053
0.4742842486930132
0.8696992329856241
0.7322984279715115
0.6754449810479987
0.5664340056906197
0.33690993689752
0.32004533589567674
0.33219635986035867
0.4738314400090978
0.07867902693495155
0.7212232514685256
0.0437968683579915
0.3945335676632202
0.3750018250148771
0.8904425459574787
0.5651581482449923
0.362202805324785
0.4657279617284377
0.24962182727268972
0.6124711261108341
0.0931680685567806
0.7684165718889617
0.3699755193009143
0.49634151889613154
0.5418815074371575
0.686564434375549
0.10743697997269346
0.869103869019675
0.37772024337424775
0.15765875123119194
0.7060979294289293
0.3195380643979392
0.651375747225349
0.7286147024961368
0.889593595656463
0.44960703760863424
0.30680396388872705
0.8627408030917236
0.6386241861290012
0.3923030947366968
0.14936990961178037
0.6112498224411057
0.7731757060541126
0.2648570859005223
0.3870570643388141
0.8689798665088536
0.27895800733553183
0.4236015728452679
0.2302703141118845
0.5151879690475436
0.3103245445897061
0.23588897239931203
0.4106447627648795
0.17989841911268767
0.27528673615015203
0.7694580789310628
0.3411964420579602
0.4727653831496963
0.5045810974643047
0.6140357162685328
0.038671422340197596
0.5975822621524124
0.4992943294864836
0.5809745084130231
0.6240590216642028
0.3939783411860141
0.8212814452651501
0.5017713228735868
0.6134735033431641
0.3402112032256305
0.6833448946685833
0.9124280115593852
0.2298745859590487
0.40478992144083736
0.4422774543928076
0.7150746663194694
0.3744510343399727
0.7891497423316269
0.4038107483531692
0.7138515516333678
0.8948234906260606
0.3076684135837105
0.5210337786879928
0.14765117736818142
0.08439807157078358
0.11021359537645663
0.5346488260548873
0.624145568459348
0.16866391514822968
0.1492195861828286
0.41717424821436055
0.5264901980961135
0.24128908327064957
0.626719571767014
0.907711505729491
0.4269356403404311
0.6428771457746615
0.7762958241064652
0.22272244802157856
0.37134870059476477
0.26363320645808674
0.34034026911912124
0.29191680768296385
0.8393577554385817
0.7017292537453167
0.30069799787014534
0.9271126263402201
0.47456198911328196
0.3062016792719739
0.1482944412647171
0.34983365933776267
0.8176451376728809
0.8649787343040753
0.6009525375571978
0.30295966050109907
0.4786611402850262
0.5786102234684897
0.6043391053854292
0.23555248275334936
0.45025681666614764
0.1478333917839243
0.9067083809901163
0.7095222424390641
0.7163347662713995
0.8302245031511489
0.5324774480286827
0.8358259104467388
0.44094196522664425
0.6935199201600156
0.009833274802195972
0.1600167933514985
0.3206703816859478
0.6804312681047656
0.5038877245715933
0.6669694962635526
0.14683361231219366
0.005285567534765366
0.8718442604123359
0.6213643810131715
0.10778998922540936
0.5339182898683974
0.6339884652818601
0.45028636039983677
0.8323070088740033
0.097001791593158
0.542302515143578
0.16778543194920764
0.7167776875753521
0.31193297387947705
0.09243382595461415
0.6540336935460578
0.845184235074055
0.3293874167823304
0.30272828342894775
0.2631222344821895
0.8651763070710373
0.7504994755100479
0.584395243480568
0.8441627225010998
0.058828314877514505
0.15198237680459165
0.17315084930684646
0.34722774964255926
0.7890499233375904
0.4143173353678653
0.45339752859616106
0.10266903437147827
0.9013986860093949
0.2394770052520788
0.4294952988114503
0.3277921600610711
0.5506477827950994
0.31119842261160263
0.6683323228969691
0.6191814070807259
0.32114068206315316
0.8383237164276258
0.4955503964388439
0.49570524762730994
0.49963773741121104
0.31209708325686125
0.7813102098709168
0.7772720737043729
0.7243613729521312
0.5222355320510755
0.8018644485307134
0.6450846324263485
0.33543874133601814
0.14535221505660653
0.2100259384773966
0.4953913150443247
0.8917130881904517
0.9024401679171483
0.5996142428370578
0.7177944221295486
0.5126132221017166
0.8651166950135512
0.18315415057506945
0.3911904811301459
0.24374106489428482
0.7801792639139681
0.06475430561275662
0.08437072623561136
0.4071251997079726
0.20837825718621622
0.28915864485611315
0.41700153677075863
0.4016580254689851
0.5563570831605267
0.22781916854336134
0.6091198664255455
0.6975179640912715
0.22183018948956953
0.5046070501927767
0.3421194923893615
0.6665572911932104
0.18001316640728962
0.9134693029119918
0.14510333677601858
0.20421102511036804
0.4910622313617832
0.24611176945958893
0.1155785868700259
0.6313712122834975
0.8421476847689117
0.4705803446062493
0.3830747099909306
0.5665488491138102
0.4720845522273804
0.6164933586445478
0.7496315131474436
0.22906968783449155
0.5592118094762152
0.7670089407031799
0.6204712075678627
0.25384321863232473
0.4030933141625808
0.30914416704400727
0.5837945166661225
0.9076695408134241
0.40051663561924616
0.4051175318616864
0.8309745139907804
0.6517219678067392
0.24395533319687018
0.47358776347359366
0.5086839981836043
0.36897753767222247
0.5071041290300836
0.5229230910348869
0.5826301748415025
0.7606949017480796
0.8369819953654554
0.5873457025290564
0.37352944794467957
0.46189868116870225
0.7250418485026713
0.8787398336658471
0.4175163025531884
0.37243195520252975
0.7216194904592168
0.6737043001609996
0.5829682336526927
0.6303938335154488
0.3402106049253501
0.5818655201427896
0.017839001962661274
0.3039201142594483
0.051973337431375194
0.7865206538140882
0.5546810866960518
0.1914508485952245
0.7752897908839372
0.4876600691573355
0.7194730373485785
0.9213852515589138
0.13782032532857047
0.08517311845216627
0.5770175952214092
0.4920290676556936
0.3083619941585674
0.5935015415522872
0.6796368244313438
0.09199114114603585
0.4125099899127332
0.9493534335783428
0.24780448286782225
0.7552600885011145
0.6915978945465184
0.8956249022978461
0.19498071513596957
0.451651708507418
0.4105772092467872
0.39662781264223396
0.7518914841031277
0.6257092770439399
0.07161130175061353
0.6160828530593372
0.46950293041342606
0.07047063511708716
0.4534108456561507
0.41190453249932557
0.47767466558558974
0.4513733866278754
0.056461499877711305
0.29686490052319914
0.8692344970841107
0.8864286992556569
0.8167404551937867
0.0033225268859899825
0.6471201215383718
0.05005187331778752
0.5602810673461607
0.8401840564920129
0.8545912603022914
0.7206202470166201
0.3254092840391364
0.09831346049004605
0.8767163134970788
0.7006529171105405
0.49159068750534934
0.37542415208791463
0.19015561369858258
0.6541464966333693
0.4850862882947088
0.7138930180396299
0.15776038249421595
0.2879677867824281
0.2413104654926313
0.8625610105756091
0.35792433072049573
0.3923152672836028
0.5474607923055547
0.20696012973092145
0.3477028701297142
0.29649502278680623
0.14380399264440083
0.8874608324898218
0.15224837183934797
0.22849133410325353
0.7982683464599235
0.6516632785489399
0.9127624944316213
0.7493064970226747
0.5256358500622704
0.6225049781708739
0.892449142025874
0.04254516574901355
0.5132590457813531
0.34089627952478685
0.7855465197503607
0.4315673330895141
0.03422036514562608
0.36360440083690493
0.7015746607717539
0.265380630406243
0.8976894093568802
0.5145586424844423
0.3580455734460036
0.10579276757693604
0.42407221790125776
0.683970206999111
0.7378112271008936
0.4467878947164212
0.7931068579493652
0.6440956567430476
0.7821313384785727
0.5331540583416161
0.830883380044642
0.3030943031980806
0.6832150672014413
0.7088161818443426
0.7270906693904032
0.7860870306887471
0.621053832818508
0.5174821679962955
0.3913943189171297
0.756051068000629
0.5677038562900331
0.7678342691839289
0.4166500356500407
0.35784448052444884
0.4664838347545696
0.5927888270950036
0.4829905945145378
0.7416843555538424
0.32653595820756304
0.3578001683163137
0.062343857658638535
0.2416036595540106
0.7106733342460267
0.7976114385475629
0.2597040010376615
0.771278465544275
0.21098858318328859
0.23408648683414296
0.6433293671486536
0.7281421977930216
0.620521705086209
0.1448193092184244
0.4561575000396118
0.05109367122600524
0.24150213406822102
0.8218745676428009
0.5668350558430679
0.8982839871020158
0.7559612500520105
0.4397959442814387
0.277887385740302
0.8677562223267512
0.4144169909507287
0.8625701605538709
0.5375726245564533
0.6921621866543546
0.23945344860746753
0.5607910899616335
0.7064062266501697
0.6135299061789433
0.36063322672743764
0.2420795613370812
0.8533343306082652
0.6295557263619416
0.8816650513661756
0.21606943904461118
0.5268505907016042
0.28068107263257175
0.7822846026006334
0.21794873225561207
0.658506947557644
0.42354783054500983
0.33246874048378533
0.15997414700066095
0.5353750262352779
0.8723117953925665
0.212289573859188
0.6375824471410235
0.2260450559630325
0.0016549031143124684
0.4899131866886975
0.1464103932197279
0.4287762691755096
0.7215285548142002
0.033327730318414656
0.4813673346536222
0.6447815037833402
0.5359803816948164
0.5853078865305311
0.21522028590445413
0.23205637006775567
0.20190566263832233
0.41967851354102503
0.6770631920319656
0.0991525884697254
0.5303295987008942
0.6571701781261087
0.4519102648800567
0.24156124116602706
0.7342937495630225
0.46472271006984583
0.4500515444978377
0.6401300808365482
0.632291207660234
0.8877837933838093
0.5304270510924908
0.7929758709050992
0.5277822869116221
0.3751277404850547
0.44600549846470294
0.45720866048738246
0.6025732646758227
0.8748775628190996
0.7285161854508053
0.6599223353496929
0.4187955894668931
0.5348790943874734
0.27772786194073085
0.3684107069436084
0.8204069718234027
0.05371052108508932
0.44233677200833943
0.5461527008444039
0.6047288978908467
0.8848920235582044
0.7741653567846178
0.4521534340384104
0.482232597594801
0.5562237526373224
0.5887710635819775
0.644334378366937
0.324842751779572
0.669030565919095
0.15848706800869936
0.1333378448639528
0.895150852990595
0.5011827697570864
0.861430507716041
0.8875357918878568
0.24781197575579747
0.3596679415676186
0.5173638274382893
0.14939487393732134
0.6560489082630017
0.5970742381808052
0.8989499766808645
0.8689190538495041
0.9297035472808896
0.8649834717077458
0.346487276454823
0.36449554023523545
0.536508842912874
0.5386253397501986
0.3095832947722511
0.7350234168351539
0.7160855178123746
0.7538736838286593
0.8965290010463497
0.9232451366172592
0.6461571707291881
0.6621124687791508
0.606936841445459
0.319042506968629
0.15851573075717595
0.7446084006610368
0.8887078090527535
0.7516267167155591
0.5715630737166502
0.3588197613070715
0.3946745634541976
0.3092242125574238
0.33738241457464074
0.7475336381619808
0.8666668058231513
0.7900079698579439
0.33303522183173506
0.5484303053357471
0.08189920854945962
0.8000040056042429
0.19562675015646014
0.08978109749690363
0.24750597590129794
0.24791792031855603
0.5957896538645624
0.02462678178246379
0.8333219474604757
0.6114775416981628
0.02444204234325792
0.7195479997912881
0.7818276958729965
0.38466625856034964
0.7176619498374917
0.6969663615049877
0.3400696272688894
0.7709614407094957
0.4509065457678311
0.486298925835434
0.6884929228194917
0.6363187186619443
0.0919130578112638
0.19617647016112696
0.28621601177829553
0.5128546512916601
0.5185092965839353
0.6509456089539178
0.5540179550121235
0.15769654890696935
0.11464987020635944
0.7621887463510774
0.20575050038153267
0.9189735067901713
0.6699316653563159
0.7160915236216704
0.09436737659797419
0.5968024720326768
0.18659084577628532
0.26369067924868766
0.5759747919896139
0.6645629985122131
0.5558615218610485
0.1755102359670861
0.4047919399379295
0.667098911039734
0.5268838079392065
0.5948266987937016
0.32421478336186166
0.1617907763777386
0.6206149694189251
0.5168748165383729
0.8610173425549089
0.0499683857332017
0.7094440910978176
0.5718605595002193
0.5794544155326696
0.4989070117227838
0.7961090173776625
0.3342491412729041
0.4774651827830701
0.33373265371091976
0.5668803261849106
0.49528714271695023
0.9418824860285684
0.7316480262006397
0.8659469867244324
0.7591515725007885
0.7845926286634881
0.5062282751856076
0.21823474075927118
0.1435825907651859
0.7518359120881907
0.316440852953605
0.2654372818832585
0.4932286760796864
0.3291413756655438
0.7176197538219874
0.43645140991827447
0.38502647219724795
0.5263598390778945
0.8177660822817039
0.8449259744827468
0.5243478076398764
0.7999780178190873
0.22248401126102865
0.4657001160048139
0.5825776762061111
0.806198695181613
0.7139869015627495
0.6807012050282198
0.12026789842183874
0.10192861858929703
0.41993591967067767
0.7107648760770828
0.3967379099311091
0.07374165813433294
0.5993222433327533
0.8489069407583679
0.6503883337128146
0.5196989881786278
0.7467199445153304
0.6838978600278736
0.16255344773086666
0.08016353627994596
0.20983639862397235
0.1491698024921438
0.5171169525178256
0.5467831020699206
0.8465389221909485
0.8609153385662097
0.020036024162156645
0.7862771606812131
0.39923850062466876
0.36865094541093546
0.6522868848970499
0.5813957500400251
0.45353537540337807
0.6311696240482596
0.6248124100913467
0.016315505504613578
0.2937335058352463
0.2280900209645293
0.9097577661919385
0.5674324916361175
0.1848149385884502
0.4403967958451527
0.5912616459338099
0.6724840806025525
0.5105267712099223
0.3807068736116757
0.29864033837479464
0.23256701422258383
0.42028426486947074
0.4823403578333788
0.20301766724090015
0.8153581689013549
0.20508840942399356
0.791034556376608
0.8764232837761633
0.6434300415641693
0.7624277362362016
0.7493166725552386
0.7325344025466769
0.8599967350281142
0.6018923961814899
0.9244034119779813
0.41103531278699934
0.6860519505342093
0.717882730436559
0.05470955651043271
0.6053958928550223
0.647385952669433
0.14007095521812896
0.16464463816579042
0.08904493120247464
0.3887120156018327
0.750053206039428
0.45756340558868414
0.8465264273105668
0.9657696887815417
0.20391082343677266
0.5643607069169345
0.5516837561261273
0.899408200296951
0.7755926263919616
0.256668671207594
0.6070481658945011
0.17235739201024772
0.43890254893737135
0.5392986418026788
0.8112449848279738
0.12826686268572626
0.6008756535032526
0.8004501177584707
0.6594593864083146
0.3799181268084215
0.30640557033122134
0.8912511113746832
0.31112867153456736
0.1983621945127526
0.4678455345130577
0.017744869872481497
0.4032730248883391
0.4716593142015971
0.6054735000308998
0.6107008738960037
0.8705863281787803
0.6348712909366537
0.3520398906685096
0.6240948504495799
0.7923691404318364
0.6670200520141921
0.2841106389333036
0.7900460635574011
0.18693970812185998
0.7226420280689648
0.6688516371962998
0.04806945924295008
0.15821308032470946
0.5409214975638245
0.4762170807169673
0.7251107835726689
0.5623475880438802
0.25166273677844736
0.33044544995316166
0.1688015561225699
0.06751707543539226
0.5033639575786562
0.964155993992226
0.9437374747683202
0.30011044640010615
0.39427919632444286
0.7446447141574646
0.7593409730613073
0.4136034802851014
0.8731013058817599
0.12457172747553433
0.5853939580382932
0.8733785043637505
0.8433411843436581
0.3801556553758682
0.5073729290310255
0.6809434164105709
0.9331501574030174
0.3980033522447337
0.05429361474825365
0.3109479617711501
0.5976248993738933
0.2156536258067922
0.9093136445337076
0.3398829069512548
0.18830699742315618
0.11125379646489177
0.46506049623016715
0.11827902704999851
0.7210230439768901
0.6981623687884686
0.7466871180297254
0.025275315391812832
0.4013782292980657
0.6435305592772222
0.6599042134789881
0.3306582091608308
0.640426519278371
0.7845967423386299
0.13638766060126642
0.2748852370947979
0.5890802970752214
0.22583025386643055
0.2719792804579834
0.4835903390492647
0.6011603115267845
0.7675011175200879
0.29422311324247175
0.7185467716095981
0.5268094077763529
0.5394241447793815
0.6571251098536719
0.19707716126257205
0.004028706491034176
0.7572617531018645
0.4193815170812075
0.5510254044216081
0.7887492590292031
0.7726430628310318
0.8190990867124021
0.7134713722134042
0.6381853593099046
0.9348959850270724
0.42438551971352856
0.5626303792156386
0.7724502020747559
0.48749500408783614
0.6302307133275022
0.3908563930321942
0.4659313007818959
0.6342936097838806
0.6773413664715093
0.37860156460178146
0.5529210693831696
0.6673235688922441
0.4303471247330618
0.837049378952833
0.3882938248392045
0.5069763343810635
0.25711666476848516
0.07475305935322946
0.12476927353122354
0.11864400499567793
0.2001212601323248
0.2871050704037267
0.8169248472841869
0.34099062667960434
0.36069851496067795
0.610983830996673
0.335746261377804
0.6568202089749671
0.6552863280290296
0.36698799221929984
0.46984254867017206
0.6660853883644078
0.9162399583562436
0.4822338734389168
0.4374233273722627
0.7448025560410084
0.8352711570227068
0.526191520481336
0.6448234425938427
0.3697111128044525
0.7975298582279802
0.697392864244594
0.09372860166662238
0.14465001127813717
0.20779494957211678
0.8829373294320567
0.7485997219954358
0.7292167570966861
0.49894071907990656
0.16050161185620054
0.7080501080178783
0.4031671277369804
0.5448705774599321
0.07601038453885182
0.864827125841123
0.5068487747228356
0.7482349766368169
0.7250672684472227
0.22769052627291494
0.4648932808898933
0.6850207183906368
0.2831248496924431
0.7303791915592248
0.7529139954850771
0.17768276686140608
0.32311788254977164
0.5004974622711166
0.889278011451796
0.21510018701097347
0.32665715754111485
0.0658932651245429
0.33011062914597056
0.599019799498993
0.03169081104079339
0.487437766953629
0.5227930645757808
0.815824240968206
0.35452392744434696
0.47137331805513716
0.7275532738802982
0.911257454663177
0.6997191183979827
0.632440953768972
0.2434556329486243
0.6305985393743424
0.7966962490464315
0.7133820049025984
0.3909896863472365
0.5843147783643835
0.4208693787634475
0.3445271255400429
0.6499648442208484
0.6865693444851297
0.248737427350513
0.14790269276501122
0.8156587165833102
0.35000888883805964
0.5077145420263931
0.7746749944910981
0.4348013137598634
0.4596421862025894
0.6730784891666645
0.8055681442202133
0.6126824258178047
0.7660416429487495
0.8039642315718507
0.3402255186576746
0.8827752198276867
0.0881001206189928
0.3499139937463158
0.7366057449599847
0.32824006714682136
0.7235519189348107
0.08483784163640896
0.5066173759234458
0.3995425245749206
0.29979348564138114
0.7682900130508807
0.6549481491021533
0.5764693285418122
0.15198466898992927
0.4603889853057585
0.8470060509727982
0.17338664737683004
0.40721411194609847
0.4561873181962663
0.337241042920713
0.5002560356402614
0.35108059952443704
0.6146679623229069
0.7984925780214077
0.4739759382716689
0.2525539018057596
0.46068032189384084
0.2212334331590382
0.10413944345104752
0.5112887201157268
0.5432510764284477
0.15905770020340898
0.11598284452754631
0.31936545655625836
0.731862777636407
0.853818993820797
0.8321091811027891
0.37667320467427096
0.09284452017541872
0.7197332872112949
0.40654179463340845
0.8622730272659958
0.10106579815572611
0.4504955484583446
0.5135102813851767
0.7042683235890028
0.8468893994116636
0.7006316272644455
0.17319811183606318
0.030673656931373805
0.772541350683816
0.32674870474193246
0.8129443455097894
0.1428285646406654
0.4682285721658084
0.4823060993231955
0.5214257849851949
0.46011343273659555
0.5425034477474796
0.8303819904711361
0.5242024179846518
0.5535472711962793
0.14082036022600566
0.43277061355642005
0.6861400235526238
0.9002997934768163
0.2556484241316882
0.5202297284494944
0.7466129388602885
0.40989106040822626
0.4543305787962442
0.6526368381053538
0.937755367481749
0.5598478407265565
0.6453015066448623
0.02952801361481877
0.8058528551705137
0.9190566709484954
0.509880087152144
0.7253084480660188
0.36214827096298713
0.3781334479585235
0.3870965326944378
0.01540846821916739
0.538671342658668
0.48792897169343086
0.7628785382506682
0.38510560514225217
0.7278930779098732
0.5068822844115728
0.2632778694612371
0.7663217949385278
0.3430901433670217
0.6711167252307909
0.47388452799592834
0.4580135983814185
0.6267547992756269
0.244023266514754
0.08190598155779719
0.5177212941070136
0.29814305080933623
0.5305056350419992
0.7403004226642632
0.7548165948652811
0.6112435630194641
0.9160018587257548
0.09617838364573855
0.15746697822522518
0.8456350786418809
0.39773521157049496
0.5111442978000424
0.3703512305956685
0.05941137101162153
0.4409693683695079
0.06166892816700141
0.26244222967886677
0.27752755176805477
0.6203427592679863
0.17056259585290937
0.7317317995059888
0.501569872357128
0.6858891072530859
0.6122987421553842
0.4579591029961002
0.6850320696409772
0.8421084584675871
0.8301598648879845
0.24924996012984987
0.5514348270247855
0.053958523498475665
0.23152389267006468
0.4179142239338096
0.20667528130231871
0.8365449098107641
0.3246837714516155
0.6134291020527426
0.34455538876013475
0.8883744592371161
0.442975043831079
0.5512615170649278
0.7748886926118106
0.061099393887883754
0.15136097818562086
0.5127244718777115
0.857501333407937
0.5893903177597543
0.3150340393524496
0.49775162170544257
0.12856414568366878
0.18833915329744697
0.7550923494223463
0.38265301675035124
0.5586306664261004
0.42033245313083345
0.16316427270256822
0.4475258327537719
0.7284872894764055
0.3997996437385068
0.5575730474493528
0.5838876607355987
0.3141896478512213
0.8671329438336998
0.4892243602261409
0.7276738163191442
0.18201197174754466
0.16593176702360826
0.3331313714036535
0.2069560442164294
0.879389174149698
0.3948180811334887
0.6066395643757955
0.536529619332784
0.06236650894400804
0.5192786682009071
0.08284479178772632
0.6205127767530769
0.478358246265294
0.9009316236926818
0.707869415972949
0.9423464851728796
0.918335007586835
0.6031323876765498
0.8579487535644814
0.5896219400911864
0.6776488676712003
0.7169627109741034
0.7367726467702969
0.44644837837459816
0.5785743094657596
0.611461835881083
0.053547153249968935
0.30557802382192967
0.38651955107162705
0.2770393312384433
0.6418648672444058
0.9400763242785957
0.3285536132556065
0.9011634658414749
0.28012463841534063
0.30442334933893433
0.33846153512985233
0.6288304902378045
0.7294529201496556
0.7041907883426773
0.830442614228496
0.9175667851641697
0.22974773984782168
0.21057048142285548
0.5105993948914315
0.6225917561188897
0.47012306808756726
0.08520785199596714
0.16528579847519523
0.7391287181487981
0.7211227555253684
0.6033327031887202
0.6881061330891778
0.4675016913842394
0.24156589319284408
0.7090986421676944
0.8401321672463292
0.5782166361187033
0.5620294854187337
0.6149562981949165
0.06096190089956961
0.16398750880860327
0.6220048375694497
0.5462694767953394
0.8295511058726736
0.790479427290122
0.5474818991262115
0.3236824572100102
0.6905378629047298
0.6988341755380161
0.47588734712479086
0.5693642767846239
0.3400383433691444
0.741413447037577
0.3902564696186956
0.6676958208232235
0.6177525674894662
0.32509063543861416
0.002023828070369441
0.018512105519968597
0.5542838940103454
0.017270085599990086
0.7781891042602307
0.6802482227554933
0.8187715782539876
0.16274004481076054
0.5977518475386716
0.8035395080500682
0.09987370985405285
0.3490524411109212
0.2894451070797769
0.32923664609213105
0.3911944041077375
0.7636412432142008
0.4730014618091568
0.8249026420307498
0.4808029018737132
0.37029968298423444
0.17597871105211066
0.5141232200888596
0.46373306420173077
0.18846895765061564
0.5185990436803586
0.7108549260603554
0.022673505709266996
0.5966934844198666
0.5731043249208679
0.4066761686397526
0.4289435937455585
0.41284026274078306
0.4504444069921911
0.42643294372372015
0.22905798274421638
0.4294578943392907
0.27640855007144294
0.15273248492607805
0.33519614203478976
0.476134066731539
0.8018005634765005
0.5886510283302646
0.7541338021534658
0.10075630685774538
0.5343267532802073
0.536353505322285
0.8778721419277353
0.8186539580400997
0.31528415313505614
0.2536524551676258
0.1542470433901527
0.29666240840196734
0.31064855458474055
0.08247613457689662
0.3192442365513745
0.5659864629733191
0.5044776198483872
0.6043759624280005
0.4356472287863563
0.6430617504584873
0.8038792052254045
0.3685181117885581
0.7876350010730852
0.511431442734743
0.05252205151029122
0.4025922827000494
0.1072664797501912
0.39314484776800424
0.5497167901599195
0.7793778466785147
0.5311613330717572
0.5926377224670277
0.27671083876045677
0.197834526351087
0.6681201365182027
0.8262894094125379
0.5159269571912534
0.8308797811346721
0.9456708978071742
0.059865335314171465
0.07272342980266032
0.29390428255771445
0.6432241957680315
0.24311098488283314
0.4113982353913222
0.6332846529257409
0.5650346735980711
0.08236648741709214
0.6608134910734981
0.6365693390468444
0.5622389877960455
0.14474387245990783
0.12090921370707478
0.8114059122822903
0.21992156215516362
0.34049254993760364
0.10853678208047528
0.1741017102369529
0.5416157732558246
0.6845099477499534
0.7230521456101053
0.9409810305195401
0.5576048366399159
0.6640917914989584
0.5070207770745959
0.5862107132201217
0.7530835407653469
0.4503195156729297
0.48710122799897826
0.9128168862208514
0.7800578415573505
0.3118234162559977
0.7336737449085042
0.6547080267873487
0.5188498709637615
0.8028458445525868
0.2844476750413091
0.5322514532615206
0.7320356008869814
0.26004554231444355
0.879902395387972
0.7749888544526076
0.628348107693735
0.8102155740875355
0.7049335539482756
0.8039819692524618
0.11400963154319038
0.34537323621572313
0.7866245362342317
0.36401793183666326
0.11713852792491644
0.3210770256295953
0.057645753433631416
0.03813962418138677
0.5222965898789248
0.3000453423309893
0.4500741617447789
0.8932328810846349
0.5434497054703687
0.9031790632550225
0.47854906493341703
0.3155441433039558
0.32241691453028515
0.43544371032332113
0.08362576649180127
0.18031142585462231
0.15940759893579445
0.30658949603058383
0.23896217858823354
0.061476528630596376
0.23699862792495113
0.17235635474506336
0.7975972589727774
0.30722199761814967
0.12356157479563078
0.3065305393007071
0.6958262407316003
0.6331858852540525
0.8023674984016962
0.3050617543876722
0.8502243029510795
0.02613407165728674
0.4006601649055963
0.6088963183020656
0.43406482030417
0.039262738773349855
0.04386046810464722
0.2502863031223725
0.4432747475634281
0.12327408438569844
0.401607727578578
0.7633431023690274
0.6898736535676551
0.2943900551879616
0.8855015187777421
0.7350648466339997
0.3400646596564152
0.7434368020844482
0.5872492220976314
0.7500481359676257
0.2379855837069717
0.5903364310290297
0.7730197593704498
0.5808891141914283
0.8308475784154138
0.8211671917108542
0.204020737151996
0.7961958296152853
0.5010606672972474
0.3178767812676174
0.15503410945824178
0.8688399843568346
0.4774651827830701
0.48961461987407046
0.605134178690732
0.338686882312524
0.2725711685447195
0.9029812436054745
0.20858178513559375
0.6298881159840137
0.3157840806171308
0.6366352848313411
0.7455520919278192
0.8454846963010159
0.03074527546287691
0.07476836001377347
0.2322498377216088
0.19450636386175815
0.482323340857405
0.30696023548099777
0.4634398190943241
0.5817021986721228
0.11364301476339865
0.6014897004429024
0.7564991872553712
0.5165624572942196
0.49298324380301234
0.007099312185222788
0.5181495845901809
0.8418392764444848
0.5604285689963365
0.4403038945470059
0.6990708114879434
0.8271320239921581
0.1204246080090305
0.6965093427837987
0.3348274725313438
0.5789073180403685
0.8031133601798591
0.6959434268439949
0.0714993828098827
0.07242337585467547
0.5108946733072436
0.668793456608206
0.7517116957528586
0.3284099475326984
0.6716740495465923
0.3802422134901233
0.7803515124573072
0.24862665963875627
0.5683811486416238
0.1270334122206735
0.3238669834234753
0.5537655231907788
0.511478236400609
0.13903850059299258
0.7360015826614943
0.7144385430919734
0.06742477272395933
0.7326459594482876
0.7128686211477975
0.2855342656903582
0.46524162900954563
0.25219586213342976
0.7799976282303915
0.5687268381918301
0.11705457790165734
0.17230735094798774
0.5945313282498061
0.6556280850481494
0.8208476993034532
0.39627090513786284
0.4524670444585297
0.24632538385759262
0.22357509263596267
0.7448375060365888
0.49973882426952465
0.6857616345570097
0.16359171306611728
0.3196169372172199
0.7853113793697607
0.6679229262694067
0.49938939857253073
0.4925070147332371
0.7329470424319804
0.807968812875645
0.5313818225540246
0.7990779223816871
0.6665105356481265
0.2415309668444019
0.06975538821346361
0.4927305350578975
0.039136087091527265
0.5449586844663059
0.5282757952426144
0.2771747608024466
0.4660871177664389
0.40470160374217146
0.8412077059959275
0.8126259046563358
0.30105992974605034
0.6418241490672724
0.7543767994741852
0.12168413320094026
0.701972369244437
0.6177679830168004
0.05457982384503369
0.41768340511697805
0.35718904278359537
0.465382590041823
0.5346438058117141
0.6315157316909833
0.5667269704553344
0.5435790567594915
0.4998225585894681
0.5353409743601422
0.48645877845321206
0.3763469363414077
0.6715832039590018
0.7809001132396008
0.0983465382798882
0.3524506639310577
0.6048357199701319
0.28182318026242953
0.8985856517596221
0.45799267731321947
0.6665909178115157
0.5830581218967904
0.03887758538086177
0.5370152570723873
0.44734827314439796
0.6101211837238933
0.039137292210221594
0.5785243267508346
0.1741383480897067
0.5996275850612249
0.31758874047053076
0.2983531190718987
0.46826181750008805
0.3817926416038176
0.08658555058617377
0.0834773130502922
0.4287225571888386
0.07974577342355813
0.18366028789745906
0.3365375513621022
0.5861382119109692
0.8435265059067264
0.6977435684907788
0.029638240102661355
0.29198054342603513
0.7366059824685434
0.5205977894428149
0.6534545116415891
0.7762007443480561
0.7502934193531378
0.7175369939989935
0.51223036047266
0.17246166075744968
0.23806197680010505
0.19530149691281073
0.5433482889778778
0.45287175158614434
0.41133860073785056
0.48948415269073897
0.7477752102494387
0.41002768454957733
0.45240180363857135
0.2537268692881353
0.7711362425009167
0.6228843486367653
0.4817599468649048
0.2995112677145171
0.032743604140857835
0.39330579331064525
0.3737527526760877
0.33845090011487006
0.3178830049891887
0.7464962588001977
0.31085682739164616
0.5059800105680132
0.9214664093300728
0.43635140927776195
0.7520621932691134
0.7951713407302475
0.3308183281026636
0.3067153281510074
0.6080564396390664
0.04880348137703655
0.4356982685560821
0.15315027618134652
0.37192640358239293
0.9140187920780833
0.5200133465117902
0.6426130720067621
0.7755474924115333
0.5261687742454546
0.5647172061638608
0.8093202379925405
0.5332311415348804
0.46145988618801637
0.950533550174322
0.40872331495418646
0.720454450297919
0.5513870676074537
0.9155294537649824
0.16248848352461442
0.42309878233511544
0.49452303232506417
0.7286916349967915
0.3841804904012999
0.6516632785489399
0.2300881355754578
0.9561255499691478
0.6110718568961822
0.5647159746777433
0.7977684750729568
0.47456078093513326
0.8670588085394866
0.13951660947046815
0.5530626169073154
0.06965677336358592
0.047127265164960803
0.8300286345805119
0.5508774735793858
0.5930555365006069
0.5061018536138155
0.5897172248499593
0.35683294547195477
0.888414732258145
0.5057983464242318
0.46270882193501994
0.5043044543251706
0.3799181268084215
0.5138329449533943
0.6488564572444493
0.19143125420053947
0.25181088417841074
0.7624378681726685
0.8614143268999225
0.16981201081561798
0.5939070562860298
0.4247682206719577
0.6086187893612638
0.15873301765664125
0.6845288806770125
0.4769638873424635
0.06023072435879959
0.4276345505248006
0.7976839505295047
0.6451810260732416
0.331582406038322
0.5144805926955628
0.8545639417453346
0.21504183548813827
0.7230907764740253
0.2615407282061149
0.6845450760415028
0.5172239160696733
0.21886685037982556
0.27858741391314307
0.6214493501130507
0.2893193786076232
0.6459715053545629
0.1527743467088062
0.3710387240716782
0.6101809496851754
0.8433286809722567
0.8426390276346923
0.40569827523792923
0.5404572967769523
0.1903965453748028
0.9130261685028122
0.8056417328416786
0.719319024177162
0.5563851551494908
0.4147417338272304
0.8758127601892017
0.8526832868774915
0.6161762397783938
0.645083361059949
0.3250707741770467
0.4589143475421461
0.39363779795636206
0.26863552203269203
0.41069890115913255
0.8671808037061428
0.8062227109863784
0.9317430599538048
0.17120480519622594
0.6430761673173313
0.7271692633128948
0.657378851770481
0.40496768105244596
0.5658938294322136
0.9291397565648485
0.32117754978148905
0.12201236970760014
0.2248287685216259
0.24255070067115206
0.7458922850426537
0.7717872513730418
0.46889594197736245
0.34258445391549425
0.3661714265132664
0.5728613560792475
0.08450824877184493
0.8605031219683449
0.8846555266026838
0.13286796154269864
0.7558528173667396
0.5763230211185705
0.08559609583177849
0.4353592664254254
0.8816359724960303
0.8683580895140711
0.32652492360674595
0.4624351089908745
0.4397138901049136
0.42477301861382777
0.38493592235311147
0.2912820880796888
0.7212384359715417
0.44331394979876915
0.6853499120489348
0.2894451070797769
0.4556117817502916
0.2954551626507138
0.5844868180701546
0.6798719607447311
0.2781276084833887
0.0911195577104451
0.5332321482697484
0.4139677644715992
0.8119994023358895
0.8126833052172074
0.5003342568125012
0.6458001197551418
0.39661024980568954
0.7591778885629695
0.4353425756395726
0.2565562155319596
0.8724770608613575
0.6175493732781234
0.8751845633197091
0.5167942918548233
0.8633267252264231
0.3793141319480409
0.5175945766531745
0.7937823698761556
0.2867423399678996
0.7882266682390964
0.6645920301811341
0.8478546329058945
0.31026857842350314
0.6014537455208043
0.9255374020154804
0.3975242322419607
0.5185498246483465
0.4424494104671293
0.0366319473760651
0.2885962183914142
0.7446417559757638
0.5693959145873435
0.3687719973362889
0.40278411412983395
0.18041667529608538
0.2440459975222682
0.7932490724628082
0.7672395313564643
0.09844777167988479
0.47014201726897736
0.787995180876036
0.11362521321158474
0.49183710131536473
0.5650630633648667
0.8352573878182195
0.825269005266406
0.555356803745255
0.7093595744177786
0.44520623805687426
0.7259764979747836
0.6644036600222438
0.6641268599053853
0.03380091817014882
0.6605028275973853
0.2360170276825533
0.8419589868593492
0.6002951088526455
0.27282033501674413
0.33889992673718006
0.6397683541142021
0.6261802721744515
0.5201602813767348
0.27243982958350776
0.12691571574343175
0.6425179711569928
0.60856036699766
0.6407033492340419
0.28112891573062015
0.40369486973140606
0.17984575107686204
0.4397606548354113
0.6935472749239416
0.8471489157085274
0.5699487098250192
0.9161250452605697
0.012448747034308585
0.2694356917593419
0.7249585870483672
0.33170405852630275
0.6747976046661697
0.7177669905113002
0.958339114759724
0.5066623883710526
0.25762478433150476
0.7479726707844014
0.3391975252334859
0.7613495698183484
0.5242631634313624
0.09367512542602933
0.3158156260804256
0.4209604469094492
0.7331121171268731
0.38393210664704214
0.46130930001911163
0.3508980735149833
0.4450874838430078
0.2055432534682754
0.4306736857556972
0.624597165748022
0.42476796573030584
0.23456709124778222
0.1731599343506611
0.3710673142463734
0.4642811720383375
0.7488709025887906
0.528444428196522
0.4599412774144208
0.5494797779611095
0.4240616344401118
0.7619699669152851
0.6016533536844674
0.23113356248124356
0.6316781315905898
0.5436215623576162
0.7818222373065946
0.4547482474284774
0.06113007165219579
0.6820527927041131
0.5132701968093125
0.8742694628487789
0.25599928060340976
0.15156854727193178
0.864468735880577
0.7695610393129361
0.4865423833314547
0.29935952848619596
0.5034777079270203
0.08673009326370675
0.0915001462162588
0.1828303921627059
0.4316177566134888
0.01029292089234857
0.22180236661370795
0.8483315812615512
0.499519200883186
0.753838831738287
0.6520738700212295
0.40391957479807616
0.7302372523818501
0.7189447498310256
0.8404064598607813
0.6752968840393324
0.8933003934306707
0.11492790916623086
0.3195070050573365
0.5568586065384469
0.4738117874962705
0.6212983116024847
0.28473423159301686
0.002510607469166076
0.7902552679355612
0.6353534674031744
0.6619959566866808
0.49069273959080123
0.4255104719621433
0.8408759633026454
0.8450570490828457
0.7027496663631447
0.36584411734437844
0.8135639505272916
0.2880249607604457
0.21068084355442754
0.30573481238476935
0.049924208895353754
0.35596447894553374
0.8972741467333997
0.9002116935503797
0.7902109753208311
0.8216851185870137
0.1410660994824857
0.040025626050938096
0.34203909802243676
0.7862568609785912
0.3146304495829908
0.2605181732675735
0.636913552917655
0.7056737269619996
0.46631057063638326
0.6466430951634964
0.08540704569936447
0.0964619255543284
0.09872164738456803
0.248963565391954
0.37223907033224474
0.2683509168174228
0.9016439074247535
0.5892759891038118
0.520293501440506
0.7390386537793731
0.888845463318404
0.6987391399136144
0.2476455770880073
0.5353124784242752
0.04896400414232832
0.6932312523911903
0.5677914062142517
0.7219783714864773
0.21251379773241005
0.19978697773474152
0.5236939133842893
0.4099828973019541
0.2529641273707113
0.42415511940734024
0.712806982914813
0.021013136275067564
0.6447381695756896
0.7878210056061024
0.2137660930294237
0.9442458477975005
0.7785981246736118
0.6890843930894663
0.8677989239859462
0.3891594544133994
0.1509657653795182
0.3502959191303989
0.3226424907685338
0.765930259097887
0.38111817306321055
0.7655811584356498
0.4579182622024304
0.061985354580085354
0.6845288806770125
0.1448985686564764
0.5392487593044566
0.7317237920685248
0.41495180095270706
0.07431688205214654
0.49274196077892946
0.47978499187008333
0.6574127325702548
0.9076699162792525
0.375335669586593
0.3490986916183073
0.3793105296760936
0.5153846583254095
0.07249114619829099
0.4470854631686428
0.711994360768688
0.8961191327637094
0.3283757551913858
0.5986316409468228
0.4693369288182339
0.48119598725561247
0.1324563927542934
0.22241736058232944
0.6620971732345728
0.4236089537860792
0.2974354094946323
0.8707092632057138
0.45171513411908143
0.9173674051575421
0.1335482307128213
0.4933778415821583
0.1450848586518128
0.5678230694966049
0.26784392357844455
0.40049641376686845
0.5233514187157254
0.552804568632831
0.0020810643358075394
0.35441980865815215
0.4184853817298675
0.6947767381342821
0.8888602137143622
0.9116407162181926
0.6071129485075231
0.727153912101496
0.42939864875526024
0.15768427854744707
0.5314069105740108
0.19109289133951984
0.7962480411075307
0.18832043605251964
0.5780938767204893
0.9164378000677008
0.8854379014662743
0.894349903661331
0.32300010710371185
0.8894581334737522
0.26414939439419055
0.1981807614880061
0.4345469670055002
0.6943205924852776
0.8596364431456512
0.7358028390063758
0.4207843221794734
0.020956249324823636
0.09581420652792448
0.06022561639901857
0.3017243429014615
0.4831189619920888
0.8803563103329087
0.6102605078954317
0.25495161639959
0.2251406700422291
0.5906925136998723
0.8770136959157174
0.28391093328380435
0.04937907617553156
0.742998222861677
0.5972521312141558
0.607805760781216
0.5493970628664245
0.7771838944304277
0.4875259438327719
0.5603616509245419
0.31799906137435535
0.425787919047643
0.12984425515876358
0.4120189918563044
0.7988205861834159
0.5111907655338729
0.6721058604907247
0.495898519668843
0.4989639208169807
0.27243982958350776
0.34015727304490917
0.5312068141801577
0.5148214204464403
0.6505554432505475
0.6052339029093577
0.79573429837288
0.2519826325450411
0.6904307188486911
0.2652245105696242
0.8104659914306621
0.23493158937090214
0.28987163021500195
0.1746226782278937
0.6742265441004945
0.8405133177315945
0.08479880667717464
0.35714936398488967
0.6993788920989201
0.44160483509425535
0.3734817036584421
0.2349134595750043
0.7060421024613172
0.35743901853542487
0.29815427172125303
0.8985467309239263
0.45655566593403674
0.3209470679686562
0.5741350499503407
0.30295471131836355
0.06100653939363473
0.4590101380397733
0.7782978056046498
0.6290499024958429
0.8458980153094191
0.3946804601505794
0.596431148218778
0.504950816250856
0.32722360307563747
0.1749245328569144
0.887540469248856
0.18213334608079418
0.4199856275541003
0.6927405097158694
0.7747960248279333
0.7367909297293453
0.02618924019048574
0.674153839289038
0.7587033637753157
0.35660686240143546
0.5884833185521271
0.8764970041526315
0.2261803459442998
0.5252231742955916
0.42938725358177376
0.676604434602161
0.0032436530263428424
0.3771795217953346
0.7233129530065309
0.15348768907710558
0.7283115742827132
0.7571830622075183
0.450819183867036
0.618475731738804
0.7820991227499081
0.6376549038143707
0.9047871924048083
0.34921038186936604
0.2811864772044915
0.043251767211966954
0.6278055698521896
0.759591262763346
0.29075491805399983
0.28322801310877765
0.5918318700390632
0.753651468634099
0.129670739265629
0.030118107208093825
0.0076324393817202305
0.365443793860251
0.26634853217119825
0.5297418142290391
0.6982460416646463
0.05887303285724619
0.6690071541517973
0.13460405186359647
0.5116386183891828
0.7317227324715655
0.6319950536244714
0.8182955727881687
0.6096001679966814
0.89743843161176
0.05371052108508932
0.11321423929167179
0.8223448366119339
0.40661381637290805
0.2029653957449137
0.6823189273342705
0.47765053953849146
0.7725570770336253
0.6694837290240732
0.4079773842731337
0.338226573114048
0.4015800771044077
0.5035343725925316
0.2539362371390115
0.6251108814923286
0.5284275092065902
0.38584849917989333
0.6365539305437408
0.8944513319162399
0.10282693863335282
0.9029593105096121
0.5711820921072575
0.7377547930450078
0.4387958452712766
0.9727234345656813
0.624622537493983
0.4687400495324575
0.013861334363338465
0.41969845341658024
0.5550405709100368
0.27378596340770717
0.7877285741490262
0.7872379615809101
0.7317022418654341
0.5349416539067078
0.3565622283868574
0.3818418179660879
0.4138276332966489
0.571314623187208
0.0714993828098827
0.20926661089332443
0.699386680463246
0.4636416681066344
0.739259100859724
0.6638459863195065
0.5197357742280068
0.9251553899463025
0.24698214940399713
0.6139631752503261
0.8421365761902402
0.23528661084604233
0.8332669871998759
0.5599276464049028
0.8148623486850434
0.7590916557323149
0.40022132939708327
0.6123834897501285
0.09543907433320496
0.027394770951584553
0.8639626050786355
0.4714745362823188
0.6305067508964519
0.6259575505685865
0.3886696769492751
0.18386160680019475
0.1640608276222859
0.5048285379017033
0.6650160680893659
0.006582038514527277
0.22877543744140413
0.6191812513666001
0.33912060621238027
0.81917834080109
0.26137642852979065
0.189208375757669
0.22421628595929147
0.4608419550961022
0.6708307651705789
0.024740342398900664
0.43345688935545185
0.23898369170720699
0.48376542357838176
0.018608535405679517
0.06746475958492917
0.7500576311007722
0.8600757150118
0.7298341687570301
0.8776314894353365
0.48216772723240303
0.4015642811318946
0.32176179298375684
0.9127333220518029
0.9385620540858887
0.9257517601138523
0.3284347607591798
0.2855651502932691
0.6874673779232404
0.09339396077113075
0.917740052767736
0.2946086853946638
0.13135876839192442
0.37173935947908393
0.2716783041536419
0.7801815610194939
0.5876649718271043
0.6403738847906179
0.8595009988406284
0.1377143172945942
0.8251866157418873
0.5366231968414626
0.10744244765315039
0.8407566706273204
0.9420423039471373
0.6803780303450147
0.7390125821457482
0.49566086847934426
0.09505279085817081
0.5917232712559601
0.15295367636827148
0.8992420701072543
0.14697020643275846
0.33358159774496576
0.20479940623676865
0.44085047211974543
0.49446067570066043
0.23046838287356747
0.8297851050479942
0.2793950026670073
0.8559677197127392
0.4455140206037435
0.04811957958951729
0.5494844891009354
0.4250742466121953
0.6303221079920145
0.294996471269956
0.2957718459750876
0.022549108160850317
0.600571553256519
0.47754141597718647
0.3526820611387792
0.5157182198629611
0.2889083943735405
0.4438820420212892
0.21679052738867371
0.026209380192718047
0.3462345697766199
0.3323960014682144
0.4385166258713475
0.8508833293047708
0.46407788765680213
0.5751901837055999
0.7075891289883365
0.6540940570298688
0.5984090873531455
0.4052450641354518
0.7147303210903803
0.5640743762470011
0.6969081880127515
0.16407233893079912
0.215626255943461
0.3005296265711708
0.4362052529541763
0.6536680204196711
0.6105458671392845
0.4562054958545723
0.498414185525949
0.11458468550741337
0.4422298338660874
0.594361760765441
0.5660357776046369
0.14539013639512793
0.18937888917255494
0.7958859436605598
0.2582254762734705
0.4636144855020195
0.9539635191182138
0.27156118069393514
0.41135238187408907
0.6166813779921407
0.5483732054157702
0.5772857825399026
0.22354588752988902
0.5803897312196005
0.3439042272754031
0.7545864249232197
0.05682335692399479
0.7264196294442465
0.36368474063900313
0.6926969935741185
0.2673082312281497
0.6442397720059021
0.323077733111246
0.4676951556407677
0.8999247715707437
0.2959070048346693
0.8311877068703131
0.7229075602678873
0.45368993357719195
0.26892278589970386
0.9249500001343195
0.12295263897231354
0.058322673253130286
0.7007389231436539
0.4515617764044954
0.46194211370380267
0.49944182976674195
0.3782735952276474
0.8440827281245538
0.5169090962338767
0.2182645883357946
0.49862990159043274
0.24358957936574052
0.3318730617271237
0.32367466280626456
0.6736715505526156
0.11406249859214994
0.9500534391673386
0.04963103119406423
0.31271667015761156
0.38459767563520386
0.5144488027167639
0.41522336754253203
0.07448962570775383
0.6448295567323987
0.50530582627708
0.9309283730173172
0.07123071997554516
0.29771050311870373
0.5990016101780935
0.4002514632619889
0.39909044314255165
0.6690674026998988
0.2994476828940059
0.5576800736413015
0.4941242156694383
0.4621030425040904
0.3245052877178944
0.40177454996697903
0.20853397639786167
0.09794325926798533
0.6538366434431746
0.8486448315509831
0.8385557200103924
0.12791135678592547
0.591723818473006
0.4671180949432349
0.6220067577891831
0.680339370804834
0.23437731173320311
0.3057459771607965
0.43780061132040127
0.1291615865473717
0.8715478581795119
0.8138523361061621
0.6060832276820268
0.7138301179967756
0.6080530849158964
0.33784369258667757
0.3562409488299335
0.8795166243760753
0.37420866077358833
0.2247919392735077
0.7449537149432113
0.44414385124964423
0.14294586890750546
0.6052473983711258
0.34336001403812494
0.38518852650807933
0.36465496469977193
0.7373903073311857
0.734981470034736
0.7363922837553092
0.8307745039972019
0.7047593450323725
0.6767395795529728
0.8711964999462973
0.32906886766585264
0.6110944864976193
0.6394865299472614
0.46293394030012547
0.6537075523154899
0.5957671136637382
0.8302782731439724
0.3311719906189618
0.614784832144764
0.8243487149121608
0.4080085549884373
0.014524363796137103
0.1566232958567081
0.4377884296930684
0.6090309858501316
0.5658343240481247
0.5210008598160385
0.4518296233630235
0.6551738555737757
0.7106733342460267
0.22587156491699145
0.13118270620530367
0.5679417331638217
0.5393709127899043
0.4898984502383593
0.4413209026001497
0.13144884819493083
0.8387215885191202
0.7718430190314534
0.7922135813274281
0.03333704685500274
0.26453541948544557
0.2962986765091301
