0.5266676040183179
0.5398886630073427
0.49658489847368203
0.13606635534749098
0.31037407565988695
0.8930043876287154
0.49633190857641496
0.3928678064475163
0.45852501196189954
0.6916143068420721
0.890923841462239
0.48138120411194296
0.41802467340196586
0.2618356513059546
0.13680974119856742
0.2979746063952385
0.233926223325368
0.8213625293295629
0.08624579540134031
0.028279400168901757
0.4547229277146833
0.6743765143786089
0.3012749223350683
0.23751882434035537
0.3613869388773053
0.9033904008165703
0.2003310090320115
0.42244793740548836
0.5637213520194999
0.6353977941264416
0.30046087542114397
0.8639848416885103
0.4483819132413234
0.21896019949109646
0.8550484974524669
0.5855591452211973
0.08039455240827828
0.8726320096483977
0.15907871042837848
0.24055960277476046
0.9115962724935018
0.1956178599061973
0.568098861140249
0.5928762135536167
0.8072079515309495
0.7881880708791191
0.3860564568566997
0.8908595586458039
0.9012297517672861
0.17663146197775387
0.1539450465032451
0.517952892677252
0.9386972048267805
0.7108257908436771
0.8738789375012742
0.1768552560453867
0.30718510032324875
0.7162559073331477
0.6955911800809447
0.4465583200544199
0.16070618959181218
0.41422366654106463
0.8926257891553814
0.7260506470750626
0.7264711554724238
0.2452872748484497
0.3676357960611854
0.8206765871762589
0.4408185178119574
0.22826527688051282
0.3096570409507221
0.5591545353712146
0.031450086762126635
0.48242420398004493
0.901316562726868
0.557161620394288
0.46817283827338846
0.9233419909373963
0.8023003222130132
0.46849163144347117
0.9239577120539527
0.5464560904579265
0.7124883539886986
0.4887297360357054
0.2346762662365705
0.7180989360471103
0.09061379682689458
0.22111839815070786
0.42656948920533483
0.6993638306546979
0.06935919349444591
0.4867423309818847
0.480065260782133
0.42014495622771175
0.7752736452832555
0.907303688082571
0.3253409887094056
0.25772737681261015
0.3918436161524886
0.30268305272873486
0.012222170702947488
0.05990374767435946
0.030379033304772853
0.5756035253098045
0.0662622220484648
0.7629290015965383
0.3166837202340588
0.49953446637601195
0.47780075303547637
0.8688121507756162
0.7437489578839203
0.6989417955257942
0.5666075597801985
0.3392600301355734
0.3198017847415672
0.3364321898849024
0.4651783191141931
0.08206373366438606
0.7319725933754788
0.04330710496296579
0.3887156800324302
0.37844288946764676
0.890468854199661
0.5684781802660641
0.3547620676446577
0.45994383893096225
0.2605754082199725
0.6002577780918946
0.09976090366865954
0.7713419857026347
0.3682954994060115
0.47750683669647304
0.551325209058094
0.6945118841836113
0.10750351102170225
0.866345953180244
0.36770314470841076
0.14563146467948584
0.7118987625586455
0.30509412236969224
0.6550363507285413
0.7358836145978679
0.8845633515120063
0.4457146215062035
0.3095949219943127
0.8627964285335233
0.6410526015549958
0.3851136154181384
0.1554018145765594
0.6232656994734728
0.7725099649244144
0.26687369568509156
0.3858778765829137
0.8689381385172794
0.28106477534830426
0.43960393705317014
0.22489756620045798
0.5129324189638477
0.3227104214200843
0.23493496426703186
0.42282215038290055
0.1647899198266179
0.2778196237584944
0.7635542713390768
0.349036384269687
0.46413648024897886
0.503872831571189
0.6196077077732512
0.03982718442456911
0.5964029707807023
0.48897061590596747
0.5769907865448043
0.6277441261000115
0.3968411197818512
0.820445906826203
0.48974222348621843
0.6144672899741587
0.3391651648498533
0.696571936628876
0.9228387878954012
0.22897220259155
0.40415609082466714
0.4349455294305044
0.6952188937718978
0.3747252400559966
0.7897961636767968
0.4133132912009602
0.7442574635560052
0.8946342125183592
0.3074731515004374
0.5196666452855904
0.14354082013818417
0.08644452850935373
0.10868946678737085
0.5314172121316347
0.6200761376980001
0.16899335892032738
0.1494747596587152
0.42751792949157835
0.5260680749778461
0.23937686425284005
0.6327213806841593
0.911256381875511
0.4469566007723622
0.6465607003380078
0.7754114659345266
0.22124283635260902
0.37293810057212307
0.25041359683196845
0.34197886485784285
0.30007533567473
0.8367903114978443
0.70945580085529
0.30138189154575057
0.9172034525755154
0.47369280082127385
0.3044313185859991
0.15529832434197371
0.3593990235219846
0.813775729633111
0.8699038118294024
0.6191083508614272
0.30461018996873024
0.4832542070075204
0.5747503430819468
0.6013009764826006
0.24836206798628832
0.43692478725308403
0.15495122572957995
0.910207447645105
0.7019849578110637
0.7240883461199423
0.8317423767422661
0.5444269292912417
0.838274974559931
0.440026523578978
0.6901569246256538
0.010039549757231064
0.1585325240854656
0.323706956203065
0.6716150192248429
0.5061779118952261
0.657134081759429
0.14414061295699998
0.0056336000934537524
0.8746944123683316
0.621441742007168
0.11161039971886731
0.5336231104635607
0.6323101654858481
0.44867763737074606
0.837804259133094
0.09565118470823487
0.5403146638956888
0.1623954842532279
0.7041238377507394
0.30263897718663635
0.08998636280580127
0.6602097276136027
0.835390788344835
0.3395196222499602
0.30546811269425345
0.2763383423456548
0.8602773856378064
0.7569196131758679
0.5975619444602569
0.8279336247679931
0.060335854615939974
0.14572196098796167
0.1727109612422343
0.34269551404129633
0.7907114915309311
0.4192824605821525
0.46444977538771465
0.09795210513178282
0.892143394566432
0.24366845831991812
0.43743016765071197
0.3210823293512265
0.5608751525479414
0.3170925764769283
0.6582515027401545
0.6419199165728667
0.3199046764430166
0.8380930595387985
0.5008569928697014
0.4981083538888371
0.5063870044161742
0.33341483981130093
0.776845506239931
0.7707025791306065
0.7122799143987528
0.5147670862400112
0.7881636916592869
0.6544189847082863
0.3455268396821288
0.1567511094270559
0.21513592485813313
0.5128340516917166
0.8913344018218644
0.894086678288893
0.6035299595882337
0.7289739148613646
0.5032966495286745
0.8696646837259119
0.1766503471523095
0.3876157637260779
0.2505945032909976
0.7834912396357109
0.06497791693709204
0.069046093792376
0.39539475653619244
0.2032357730654974
0.2776502475096706
0.39453712542643826
0.3878298755968098
0.5550719298831461
0.23310860532847957
0.6036152583857843
0.7184169439037366
0.22018331017421633
0.5100186958154244
0.33503131625567495
0.6793655726241566
0.17822844389349118
0.9221191061825537
0.1405477394782047
0.20869953496295246
0.46166497555554387
0.2499448897359618
0.11451689446319674
0.6421942985048169
0.8524140895844279
0.4795751507396025
0.3706815780621893
0.5633719744932186
0.47611704501899527
0.6158502694524953
0.7436465435355292
0.22673778679644213
0.5518794497227265
0.7598982514917271
0.6225993302321596
0.27405911000230143
0.39953878658479697
0.3097660045365222
0.6033865142201761
0.9094110091738926
0.4103166577272114
0.4112688403305138
0.8307376514670144
0.6480102550542594
0.23916463969039625
0.4535886037805753
0.5082277932985136
0.37793876585694747
0.5016363057983334
0.5152488971156063
0.5777804473327957
0.7491738916808084
0.8306847452767067
0.5931651149501598
0.35083568322763203
0.45411273841608746
0.7217674200754863
0.8833853570800627
0.41265364386469916
0.35951665917872344
0.7193391173601555
0.6837327414595059
0.5942035686854956
0.6146993377938896
0.33857188709694114
0.5875364523061785
0.017481706945858683
0.3055723456850553
0.0527453417911201
0.7820437193045816
0.5630637609879561
0.18968215872683172
0.7771187473127279
0.48592840450175573
0.7289578568094364
0.9166368791789157
0.13948325283089513
0.08559615521888607
0.5794361662660553
0.49440939298611003
0.3135031629708845
0.5937510880045934
0.6808503505781883
0.08765021372614556
0.4106443612697903
0.9477629463008976
0.23871326620350386
0.7279580059446915
0.6979701493988357
0.8974642313431601
0.1971200936054921
0.4445346009416403
0.402011325054029
0.3676508217013013
0.7468936787057414
0.6327771403535914
0.06145651936604771
0.619576534797538
0.48041371434797364
0.07035762610261095
0.45486846307574547
0.43040729870734395
0.471727930560434
0.4592150583300981
0.05608707057266562
0.2958253955216891
0.8666022344251788
0.8902818390157204
0.8007890522554376
0.0027107529994153624
0.6341472984685294
0.04599222363282411
0.5536550816784294
0.8439617465974899
0.8622628317343486
0.7352730685924747
0.32867776192672427
0.0983652375381019
0.8580755082688215
0.6960186010437137
0.5075254864678558
0.3749285402528874
0.19522972909830238
0.646656420882193
0.4853990608661704
0.7134637078361057
0.15842740005715877
0.3064006571743957
0.23472458140639405
0.8626491961568031
0.3655605752582833
0.394285659552559
0.5607920120826692
0.2150367059422212
0.35163525123093037
0.316471563425074
0.13702166920541795
0.8965408603325379
0.14860263367727314
0.22663573160499423
0.7890484925691432
0.6441238844164782
0.9100878129142191
0.755335338755289
0.5311456133347272
0.6211743650609682
0.8889031194201948
0.0412449344238165
0.5265127520661339
0.35597249843517026
0.7944735329723137
0.43835699166575604
0.03715551549077554
0.35992928351036946
0.6974816864513076
0.2772379854003491
0.901219754010176
0.500325831656564
0.3517398942274235
0.10341546697925565
0.4090068773852327
0.6859566704920569
0.7314276333258591
0.4565440121372774
0.7839613442170001
0.6453875294390857
0.7765604802873691
0.5295670579859312
0.8250554850785093
0.29291101343981946
0.694811467058582
0.7144002176449435
0.7258554451892993
0.7735484425067233
0.6263538649539355
0.5189482233009375
0.3850211925046295
0.7450159720038924
0.5771207577740101
0.7774861283861423
0.4195271541823544
0.36202393017988177
0.46331039524307915
0.6080353442000976
0.48269897909380843
0.7450248558693175
0.32671665149966855
0.3645067921826312
0.06216532523091346
0.2255471090593358
0.7129511427807337
0.802725775691835
0.2595969536280269
0.7709919873623396
0.20889103937786277
0.25391794874710144
0.6400598148620247
0.7379371956186126
0.6221776017048007
0.14138768219360887
0.4536714796187892
0.05257373810717696
0.23760987676903544
0.8152475831681552
0.5602172827278127
0.8925679482181106
0.7522598583239212
0.4622386519797192
0.27810072438395816
0.8729345054014546
0.41002877521686226
0.8671817373649126
0.536972085417766
0.6972598305669464
0.24242517475780961
0.5650099655749987
0.7086706920144373
0.6034657628365803
0.3481334901472868
0.24610995956048473
0.8581901356005197
0.6477987862174845
0.8816542875911739
0.22755692391893917
0.5286029628135056
0.2788992574811627
0.7896902344356412
0.22111839815070786
0.6526720991218996
0.42411080320556865
0.35616068445843896
0.16278816036120083
0.5348886385740061
0.8740991380275174
0.21222362653135868
0.647803621651762
0.22956486678485502
0.00186958447556068
0.5110286191062207
0.15430834020056966
0.4258658478299961
0.725942427119185
0.03817670262629276
0.48775948637402866
0.6430414109522749
0.5347549090999819
0.5682960028288875
0.20566090618773877
0.22145140553107356
0.20741850416254795
0.41411629443588543
0.6805606054773499
0.10068202561932232
0.5541499119071546
0.6359949184833361
0.44585618156108675
0.21519855556999484
0.7404854279929617
0.46693066080524015
0.43300893277288
0.631084320725217
0.6308684014767846
0.894212286461491
0.5205317593025633
0.7913147946575416
0.5310850752183934
0.36763569802388757
0.44523140695230023
0.4834109884711054
0.6206241437764539
0.8811218173400458
0.7364151775520947
0.643427572080072
0.4098934943493453
0.569158856052766
0.26034525478068626
0.3797503157183385
0.8280844234926428
0.05536316699557408
0.44008962892479786
0.5522624533969773
0.6014427596188227
0.8878813664514289
0.7774856686028901
0.47870174647411873
0.4917564872937486
0.541973767711686
0.5768924616785023
0.636404404503609
0.32897213467995523
0.6642336215664235
0.16133878386987632
0.12052325201257318
0.9000095399284462
0.5260790149226653
0.8504902922660657
0.8817906795420378
0.24088778611405656
0.36902778512480156
0.49136439335574517
0.1488164212194829
0.6659168804800831
0.6101530232493624
0.9020676043474791
0.8689193359160963
0.9358665950290985
0.869787069164691
0.33755418113966307
0.4025495799171826
0.5450946428804126
0.5589953595587372
0.31260894717253856
0.7195152854974219
0.7155903506709674
0.7397258836562133
0.9022008548402839
0.9215032137767839
0.6315986531205446
0.6659664938729646
0.593995261485772
0.3278094701543929
0.16281366740934122
0.7430539095972922
0.8857540868885757
0.7565154961427943
0.5548646701182219
0.3638970662335621
0.3932417096512308
0.3272905928929304
0.33998113838323857
0.7214754114248445
0.869392443684173
0.7844160277862305
0.34282331241281366
0.5552646205904233
0.0759818211170698
0.7989248606360139
0.19448823471713528
0.09072695839837538
0.24835611520203252
0.2495373717992082
0.5946116485209492
0.023977832025275196
0.8206569002897841
0.6255840248126575
0.023121794040873528
0.7178339086836304
0.777934768018138
0.39819834505514157
0.7213123263592612
0.6816038796193067
0.34334124633651936
0.760095868539199
0.4577934574975571
0.482741615574054
0.6930441276974768
0.6524669353641529
0.08899076047718037
0.1931441688360074
0.2828305406349273
0.5146212347591472
0.4981815749566482
0.6645182572778088
0.5482911447779819
0.15753853520241623
0.12195609005402883
0.7610865255453374
0.21054941803618865
0.9084382146696206
0.6519236190759873
0.7268977604610283
0.09095545092719351
0.5951542782995535
0.19060561025602996
0.25695679471079585
0.5729902054508603
0.6655265678404578
0.5643898700755692
0.18420996963265354
0.4148939979212796
0.6661927305840089
0.5147530523209451
0.5890153597864427
0.323795295780233
0.16286364711252807
0.6016500726402905
0.5152575341821337
0.8503221418151424
0.050738318357341515
0.7032636224136602
0.5750922445816297
0.5823337725131505
0.5141866031156279
0.7957848589390495
0.3540532709543861
0.4832422372840493
0.33491248395766
0.5713171346345095
0.5040791556867602
0.9413490847818528
0.7346766460317271
0.8632482228908273
0.7744006636767372
0.7739607788359442
0.5050426188723807
0.23102999148252068
0.1439747133826591
0.7338716253491078
0.3045647741531503
0.2488339090750051
0.49215566505188746
0.3265614154590649
0.7066183564473612
0.41461110781847366
0.35396359851269005
0.5307900372093379
0.8047673156949072
0.8352186958042397
0.5164952402978721
0.797701234848605
0.19967230086915536
0.4507968680176395
0.5656135403111097
0.8002633840465453
0.7059089987585131
0.6672270918662889
0.11928840998174206
0.10059738476839435
0.43067302850311573
0.7080652824553583
0.39654988294766946
0.07904373523937405
0.5951556918835931
0.8492260312318947
0.6380578307338107
0.521614295687928
0.7544147407732179
0.6728850625622862
0.17318837600301978
0.0823128901405932
0.21168650748001977
0.1504009280248164
0.4918309827263808
0.5463604341966267
0.8344609667539822
0.8655035989057791
0.02172604927075011
0.7740829642694397
0.3804475536020845
0.3565694331892731
0.6624488862433292
0.582780758241525
0.4509267676257673
0.6184502041379589
0.6255246364508183
0.016824152426927065
0.289157482708728
0.22072703066646315
0.9067681417462519
0.567675914390231
0.174686913354157
0.43799377916798454
0.597066107884501
0.6848432621946163
0.5056606202573609
0.38114556278649614
0.3056691217866684
0.2414478928491835
0.4170097785511273
0.47699170376533995
0.21328852527982053
0.807566369210999
0.19435475538709163
0.790839388857607
0.8782908480986203
0.6420602377044905
0.7697654495450207
0.7535905824432171
0.7410501365095086
0.8598985838666136
0.6250358679022465
0.9231674427888796
0.41082980799270125
0.6724422664635405
0.7067576825712075
0.05639803570198885
0.6002634863644489
0.6418314749226789
0.13482535612768107
0.14604634308877643
0.08749445929828144
0.39174126729638925
0.7390387419357687
0.47057728121907993
0.8422258070221694
0.9727833913078351
0.208033010302181
0.5770133311378459
0.5361616946903249
0.9036321845478387
0.785700739242909
0.2503584545394942
0.6110117875366601
0.17129199817765248
0.4304782735058787
0.5478744248936406
0.8168361333790858
0.12862879744453162
0.6088510253775192
0.8005998365292584
0.6524166271622492
0.38542173433162935
0.3072619651525498
0.8932094317385066
0.3071837201787381
0.19873033175601382
0.4782100076810544
0.018343496852824173
0.41578074243021634
0.46466022852736816
0.6001825672525439
0.6023280979988325
0.880262118786975
0.6427856928860837
0.35861242823898143
0.5958300872989046
0.7796905869898366
0.6573466772812862
0.2852363085007959
0.7947676576707422
0.18435270812749527
0.7182087281163396
0.6797990950461806
0.04548736302535407
0.16539844372178578
0.546277245662352
0.4705682656569741
0.7210990453838035
0.5744034439580109
0.2585431907354229
0.3409459193246234
0.1693030323359242
0.06653916044510441
0.48236543400913
0.9552850193805102
0.9487181982775273
0.29983981536304993
0.39249132468647363
0.7600013992453902
0.7442426376410748
0.4113477289365991
0.8789805349576857
0.12891245169711676
0.5890585513094309
0.8695987682534557
0.8367474244623019
0.3765169518828595
0.519437889487461
0.678011067768035
0.930445190514394
0.4077002795898254
0.050065241233462364
0.30519199138912045
0.6015843041651177
0.2035921261451506
0.9107430093925246
0.35616449382325166
0.1702280788298068
0.11192915693752535
0.46297560163280976
0.11868153213406614
0.719987638881843
0.6825859706198458
0.749740742327058
0.027177026155646603
0.41248751354750696
0.6466500663306521
0.6638796813346824
0.32443051179765425
0.6413586014369673
0.788989872258136
0.13830086026601324
0.27241162066725616
0.6184672596556039
0.22661610166826174
0.265023456168528
0.46402471964078784
0.5902186019737626
0.7692623047280233
0.3058534858001042
0.7130533156388374
0.5174062314754472
0.5458994003746039
0.6558979784287315
0.2175185590049789
0.004367000459810883
0.7662094224286697
0.43240141912437274
0.5448515920061731
0.7976428420023034
0.7681608193107411
0.8266465004737288
0.708342691295527
0.6465265334901793
0.9389393850178445
0.44487921140403613
0.5565721767432088
0.7814264324354943
0.4789559263034311
0.6363646380013708
0.38552114383088926
0.45124386126044397
0.6239095416607446
0.6655190746222109
0.38997319343629183
0.5692260440224977
0.6581281020234913
0.42873390028434366
0.8361986755460955
0.38637105770252766
0.509302214305519
0.2562802310625683
0.06953459838810601
0.1399687725268162
0.11943064538133584
0.2011458848532479
0.2905459886804628
0.8199205839431455
0.3206422236824295
0.3613818750108534
0.5992285749804419
0.3301853437557557
0.6535933972085604
0.6325047239174908
0.3702833968638302
0.4617994865271994
0.6581417030489071
0.9150137151521446
0.4780833413781891
0.44553308243668027
0.7541559208025208
0.8249451306815521
0.5513078427132896
0.6333511322582089
0.3669141118624787
0.8023337922242767
0.6637657390071454
0.0942051209319159
0.15194935547959523
0.19441551654731654
0.8856009126564763
0.7470128372665139
0.7252384309005839
0.5112671158575548
0.15658302695870438
0.7127641926753627
0.3849082499477508
0.5599461513140586
0.08637805199370636
0.8773282447906602
0.49566300573653715
0.7490329497123034
0.7310563937535318
0.21919925721845282
0.4421233003799978
0.6717567726999735
0.3046114338841796
0.7451250155513551
0.7464401748638556
0.1691711622734174
0.3191807658469833
0.48600124152835955
0.8828435957406697
0.21126654431839423
0.3152484127461435
0.06688919676605133
0.33341007675790824
0.5895368367775785
0.030177766706190642
0.48592164051139214
0.5217914598805927
0.8182362272539342
0.3427643672231681
0.462511628951439
0.7220202229103502
0.9065899774877155
0.7109240193222348
0.6410656147243403
0.2434562410349689
0.5970970231402488
0.8083152685638569
0.7245029678534525
0.37053723577890063
0.5801958891045971
0.4532986842079408
0.3590891414553553
0.6380818409925453
0.6888490766201083
0.23641385691497402
0.14462572453242178
0.7940400584787305
0.34773432067305615
0.5038830259627868
0.7645705616525102
0.44142798734822497
0.4204597287976524
0.6609991694068297
0.8098427191374771
0.6029189817859776
0.7676535087278612
0.8118798146887589
0.34916028477680106
0.8776101837695183
0.08721858670792479
0.3716210030941961
0.7247379917374084
0.3412664969314312
0.7141626588080594
0.08166559089169813
0.5308348502361383
0.38862474028431127
0.30368356845272626
0.78034152524442
0.6457906189221633
0.5769142092075625
0.1530935196956311
0.4435645631444423
0.8459329867383655
0.16674943765399855
0.4174901491890598
0.45600110987209586
0.3390514284804058
0.49245492271645136
0.35883380966546147
0.6135694151263162
0.7959081299125796
0.4750906979098633
0.24765267487201983
0.4654801294246835
0.22064377940174645
0.10468475228548357
0.5259863807526771
0.5480513586539107
0.1664728962017789
0.13852715102339508
0.3298316626315115
0.7326019111614844
0.8605530897773384
0.8274689866875736
0.3784360452037897
0.09589377026902292
0.7145170941247613
0.40665113165435
0.8613511648251103
0.09196056698345022
0.45365801447666443
0.5092378839184521
0.6946659805169391
0.8421765923524974
0.6669716924345415
0.17803512807189636
0.034886602513441944
0.7842749122931216
0.33896469616242564
0.8149446982432264
0.16520300372746027
0.4865453895089458
0.4735083915901133
0.5241369939128805
0.44646099690885377
0.5410104754116699
0.8439069005376342
0.5339084377476415
0.5528787792345908
0.14888658876195923
0.43708586222530776
0.6811320188854558
0.9002139570128508
0.25778210827499726
0.5077720612952511
0.728581830007302
0.4225557680283426
0.45313788251076054
0.6443749056539331
0.9357356755298631
0.561211068265179
0.6306179658313602
0.030800700376774185
0.8129300006752119
0.9303769601208643
0.508236555155316
0.7403926006678272
0.3648528674613303
0.3950456571057213
0.36661990085868057
0.013659092760774167
0.5452911260014338
0.4791840311938206
0.7614367366794659
0.3900469631562248
0.7404637881334953
0.5042299167876709
0.27821502567885426
0.7825718574408326
0.33816126780739325
0.661000872215115
0.4525048461002643
0.4583541886279082
0.6124250621985506
0.25558325451782127
0.08415973062376013
0.51150819189742
0.30263659664683695
0.523199375842442
0.7294032383511846
0.7430602585432382
0.622926328809493
0.9074567527956231
0.09711862666621808
0.15439712534606356
0.8473272899456066
0.40125266273191074
0.5069531108863681
0.3541448496514825
0.05951758735373184
0.4546659507279606
0.06287430255415948
0.2658702559178234
0.2746743927299833
0.6095801295733088
0.16293042275795197
0.7677412694395037
0.5051527091944308
0.687695656624535
0.6028057075485209
0.44907036218310603
0.6904643035869461
0.8404596293322033
0.8274409433074682
0.259294185011274
0.5435118550175059
0.05470334176401626
0.23730913937907538
0.40346372337218867
0.20821346628996767
0.8348046594309894
0.3235962190112665
0.6127213818693361
0.351759826975396
0.8767288159503537
0.4315903434991756
0.556183155688191
0.7858278680403057
0.06672003960859979
0.15009807835231567
0.5170634287708009
0.8662086089049514
0.5858672150216273
0.3171461248774299
0.49711444435711594
0.1281022629650373
0.2025385030887886
0.7518204837705166
0.37254416831698794
0.532979514839846
0.3989989574195097
0.15989533840796885
0.4429900921769906
0.7248135967190935
0.4084738190162088
0.5781775459802682
0.5775946554253059
0.31215463824532375
0.8810644634098326
0.4818809257796227
0.723537450538739
0.174774695196503
0.16516051780959423
0.3375496544443449
0.20369429938522127
0.8830057061841668
0.39847293230182995
0.6062191979466642
0.5209373065368029
0.06250265558536322
0.5291202510823837
0.07334196278285171
0.6272454767513995
0.4895458358393485
0.8926176463831477
0.689128683132425
0.9424676902995597
0.9177305548733098
0.6198920080139815
0.8573300403648312
0.5882566513022356
0.6815106137317943
0.7160795017019098
0.7289144687301109
0.4434509404060418
0.5703075191432182
0.6101943923388581
0.055200595382111424
0.30717205702561956
0.40304275829004654
0.2859436915875257
0.6538046727039087
0.9391743277197704
0.32412142085020096
0.9041937016309952
0.27788749283182346
0.3093805945305061
0.3367173645576209
0.6377790872122145
0.7313451307879065
0.70792399517032
0.8259234036296272
0.915997776465548
0.22420365651818688
0.21601793062087854
0.5140968209106909
0.6159155491091134
0.47059003595566373
0.0859861273008555
0.17341087544288067
0.7374662456640209
0.7079358872876818
0.6134933990174961
0.6976210152700765
0.4634312136992
0.24468846579539194
0.7084079691183754
0.8283394635828168
0.5826695482884233
0.5730273665524921
0.6354753763553767
0.06385937695513383
0.1661925554637774
0.6085544972385649
0.5418687857464791
0.8256766597372542
0.7997462151516268
0.5527881950857504
0.33836857871677534
0.6938621006431577
0.7137768853604946
0.47714749255276223
0.5711667011133071
0.3372125589990997
0.7535309898656525
0.39204332043893464
0.6504598612732592
0.6057685549654641
0.3241405381002225
0.0017719379767727804
0.0184107867136611
0.5644995625320235
0.017666025384008657
0.7786202407060648
0.6823542470109301
0.830975486605996
0.16792648846290373
0.5605316112730012
0.8074410761113869
0.10725334163008768
0.3516787106439196
0.2806232586477257
0.327815514250775
0.3988111874137139
0.7640631283724083
0.45997803009051624
0.8332291207103315
0.47553944615768967
0.36950581777649244
0.18043964898355808
0.5220293508342848
0.4660655607568906
0.19104128241188034
0.5161675780709862
0.7289189132291205
0.021654853694290575
0.6016730315081783
0.5751706625250053
0.41825383486756457
0.41249065366804366
0.412665097334542
0.4482850398780694
0.4422197331839675
0.23505162635514884
0.43073333981049744
0.2873979203239976
0.16038259536554994
0.3294054489606506
0.4753731102600063
0.8142965499199789
0.5719258468192444
0.7652726289306699
0.10073143907096334
0.5420969726282404
0.5595968974947395
0.876845877996278
0.8089666573241386
0.2976667658045775
0.25614598061410665
0.15176757879917316
0.2939486564915643
0.3061353423216626
0.08586379684683884
0.30374286216896773
0.5455270748003774
0.49644876486190564
0.6143561333914962
0.4364854842365444
0.6255580561463443
0.814844466103993
0.36613049885597493
0.7991492065890915
0.4991074364492479
0.05253593898725877
0.38755137017429697
0.11091822515006705
0.41101410833932805
0.5301105373390114
0.7633398611422519
0.5286647870313319
0.5870165942722407
0.2665931953768039
0.1966533693081565
0.6822598862783935
0.8199749081286237
0.5078669977573529
0.8279763786579667
0.9451919984104377
0.05571443751990249
0.06822044487183133
0.311585069740641
0.6424501096559818
0.25347937693542905
0.4379996527007445
0.6147367457462495
0.5668541466044116
0.08137267722382771
0.6410327783663762
0.651472017047056
0.563262319644731
0.1467385215186039
0.12987901320730588
0.8100418719781712
0.20355558841743324
0.356326152514242
0.10647463186063609
0.17559701735396077
0.540319466822785
0.7151773218599085
0.7219522393198327
0.9309319988362811
0.5546572599228172
0.670113964285426
0.5039574246815518
0.5729479870468053
0.7706247636423768
0.44923757416160814
0.49499302706137116
0.9056328952552897
0.788413494015605
0.3080386166577669
0.7520861901125757
0.6540458810522723
0.523310987839978
0.8024249531099544
0.28446287580682683
0.5276979453495815
0.7288509222463196
0.2528236932108206
0.8767661049770183
0.769045146190954
0.6237477731456695
0.8064003691335822
0.6912235770349217
0.8109692960972227
0.10329494419715914
0.3455527160592721
0.7918620389417147
0.3601336325335922
0.11693284401989266
0.33714202630562967
0.06621610823312951
0.03779285573977683
0.5189633045135157
0.29103186525791663
0.4538644793703513
0.8926423182455071
0.5390498773322115
0.9000181946448725
0.4874142456840158
0.3101336852622404
0.3282020592327498
0.41980960254096983
0.08206815589930527
0.18379450896372337
0.1472538288949789
0.3015336883961554
0.23840919156325663
0.062492188614140014
0.24440606355693056
0.17097423791372227
0.809590043716962
0.31381980049124253
0.12401746150369646
0.2942907286787879
0.6945970433846496
0.6345399642247401
0.804085921709147
0.3018391240076717
0.8491639906427333
0.02384103089939488
0.41235444449542535
0.6076748316485951
0.4353429665173393
0.03857259249226983
0.045434222606461246
0.2470104392936636
0.44027856198020804
0.1265700530407473
0.38691726457077863
0.7672310970052558
0.6702941856464135
0.30101228811931685
0.8887825441545555
0.7255088094237
0.34246337583648395
0.7583856988637112
0.5810852851093433
0.7463528591812546
0.2248049631351246
0.5888576925653218
0.7666541693591432
0.5754174819145096
0.8295082412617145
0.8084302355738068
0.20842313860625045
0.7954427518406291
0.4982304912017564
0.3088263864419693
0.14352573270562755
0.867112112136384
0.4832422372840493
0.4886209078921105
0.5976782058906075
0.33528024577987753
0.2751905202984761
0.9102016088670741
0.21692229536739202
0.6392337475720159
0.32267711583610387
0.6366642312630885
0.7422644968962039
0.853123689721653
0.030193869212314792
0.08413627163901778
0.22970384958818887
0.1947798242691878
0.4836791960679563
0.3188016324491941
0.44603784097715415
0.5861503930742759
0.11373873758365553
0.5934794047051356
0.7732727593015759
0.5138826001944882
0.4767250643601829
0.0027061225359643723
0.5122670204101133
0.8374242788968261
0.5667964389558062
0.4263361630765545
0.7048432389708085
0.8287496713827756
0.1126945316428177
0.6997792660378244
0.35361343745270823
0.5765673166646705
0.8044825245611286
0.6892673540359592
0.07148138036456643
0.07430708848462808
0.5042338636562448
0.676683971381097
0.7444077662261291
0.3274929543806165
0.6815732451413381
0.38574957799447507
0.7702681223248045
0.24349088339976885
0.5656197496361322
0.12851686798486725
0.329912977471337
0.549117067827998
0.5057849854104343
0.1375813359040677
0.7513938711753971
0.7178067867701234
0.06706581880813785
0.7209852710768043
0.7111397559995414
0.2804847968813724
0.467576283185223
0.24793297981249596
0.7746011994195104
0.5900818558194639
0.10672913830033388
0.17643780238821824
0.5894148585453424
0.658291827008229
0.8225017369163641
0.4004623745891959
0.4625168564049519
0.2492635664043475
0.20576942003131962
0.7409174885080578
0.5029084160665053
0.69000896778246
0.1610240308393299
0.33106254757338965
0.7903207742072813
0.6591215546424591
0.5058451567123636
0.4852029872209615
0.7180790509472266
0.8002129127236566
0.5300638382130994
0.7937292388409501
0.6704545809710711
0.24947159026077328
0.06888610581164621
0.4885905804836829
0.03460667728500588
0.5582117686729716
0.5155844166253735
0.2722988907839136
0.46314662721699723
0.38304256509858164
0.8519507715417199
0.7975405414214921
0.302575616514521
0.64309430353689
0.7472478744904035
0.11803262477487182
0.6947609869975859
0.617181585318996
0.05721110962061139
0.4153584963654923
0.35948751438118276
0.468988702977283
0.5429671627036191
0.6237731813495454
0.5696309729798055
0.5073829785786166
0.4974989651762649
0.5565698126791707
0.47562697691824257
0.3854799102956655
0.6686707564863871
0.7802529329974006
0.09355710787410523
0.34482741957950697
0.6104311312862586
0.2652923211038009
0.8933908712349253
0.4546500125201126
0.6654058292326465
0.6029137847007867
0.03669229108382316
0.5447471764799718
0.4499386511622891
0.596814578621852
0.039086058129869136
0.5829082255084108
0.16897592875063783
0.594982090721751
0.3247705347592843
0.29354695754166976
0.46688059218677636
0.36912746654317785
0.08790314607645912
0.07754048741129746
0.4475844667237908
0.07927446833170612
0.1865557181458141
0.33128235772821135
0.5948974559546648
0.8492868748601815
0.6897353116042908
0.032095705629820746
0.3038979480964493
0.7478586441940629
0.4993611408584709
0.6665288958744667
0.7561937756150451
0.7517975016968779
0.7163811513981722
0.5205675987050046
0.17547303488542687
0.2352213697337752
0.19518679963949193
0.5465192745677026
0.44762333494840034
0.40363950712636476
0.4834660532867671
0.7502670044617011
0.4099322856117378
0.4397154301803049
0.2612315902728895
0.7695777168034866
0.6053692125379454
0.510203431177261
0.30730770338226654
0.03290026684879689
0.37578224515513237
0.377532537371883
0.336634595994201
0.3225796925709064
0.7414486785657289
0.3190885787087611
0.5030812956136914
0.9244019224920266
0.4345424691750075
0.7328346429790991
0.7934441468027178
0.3385977664842712
0.29497415794826193
0.6139757739551592
0.046831115423341986
0.4362692747783381
0.15181603716077352
0.38179290194159193
0.9161787515087769
0.5190601115044445
0.6597445263801596
0.7708276786780265
0.5256224259948123
0.5699508987070326
0.8039008798044466
0.5272566775682351
0.4379535974729713
0.9460505545530932
0.4103035448464686
0.7229774682042875
0.5475818746645927
0.9135513254959209
0.16529748314478493
0.4320850944547447
0.5136010944497916
0.7225990718576673
0.4018678337007873
0.6441238844164782
0.2349871847984489
0.9502791049474508
0.6061541795955901
0.5739058025677879
0.7827218428015321
0.4668110868036164
0.8616970394635539
0.14176687941975374
0.5578661020033899
0.07631244792304517
0.05238983585630909
0.8312509531995631
0.5506155807176883
0.5858156933697635
0.5054571061031217
0.5885789324792849
0.3505633464538461
0.8949805347298369
0.5120641721874777
0.46544724738491516
0.5099610758896446
0.38542173433162935
0.5103127338159157
0.6549240053983442
0.1826043154226003
0.2583607623473897
0.7737987188535501
0.8653248151474756
0.17403485101610727
0.563923994556673
0.42051016621847875
0.6021133423238613
0.16261136968186596
0.6853577111899222
0.4836259682751295
0.05927336244718938
0.44292972578285106
0.7944016942394772
0.6445342486245121
0.3198666849550933
0.5382637790946617
0.8631418632893509
0.20028941304655518
0.7278887544186561
0.26448013461653486
0.6985034422647556
0.520065948586848
0.21956701527613884
0.2783687305524826
0.6119932118518022
0.28801295260925325
0.6492606246353326
0.1532793199169237
0.38329557507043044
0.6014913534502537
0.8402969493166726
0.8511984441095803
0.4172062339357975
0.5377124830554373
0.18367978973464177
0.9065860830203147
0.8048010399785318
0.7230979657123787
0.5545944574382241
0.4138850151528403
0.8740584242564594
0.8434858014325054
0.6182532790357123
0.6294691766361827
0.3202587989594357
0.45801866429326743
0.4170668737794508
0.269882897930473
0.4117627181006567
0.85879550329151
0.8125066085391559
0.9329872655147781
0.16373961600632625
0.6395391044045056
0.7061993181085722
0.6491735867916191
0.4214640879285059
0.54608883115919
0.9317761084982003
0.33092609110010174
0.12201907184481477
0.20651928640622494
0.24491438912276847
0.7463641414360899
0.7794436553608114
0.45209442258200916
0.3268706026459519
0.3368738082625289
0.5992256735860799
0.08103538220938038
0.8646594114366911
0.8892560998753856
0.13340429929071274
0.749956032132158
0.5746245880771716
0.09440341215929628
0.43870433288385413
0.8751529644014385
0.8758526557226252
0.3273132633843366
0.4664507987976538
0.4481247116276197
0.42993910783089595
0.3891516344384351
0.28773225691097054
0.7225810053002196
0.43851202498868525
0.6810625543421481
0.2806232586477257
0.46102194049201495
0.3002025276479962
0.5796444265228973
0.6635375467436718
0.2766843365289889
0.089453005430765
0.5375176423936294
0.4282325683096963
0.8238568250297681
0.809305358821663
0.4963693739032493
0.650098424786353
0.3757288992531228
0.7667509125723152
0.4291005726952597
0.25271161974281514
0.8690853867803421
0.6111530890118668
0.8726161257303091
0.5274712137492904
0.8582008043103504
0.37509897974128975
0.5216102744379818
0.7885685529747727
0.2848046692549788
0.7789727216219087
0.6682144477406179
0.8569295154023793
0.30882044315906904
0.624525971007405
0.9221362635923981
0.40662423096820755
0.5230747147773032
0.44907025046463134
0.03984485241133081
0.27747058722683304
0.7423036694850712
0.5627660724368129
0.3678183266761248
0.40419933165003485
0.17958289690724907
0.2447418089357726
0.797226626286638
0.7726167347858771
0.09556185861786767
0.468241575300374
0.7906975850745029
0.11296984116709435
0.5212605047490279
0.5630482162867606
0.8419659346164398
0.8316943088383415
0.5350123837443665
0.7267127316711767
0.45157393063475704
0.718273109747297
0.6798143741712619
0.6507874482321829
0.0369512526384271
0.659085538518651
0.23943660835820776
0.845243737035488
0.6006240220423763
0.2821806237215964
0.3390775814691683
0.6598618702202214
0.6337119495962898
0.5505601608601833
0.26786406794322737
0.1247484240682155
0.6465332708478232
0.6112070577809104
0.6473095035016037
0.28770365835932205
0.40433450952586003
0.1854096243873911
0.4347125396161953
0.7026464130271881
0.8430255874546858
0.5826936744576795
0.9205232458173211
0.012780867210781284
0.2744705023281457
0.7333581813275416
0.33520735970487336
0.6741821538567468
0.7229324868880364
0.9584498277264343
0.5079439842712052
0.26514554322681333
0.7512322288369178
0.3485677878553285
0.770402381727642
0.5284053126397459
0.09236501129499045
0.30511591351751616
0.41243666939866547
0.7098307676135023
0.3960448076044881
0.48234928461077187
0.3498819742889891
0.4451210646024964
0.21330647984402293
0.4030768627377988
0.6149191263722728
0.4262465477866674
0.25199568084677
0.18270404202223503
0.3694606180308348
0.462708582453774
0.7416115526880687
0.5177408467175381
0.4714322689089943
0.5540822770985707
0.4200247857203817
0.7732567092249567
0.6160948331479212
0.23034653574849195
0.6390493141456328
0.5257519633477171
0.7808907623109945
0.4482802367404419
0.05917359772662901
0.6742428153307862
0.5046656022601186
0.8699541856009174
0.253554742785983
0.15078955008511666
0.860129567650975
0.7562187420694927
0.4796227803132909
0.3137701309634038
0.4969277409955663
0.0866619288109704
0.09184659675623567
0.1836160756799906
0.43317999216414327
0.01128241097854899
0.22621368494034078
0.8486859384948813
0.5135017165135033
0.737891403214944
0.6477387264035215
0.4041022635156165
0.7336998652508904
0.7186045187044539
0.8534847424062874
0.6782569345644621
0.8860597769230852
0.11445298154608874
0.32991619455870563
0.5422283325080525
0.4884074907568796
0.6253999480649665
0.28890611861138094
0.0020906725022592147
0.7868003334009506
0.6303931771967038
0.6635806016116931
0.4968914318633035
0.4247897216848488
0.8264939775516952
0.8511271131965636
0.7157568198875233
0.3729150684797901
0.825041711300008
0.2839268408344708
0.2087398256231176
0.3084184736674051
0.04801210065642446
0.33139937397016866
0.897121086775553
0.8944429395905874
0.7931419470693145
0.8221445015616676
0.14252397234233122
0.04009261494743578
0.34336022931837634
0.7743649853121267
0.30267698474401294
0.2611940490979317
0.6258215923683575
0.7217805234548776
0.45754638250719765
0.6606234977646129
0.09135178808511786
0.09676550643455976
0.09890540962050935
0.24711418108914726
0.3783358032679275
0.29055947945754784
0.9012523617491645
0.5796665372900226
0.5258437128386163
0.751779537394951
0.8996520612749358
0.6941215365492102
0.2511051696173246
0.511127102462689
0.049704095232185934
0.6962058870992766
0.5669621567459027
0.7293713895406467
0.208254291351114
0.19314242321334896
0.5103656310473811
0.3978535324771357
0.25682052728606336
0.4558200567119682
0.6900091702453831
0.02187065599774781
0.6295778474202222
0.7820256761429302
0.21409470960000085
0.9425729840562888
0.7823562670014766
0.6937594427033843
0.8733385318387674
0.37739749413143797
0.14563779640920455
0.35060362143659946
0.32067057700616386
0.7688533639474011
0.38804700554729094
0.7652794465910966
0.489434622306722
0.06107420351013369
0.6853577111899222
0.1448577329732214
0.5500014253813347
0.736412764222497
0.4115001889141173
0.07594999412814572
0.4973429085269557
0.4916906659564992
0.6681972758444957
0.9076755504609897
0.36874546841078365
0.35827778811605726
0.39512855735082236
0.5082019470356071
0.07196231072771622
0.46181056430356476
0.7297935912882648
0.8911765031564114
0.3330834731260741
0.5793752471485488
0.4835355229907725
0.4892953254822606
0.13381596936198484
0.2215533816995924
0.6603934631281213
0.40855561599145446
0.3090275027112611
0.8813376805701427
0.45176415172062706
0.921787537875159
0.13859202593696474
0.510769223142053
0.14904673673125382
0.5528561843844747
0.2662267466352661
0.41928709782725754
0.507595875127673
0.5440621525920222
0.001979747010017016
0.36559929547488157
0.40346898265190584
0.6693286047234029
0.8932475295185144
0.9157804055447529
0.587891443438817
0.7261622748249219
0.4166382883047317
0.15205995405882655
0.5227730629853153
0.18825015637943635
0.8076684372230288
0.19015145287215157
0.5810797034174641
0.9195242676918913
0.8886856533187796
0.8852097390632511
0.327707462175932
0.893412704918059
0.2682397672278753
0.19180541551708546
0.42581625281876084
0.6804809704772021
0.8602420154816669
0.7229706455315007
0.41109977316243135
0.020817955415425596
0.09724921144338923
0.06157313405337728
0.29162811943143674
0.5000924350631895
0.885074464841635
0.59424898226537
0.25290736571073935
0.22347427021691263
0.590099570415471
0.8724230545175022
0.28253833416043783
0.052950093628376715
0.752569731505181
0.6221177895681025
0.6176323420500064
0.5297482281623874
0.7761396441043406
0.48662684336662876
0.5617929895877771
0.30502067785265896
0.4258152504825567
0.1290158804790912
0.4091391835801825
0.7907906976984289
0.5083897109577085
0.6569668957071626
0.4870962907909048
0.5173928142779274
0.26786406794322737
0.3397922059929206
0.5166857756299478
0.5009657299895012
0.6729802913419028
0.6488786980982629
0.8046090897980543
0.254129092555874
0.698307282350865
0.2687585573667174
0.804830412619946
0.21636040274010304
0.2897159327978868
0.1708442724407274
0.6783477971729777
0.8432984481387811
0.08473756607125943
0.35923187252808525
0.709061221555732
0.434403175152668
0.3889530073016268
0.2226824815060003
0.7000826448453785
0.3680633264732477
0.31604947777082376
0.9030464947022578
0.44256225779005554
0.313319008465768
0.5679815840631329
0.30340393826222123
0.06816775876890088
0.47992277835630326
0.7799679932797389
0.6445237672696605
0.8529298567702479
0.3938221046549237
0.6006372529637969
0.5047680133842207
0.3418633287804484
0.18509395251588837
0.8830088104423846
0.1832910729301204
0.4332828120219115
0.7081627840750551
0.7699858059956401
0.7356665582880474
0.016788932203797534
0.6524743454802675
0.7625757497489907
0.3578671707061424
0.5940601263950012
0.8683257577549448
0.22379309148217325
0.4968153658354219
0.4292527064837256
0.6920663193626115
0.0027648002376349664
0.3883374058449206
0.7248958920235922
0.15725624504591926
0.7212003058415133
0.7669307910698157
0.43355001131769194
0.6095612183890715
0.7789312110232531
0.6189104051262175
0.9037903084231176
0.3359847740764153
0.2745164993183296
0.04446239244050501
0.6224533874082909
0.7528396078543361
0.29859635790415684
0.29349401034909695
0.6015615555144109
0.7651327307643351
0.13685039570065208
0.029603647615909976
0.00849289338055508
0.364118258768959
0.2854763300278535
0.5450304626062455
0.6970420635272947
0.06378664286839372
0.6870397354232343
0.13639037032936693
0.5196384373033512
0.7456431893052341
0.6283800685480718
0.818883780874265
0.6078589961012116
0.8970507491411627
0.05536316699557408
0.1190589180718737
0.828564122594203
0.40098375154551885
0.20825422455693757
0.6895554895932208
0.48446151688519307
0.7829652754425835
0.6761066548997537
0.4011769181060445
0.3300996736163386
0.3976473926170051
0.4988671571264045
0.2544747165815734
0.616553054190133
0.5110281643534414
0.37710957429321623
0.6223935252631912
0.8941682255689394
0.10893137383125795
0.8926010613179074
0.5752605902386494
0.7443781089930903
0.4414897216901638
0.9694070726340281
0.6216072911197122
0.4701570682054891
0.013529628573094305
0.4199454119688677
0.5536648953205959
0.27891104367748476
0.7840319113714889
0.7928922345404931
0.7255535641092465
0.5382715172974716
0.35635903462890134
0.37453066482397207
0.40662090253484345
0.5579351025449585
0.07148138036456643
0.2251312182617935
0.6924584117823007
0.4763777944140294
0.748535809478643
0.6605875198746959
0.5128628625177047
0.9242806567168006
0.2630817330394796
0.6356539804186865
0.8329099987151445
0.23612382612536414
0.8364022572616999
0.5735435543612483
0.8153483811251797
0.756077157010958
0.4015104107788626
0.6086050275043859
0.09911714865833159
0.030302057092104602
0.8623892844895801
0.4694024078206806
0.6247387366554612
0.6328997854829957
0.38825938695436013
0.18360763478114428
0.15997005449118362
0.4940881634078327
0.6620428093968797
0.007508960907023218
0.22619411658705882
0.6322778512890745
0.3361493387026081
0.8308024710506717
0.2721811947456401
0.18755429056200484
0.21826893374943312
0.4873729642026787
0.662333212015281
0.02353991161849743
0.42671615229539317
0.25546202379025573
0.48529146751769386
0.01807941970523736
0.06724580703188875
0.7521313885337843
0.8648271791250439
0.7285693947429709
0.8771150261219743
0.48550079188734635
0.40298262987285627
0.3320005661331355
0.9106073539529761
0.9356432298310757
0.9259725811969008
0.3239934738354312
0.28851074687409234
0.6819943453283118
0.09373504590549354
0.9145393187815587
0.2887666853247714
0.12689788042247357
0.35433425057000734
0.28633604207199786
0.7700282682033189
0.5823952525022467
0.6310462770612997
0.8509505426342426
0.1486532240439759
0.824684460107864
0.526934621156433
0.10859267755796571
0.8361666099243027
0.9429633898860892
0.6615601444719748
0.735729240641798
0.4850132435780453
0.08876494296791337
0.6044793199951045
0.1436263123484296
0.895034848994214
0.14048997941799105
0.327879137750935
0.20439338713989388
0.43321647930394735
0.5015899989594752
0.22090221850473862
0.8380063604828393
0.27763520462216684
0.8671346841935741
0.4448844457860346
0.04628395044931976
0.5475017088070488
0.4265557277454899
0.6201336755412333
0.27870453168534326
0.2907708216441256
0.02317218818399482
0.6028827751695369
0.48629404586849445
0.3359703665451999
0.5261820888767416
0.27957239115832583
0.4285809137215931
0.21577499898804797
0.03181089427591436
0.36286285289718156
0.3339834254388041
0.43642549431483624
0.8540553598658481
0.46451765412274754
0.5828907969820392
0.7029110910634403
0.6532712589268549
0.5790014425728849
0.4111071465487987
0.7306088975849716
0.5757061539011014
0.7153036098064683
0.1652815442175247
0.21342650514317169
0.29769332660552383
0.4295464950631491
0.6426578397998299
0.6181958403107548
0.44375732293263404
0.49462613649442083
0.10836637397522558
0.44291037306196607
0.594207488183346
0.581166658906961
0.1348116598020667
0.18715182592915272
0.8158252827665136
0.2551961054636624
0.46797149824654183
0.9490805280052601
0.23823995832714032
0.3993322221064673
0.6040089140773551
0.5377709268085973
0.5694044007906661
0.22427095861263815
0.5862750696491211
0.34109367828929354
0.7715379744275962
0.05591125970558802
0.723722683834261
0.3629758201878825
0.6982902454350394
0.2811562201039816
0.6528998152602867
0.32597390284258354
0.46513779330467436
0.9048965374002121
0.2921237372824561
0.8401192515040623
0.7127888682364956
0.4656177727028069
0.26290459817429784
0.9194439159571787
0.126396348514346
0.05683469288600364
0.6945995467739878
0.446714328225361
0.4824495578165363
0.5028081346511636
0.3885966801087866
0.8398990138792374
0.5311122249085556
0.22610655456924128
0.4851850890896484
0.2439852932873057
0.3153791785086463
0.3104637647166072
0.6799516999391075
0.12179950405951828
0.9457917406672863
0.047764116865785425
0.32065374732677726
0.4132680232773772
0.49451782316132303
0.4180186024426175
0.0755017992438203
0.6287041063519376
0.5091533016423345
0.9285131318616386
0.07263992213798619
0.27992055821642964
0.602301388339506
0.4098731945225288
0.3960293726535642
0.6689808471195298
0.2994941541558282
0.5598195531425564
0.492771125103083
0.47730652689021436
0.33636599382348226
0.4108664929133443
0.19988823900510244
0.09827356987582053
0.6409498284688139
0.841965365802299
0.8210897825520753
0.1251538336288963
0.6016239488405793
0.4737349609402739
0.6229663889786599
0.670419961866231
0.2157601392050438
0.3064201398703098
0.4361397204829138
0.13303292820952792
0.8753521848212499
0.8240642557934986
0.6156373913935631
0.7231067563474065
0.60580720621348
0.3319233571867022
0.35933783050320117
0.8819252744777831
0.36808388377755374
0.22195263838894214
0.7527552146068036
0.4335888966747464
0.14296652093861076
0.6110507907472668
0.33997336219310803
0.37556367287684
0.37732487511839796
0.7377085880421443
0.7531222055673096
0.7300520031756603
0.8145115777095708
0.7106079696606342
0.6747402884184441
0.871097692245029
0.32770268818116066
0.6084174376352741
0.6156127394347853
0.45402929190320357
0.6310609387665791
0.5900967328302412
0.8220940765412795
0.3216529212013806
0.6232006220413633
0.8247440425218323
0.40727156297637485
0.016749179453948305
0.15584575754377472
0.4337622301231833
0.6102582685299476
0.5630941262164837
0.5267914179572548
0.46918366551464447
0.6576319063660986
0.7129511427807337
0.22293891647134895
0.1300898175547143
0.5580245225377466
0.5424405283350521
0.5011072294580117
0.4346264987122533
0.13294698287128212
0.8491455216761564
0.7678960740591041
0.8036319538573536
0.035781668413599914
0.27944216862084015
0.3113257872057668
