0.5201112515147208
0.5357421441877771
0.5046066937118985
0.14048319402524675
0.317492283746476
0.8780790858753573
0.5094541289601275
0.39143120647933793
0.44694266164058205
0.6962572198240073
0.882033579380333
0.49549905836054453
0.41585829829757914
0.28341068636553896
0.1390771897893563
0.2986514033353418
0.24248741212459846
0.8303553236596299
0.08754896972066675
0.027944090243982443
0.4498973310867431
0.6704524229028971
0.2894805019499942
0.20689669236906913
0.3719018048922158
0.9060255779753582
0.20572777105328688
0.44447541207667096
0.5674945498610559
0.6406564277822526
0.3164664450886451
0.867349129464536
0.44629790867779157
0.20877754932363468
0.8578808864919423
0.5956311771149608
0.07972845301194714
0.8704004197615879
0.15896725996193328
0.23869601859923967
0.9092552551572605
0.19238237092066532
0.5569143332960553
0.5930083385674995
0.8134499343987824
0.7877116919407287
0.37898994409251185
0.8904117850521843
0.8996786903401554
0.17921024008024752
0.15577585247575734
0.5115043527054711
0.9370202075018108
0.7146301200376192
0.8763042731601702
0.17555912185791012
0.30808686149780223
0.7144021930411326
0.6873866484687325
0.4553271862594627
0.15678524109819217
0.4239092559669256
0.887209709149235
0.7385941477958377
0.7321933732698118
0.23628210962013071
0.3944347504343568
0.815609522123369
0.4179685254791575
0.23467909945343796
0.30232915599697796
0.5516508653534417
0.03462364659041197
0.49042521380562926
0.9066728668942982
0.5700551284150648
0.4600034196552047
0.9358946824178789
0.8024964444369279
0.48643469982631293
0.9146435397486472
0.552472775045827
0.6971842967729331
0.48374226800313425
0.2362666142200886
0.7255248818217058
0.08895611196203759
0.21366970257806597
0.4242166869436416
0.7104506312680722
0.07287027680365839
0.4886279224961125
0.48060883108304553
0.4278470880428102
0.77998504584267
0.9159325610706455
0.32710903695876165
0.25150585858278046
0.4033039856935698
0.30442290974485425
0.012126540332714939
0.06620861713932054
0.03466246881904434
0.5511450065791492
0.06665347864353936
0.7650853043651373
0.3102839768805725
0.4940166397612924
0.4712544233464277
0.8736917475180015
0.7518491284967341
0.6888490468591691
0.5679068102470908
0.33545960546984815
0.32916731089680645
0.33741533993536094
0.45625782139019916
0.0760698998975349
0.7323325344828853
0.04110964593362205
0.41688596189931354
0.38702686364895744
0.8939477998421496
0.5650824027975753
0.3493651279146507
0.4710400106072136
0.2492748353781994
0.6145310900766341
0.09364929927115563
0.7782145916959023
0.3551235278168962
0.4935207245553011
0.5375519873499642
0.6756086770532636
0.1039566017287139
0.8668878300672496
0.36396786286091254
0.14554119728984097
0.7111255471150352
0.31429792004303286
0.6580786709256078
0.7298770761949016
0.8874424868307624
0.44293512172777316
0.30911402405990185
0.868373099948964
0.6271638125941136
0.38054868260213703
0.15553282939293314
0.6209201163089191
0.7740081429499767
0.27195798675269545
0.3833999553776145
0.8568684673575324
0.2755832905472706
0.42689832582027465
0.22741085140129688
0.5116267934534698
0.31092432989646573
0.22124856726858702
0.41672899715741474
0.18358612625441958
0.27058839253615796
0.77808471569721
0.35164887863506705
0.42257014841644064
0.5100131282135076
0.6147733789798515
0.039731417001675665
0.5978749861860702
0.5022675329165703
0.5765826474888501
0.6191282419037577
0.39550957075380994
0.8179430125650542
0.47875089307532875
0.6070713150481755
0.33447579866502336
0.6970847510076207
0.9258191484498521
0.23425924406851723
0.3935480430304745
0.4333448737725076
0.6965833581642974
0.38158126587108177
0.7855344733000268
0.41731160428999453
0.7454365100492872
0.9017050675218018
0.2972424593229483
0.5035937606692154
0.14087022940781188
0.0869850021412798
0.1196155793432219
0.5367984229544177
0.6241374246301895
0.16820625461640412
0.15801154280235308
0.41817118525084584
0.5321614872181292
0.24319194362915017
0.6252257740197742
0.9122408989802746
0.44238353214707343
0.6392197919794751
0.7871845355491799
0.22287809170510706
0.3781213385820905
0.2550358757481911
0.3406691080458435
0.289912433384242
0.830307639497525
0.7085114988495774
0.3055495742224679
0.920965900622135
0.4733871992950923
0.3067326264742206
0.1502347137794078
0.3533537714805807
0.8179558864913394
0.8658749269279815
0.6040836540811505
0.2968974284334086
0.47912780921602555
0.5937449518266363
0.6019135853815318
0.23508721462859897
0.43540209881518005
0.14447461509608456
0.9155443616477335
0.7086290228144863
0.7316963567933417
0.8221053194230682
0.5388358996308068
0.8273191942457374
0.43154114936583404
0.6967468651374092
0.010840242545934855
0.16244931693990952
0.31668222130912643
0.678495843789649
0.491816186521989
0.6634929582677219
0.14952534050872512
0.005527089178011949
0.8732891168140917
0.6231868829165101
0.11162197698218496
0.5417899548419943
0.6281341255819395
0.46102177235778136
0.8264827639692875
0.09610291728419182
0.5317905938512141
0.16564153870014392
0.7217910843489322
0.3151961780143518
0.08709404534315907
0.6589458282723415
0.8493969015287697
0.32703862578980153
0.308111895857516
0.2683326824904443
0.8528696819513744
0.7516680223825795
0.5974165577235739
0.8389176540348678
0.05844948463184682
0.15614208910618044
0.17922081969265244
0.3481610525921257
0.7949722375737904
0.42484218541859947
0.46380415161113353
0.09986289065556474
0.884110382749253
0.2311877803976698
0.44404050678229834
0.32672764700849893
0.570606641925684
0.3242861894814982
0.6530250261615349
0.6232626082441316
0.31896303815112675
0.8537730284953884
0.5066837573070478
0.497359257416328
0.5095892337329
0.33190504312231583
0.7804255542989552
0.7850791852525317
0.7296356978769839
0.5479929647592038
0.7911207950507018
0.6551009068578997
0.334714754745901
0.15978647830138848
0.21833093029622547
0.519436963204334
0.8991800589427015
0.8989011842595177
0.617407337813015
0.7371624582337769
0.5121028157928932
0.8670605611276774
0.17156574803803926
0.3986769166242256
0.2507742839748335
0.7776311554822694
0.06417586612295
0.07696057104388708
0.4336684834562963
0.20790921222223294
0.28167765036532305
0.4051816890992016
0.36514253139214714
0.5692243164508376
0.2356824278036258
0.6101782035240556
0.7015679781065958
0.22428821150918743
0.5111890967806466
0.34675444789247756
0.6754079795753718
0.1708208922085712
0.9161542000222472
0.13796012758158827
0.20588193853133538
0.46965548192862483
0.2467422758906236
0.1118317047802885
0.6348226963672576
0.8503405607308592
0.4819297278825693
0.36292057110814546
0.564425344798564
0.471994499071796
0.6226006084535778
0.7360621047219901
0.22643822312657752
0.5422293432661595
0.7532382187189512
0.6052471205058712
0.2641832493881386
0.40656608231665986
0.31011316948275647
0.6215013304957446
0.9107785349738698
0.39900817669443617
0.4119589837770655
0.8368107287701883
0.6402680910297428
0.24463471208685217
0.451689539759855
0.5225079583894355
0.363835283270269
0.5112932245293121
0.5334634198047976
0.5876986475507727
0.7596385802012497
0.8289804212942404
0.595463893389453
0.3659535725894049
0.470659771451743
0.7189697961266155
0.880155840257099
0.4159040559986491
0.3566675234191062
0.7195267914736578
0.6531776294168449
0.5735889865057315
0.6286582120620715
0.3368368363671622
0.573181997705792
0.016395318585017478
0.3032003422793029
0.05183715284861085
0.7852268448811404
0.5461604293509861
0.19096940446433147
0.7734509812201413
0.474547453503987
0.7223331504769416
0.9155115392900253
0.1372138294355014
0.0829615063393399
0.5646958098095627
0.4723483315486616
0.307861906684905
0.6002305542921614
0.6697788569403804
0.08882529616205967
0.40641612033171826
0.9470201645128673
0.2247304762956821
0.7417249153049865
0.6925752095589676
0.8928967500624314
0.19634155537663525
0.4391994864260007
0.41326020247055556
0.3663621093285498
0.7396242900704404
0.6330818647533585
0.06529458017224019
0.6125107247203294
0.4657414653877444
0.070929358062999
0.4584767571852843
0.4125641143834719
0.4775714541556006
0.45002273635887513
0.05733295530259276
0.29329737921243526
0.872350106371244
0.8819861509221649
0.8037627012484703
0.005952941759396028
0.6438092544499996
0.0485501889875579
0.5603192816072169
0.8405457968409005
0.8614339579918602
0.7320110541341023
0.34156455225390225
0.0962437038876816
0.859341517682052
0.6993003643902398
0.49684047124075675
0.3801536571440797
0.19777642093751924
0.6411193107219463
0.49145007913957256
0.7098763727921884
0.15978063837798312
0.3010024099724004
0.23555082527431417
0.862364690617713
0.34732602065920637
0.38098482846169646
0.5534965414916359
0.20265184407518286
0.3581240285724293
0.3142098611290224
0.13202789748873786
0.8977182276869822
0.14744178220807905
0.23737695170584172
0.7976876459427825
0.6502904221408505
0.9102979757603904
0.753702431873017
0.5127440061864301
0.6312041651683986
0.8929803801783927
0.04396931878831464
0.5196377963613944
0.3501011691768611
0.789491095780497
0.42213575044066964
0.03394294530122053
0.38956613469663987
0.7033655223992299
0.2656325323326594
0.9110708063150917
0.5129895836293427
0.3551845778968255
0.10968315212850158
0.4131957317601634
0.696993744411151
0.7327139211771907
0.4562325498715065
0.7803261056251248
0.64469955947147
0.7874368605252341
0.5384277464003989
0.8287651166731146
0.297429905628876
0.6945012256569821
0.7127347175879368
0.7325822303036884
0.7668516427470334
0.6342037307840361
0.5060120302238882
0.37579497228254766
0.7504130903007075
0.576968691618065
0.7881522988357134
0.4282673557815354
0.3608178826754208
0.4683555983864022
0.5972059192019464
0.4728272974828181
0.7358317646983985
0.327037334082242
0.33477609738073427
0.06583972275304509
0.23274092454231077
0.7075278793883216
0.7895244448437448
0.2543424990414959
0.7718202044533103
0.2112083043503135
0.24371944164126014
0.6388868406011542
0.7306041303418864
0.6176937198521555
0.1394865068142026
0.4630600754495958
0.050744274505250854
0.24189098275106927
0.8198937520230745
0.5619865848878596
0.8889912576529103
0.7538737073572812
0.44311983443117847
0.27280740153640054
0.876642545484163
0.4189534861450424
0.8661487350790329
0.540341943305674
0.7161970976759656
0.239480837905452
0.5652463287121187
0.7081418620278069
0.6051020432181097
0.349311963050359
0.24546988891637575
0.8592273725454457
0.6466459648145895
0.8874898325945028
0.23086967777004813
0.5250468559304493
0.2747146347975157
0.7828653220684705
0.21366970257806597
0.6637943188254423
0.42027996473925266
0.361770878781085
0.17032868504466936
0.5351652898762371
0.8689795473360366
0.22191605000502215
0.6446583864954398
0.22843952152663835
0.005452815427672454
0.5000516932670019
0.14559944504750014
0.4204270951323812
0.7169965792819923
0.03491550031779007
0.48578629340918517
0.6547542011588221
0.526717663068904
0.5712747792699653
0.2281457305770069
0.22751614904018996
0.198806367916552
0.4072424365907536
0.6723556914537697
0.10051664480842262
0.540499683024385
0.6453384850624785
0.44011519419719985
0.2360566116257403
0.7347424355041784
0.4598183719871087
0.43454764346925784
0.6374850315733909
0.6227066902019897
0.8916578093411802
0.519887040910327
0.7840860015707236
0.5271483856425608
0.3763162237010097
0.430012104514311
0.4681310735173435
0.6116691185176232
0.8789813720670122
0.7349420550867846
0.6475609094870588
0.4213726001527032
0.5532408345696418
0.2760710732000031
0.3565962750996343
0.8427125446652335
0.05311216750578679
0.4565596933751391
0.555511374982596
0.6073025021215769
0.8937851753841792
0.7763040760824721
0.44153216776073423
0.49907127259430756
0.5529825855190749
0.5993379570507378
0.6483706807259719
0.3158910592725642
0.6735715340070488
0.1635085053926342
0.13069137569856884
0.9135151801982826
0.4971785430852356
0.8581090382284216
0.8819961246134917
0.24800672389759681
0.3532586172123865
0.4954552603687832
0.1357763650472672
0.6694521466287272
0.6043525427182891
0.8993768052646525
0.8629735412475567
0.934363715901486
0.8751981567459192
0.3433042268691272
0.3990076414251586
0.5467538087718476
0.5711421143765314
0.32313697477295267
0.7184819231010413
0.7127533825554747
0.7385659550488234
0.8976001500476105
0.917185689520484
0.6415455167940022
0.6701656438941009
0.6020656095364424
0.3195578920029955
0.15992994205424835
0.7385332560137483
0.876339316966277
0.745110257188483
0.5791113388816225
0.36108008652548695
0.3909086372289594
0.3135262321459712
0.3415833168962818
0.7305937753956203
0.8703113275046468
0.7885690693779503
0.33502476468694264
0.5398795429104379
0.07609611787268115
0.7962477073818869
0.21412484554884698
0.09556845921552155
0.24258520079753162
0.2562181930102411
0.5931366882802696
0.02486690172722893
0.828374624286543
0.6137737243076715
0.024603047211943993
0.726209069261574
0.7868746585798426
0.39794306593224477
0.7186769514645236
0.6979407911749225
0.36769797205325055
0.7628208463988526
0.4516227010348993
0.4926658599377548
0.6872340875593904
0.6354556647494828
0.09150718733325663
0.19151254476798654
0.28260087399221206
0.5224815741119622
0.508858159624121
0.6484183081981038
0.5473322191890134
0.16011503619005862
0.11151733546206202
0.7722553993102712
0.2163186512289099
0.9116049690783086
0.6660412611480562
0.7234511995471395
0.09449527458031912
0.6120340634614593
0.1922340462532875
0.26967374098825414
0.5753693268734218
0.6674969675974968
0.5632533752708915
0.17171499898627035
0.3987546508560441
0.6676818144266056
0.5250513846438349
0.5849489211886195
0.3263089476916743
0.16247485647438326
0.6003320107608073
0.5237431633781654
0.85100061201152
0.051197099950590214
0.7088663458703055
0.5541748497181277
0.5740080372414459
0.49445716835344955
0.7784337590035073
0.3520508253429602
0.4929003603487652
0.3384006623285644
0.5737615393163462
0.49914493374187896
0.9427560688800951
0.7322047462251299
0.8625241969051888
0.7463362285764881
0.7782956796715409
0.5112742581556982
0.23758478551068446
0.1403735413027074
0.7434498527387811
0.3188513686898872
0.2507113922389639
0.48507153541105835
0.3313217155990722
0.7132284471550865
0.42573812627386287
0.365055499047348
0.5123463189932479
0.8259770056340269
0.8358908477296819
0.5239802666297116
0.796144887045579
0.2153943666522902
0.4593961448804023
0.5574848113033924
0.8123058736538227
0.6993504725845751
0.6831119180678078
0.12218074360852112
0.10484406217927579
0.42422702794916683
0.7043172825121891
0.40601851480521167
0.08695174170905051
0.5816563643201763
0.8455665985809927
0.657103290480894
0.5187244310835976
0.7617362763023966
0.6843594388075921
0.17023098891140326
0.0826457783527841
0.2054545594646882
0.15090222778373877
0.5030181440315008
0.542811384023161
0.8377937670990616
0.8598750109974042
0.01950232739140265
0.7677688578074616
0.38356595804449256
0.36838008230300506
0.65933320713103
0.5724527541743468
0.4521199225802867
0.6507270107948714
0.6335779365241078
0.016708118817350587
0.2878014802627495
0.21806865988158042
0.9057752991744078
0.5623817940452482
0.1784938254588413
0.430321226759299
0.602304557785737
0.6903400783672279
0.5140099204612957
0.3879362180757227
0.28811066115404027
0.23464313173997428
0.40154848682244226
0.4870021030201081
0.2235319907868375
0.8095872966206302
0.18959240846058262
0.7978868529582482
0.8755743074939621
0.6298655461332786
0.7726297458447773
0.7565522465305321
0.7376526154592026
0.8542240660863633
0.6160786619703263
0.9293830420595394
0.4168340567503816
0.6815707380631943
0.705814008021289
0.059753760599893874
0.6231836995557367
0.6407391438218295
0.13732311019293195
0.15078620472245632
0.09676879433268011
0.3881933681696871
0.7471591395396975
0.4618053085074279
0.8358615649425915
0.9703350398401168
0.1983488671120252
0.5748845198664666
0.5282957212776164
0.907143794683461
0.7800859930414762
0.253205964495479
0.6035515798341313
0.17770460112400505
0.4336553085599347
0.5599280724134424
0.8151939454968289
0.13399670163495284
0.6114746702233148
0.7766430013297975
0.6571109093713733
0.38593983186190617
0.3132672726633881
0.8908455299275594
0.31111538466036676
0.20118641653372735
0.46105833132634577
0.018389688884909567
0.4098403833111334
0.4592955985944933
0.5866382707591
0.6050167933139736
0.878837693240476
0.6352243542109206
0.3515965319729158
0.6045504997169137
0.7891837820174572
0.6627300098166827
0.2842617665121653
0.7961944094633084
0.18277328280306496
0.7174114088006093
0.6724407776382115
0.04644026847122391
0.1551600248399638
0.5520285420710122
0.4767463687835981
0.7209545723028578
0.5755031657789597
0.25175935794397036
0.3328650541236666
0.16288920530563541
0.0671975023305007
0.4936530912404789
0.9634435587285979
0.9360991313287582
0.3020886139987389
0.3741957359281506
0.7578692539429278
0.7439370334774877
0.4168542232664662
0.872102570101495
0.13232707158299387
0.5827413908754044
0.8700873316408649
0.8192258814089812
0.38178722165498086
0.5225251199316161
0.6722659697258904
0.9299070817948383
0.41001801610769056
0.05571636682341859
0.2996237449932126
0.597591805037034
0.19094685997347347
0.9100075718668783
0.3377135886132
0.19534772835905734
0.11423998674101396
0.4519572507949142
0.11839839915139341
0.7178924428751068
0.6967093200716913
0.7435213316011557
0.026242998192469134
0.41655456742415464
0.6826974547900271
0.6691164301915657
0.32788960132068085
0.6411086146943022
0.7906808171769751
0.13736149220995372
0.2767368297818107
0.603041089581245
0.2157137664801582
0.27377788751127213
0.4812961852222422
0.6035644132651026
0.7748969016466469
0.3035329604660067
0.7137665223419112
0.519936035784449
0.5424990113178112
0.6614257121974728
0.20884741761460088
0.004225904095480291
0.7626978809884272
0.43089030543927787
0.5500081783077045
0.8107175356573129
0.7775004815515971
0.8272788453617795
0.7123632505947539
0.6368004544689886
0.9373500540242294
0.4304840706409892
0.5478481346690289
0.7910982068763547
0.4881557679989118
0.6599749438985091
0.384248242922791
0.4618999897770499
0.6434781113968284
0.6420483552677027
0.3810530015347979
0.5432666937806634
0.664773535812643
0.4342575920188182
0.8262409738375859
0.3832809636979411
0.5196084821150226
0.2568542842869205
0.07432062625481278
0.13148247445672673
0.1270789083215222
0.18940692299860734
0.28110602263642576
0.8123465855382691
0.3245882560733758
0.3721218284007675
0.6157207824170622
0.3319634387656422
0.6767559638787709
0.6475694803554782
0.37152428836338336
0.47033119333644974
0.6518810272374748
0.910602921984226
0.4804462098615569
0.43325422313526984
0.7601835231686879
0.8328180207836066
0.5417960017414134
0.6411724571942502
0.3558276517289222
0.7972806763603301
0.6696819790542525
0.09529638800749965
0.14786268746092088
0.21158980054075072
0.8827102622427371
0.7641229094501792
0.7315321459573741
0.49321255952859816
0.15927617026420537
0.6959567619047475
0.39527377683330295
0.5615636631984506
0.08113413614594392
0.8539589859599633
0.5038644825756686
0.7383845555294362
0.7354550532079046
0.2152499086884676
0.46599998727704345
0.6908873397594488
0.28872887697119487
0.7517196156066047
0.734668984422501
0.16682920792145567
0.3171509381349289
0.4865325343510782
0.8929443527741265
0.22794630213578396
0.3228675120790042
0.06904057401066767
0.3411764255545741
0.5875107263867532
0.03525469410683891
0.49203995666667005
0.5272599611900533
0.8067698185520193
0.3419670432941857
0.4689574785062669
0.7321670891155332
0.9092340992413978
0.7167270724232113
0.6274241427010011
0.2392320086562623
0.6072909704792404
0.8112034238229021
0.7195298286654697
0.3658188873422075
0.5740034569869382
0.441685566538885
0.3604764876312497
0.6397539165926092
0.6852544066721695
0.2489436423441726
0.14924010529167883
0.7878577881693708
0.34335256134991166
0.508130875840188
0.7611880164405155
0.43403155371284213
0.4431669404093977
0.6721166360023002
0.8081880373143219
0.6264838329265249
0.7700214456867577
0.8105771695420144
0.34653880578799096
0.8816819625830196
0.08704543827346717
0.38507610528517094
0.7255894706518938
0.3399480159451721
0.7348703233467931
0.08159213456274805
0.5087430987484736
0.4017407316967625
0.3111667773618519
0.7810181240745596
0.655847612520301
0.5808546417599757
0.15217326668382591
0.4476060364966653
0.8325744825530174
0.1642007003739879
0.42269229416894627
0.44917213099283115
0.34128749898163296
0.5145201141004616
0.3681327651532452
0.5908067193212415
0.7938644833041568
0.4684848230442289
0.2542449275620727
0.4814806950672786
0.2231976498126101
0.10353353723492516
0.5335939989482089
0.5439207430719106
0.16023734755636634
0.10849553428343346
0.3331444423146683
0.7339863178972417
0.8581572648311312
0.8224874527901093
0.3781720880075753
0.10412813972772483
0.7226102762233185
0.40382029355031174
0.8663223127546656
0.09958941013257729
0.4475056920666235
0.5068517240336581
0.702854128100095
0.8383450767437894
0.6769423115344411
0.1770261594510229
0.03405699046428818
0.7796296993234273
0.3416115512482134
0.8135241968503355
0.13802396514715137
0.5013246190885651
0.48303168865125934
0.5266848428798953
0.4575014046566941
0.5456578519387006
0.8278605828680304
0.5298183909776052
0.5604779045720687
0.15132335557201332
0.4431488011272969
0.7017807945899912
0.9050553897162988
0.26672020574482574
0.519603625579755
0.7322565090673129
0.40929886259534365
0.4551431986190375
0.6492436561899382
0.9348823614805661
0.557319478009387
0.6432079585362166
0.028656476730807588
0.802737854708252
0.9208213388384889
0.5286037141205266
0.7348355347242878
0.37153747052863734
0.38254045390173863
0.38174565824445916
0.013845675624725242
0.5446335801152239
0.4900668994704443
0.7645032536136792
0.39020650402620927
0.7348489288004244
0.5263164972933437
0.2735664984433514
0.7705072755800304
0.3536446612349332
0.65547473149961
0.48174976399823216
0.45878302612234756
0.6079053140706763
0.23692494455289062
0.08016465545759058
0.5169450285038286
0.3042232849283696
0.5248965250149997
0.7467423919341251
0.7391740029753816
0.628177478242578
0.9135946174506948
0.0966124728851715
0.15798041962382073
0.8475182964974302
0.39826953244915364
0.4904151136513743
0.35535749403222705
0.05919715966874407
0.4544057260321525
0.06317171930788591
0.2572747738713511
0.2675573878853988
0.6032705722316714
0.15406615963445103
0.7489694499956404
0.49439616116324253
0.6904166394610742
0.6055082425952583
0.4665809617686388
0.6769474411064532
0.8481325424065926
0.8291909875584537
0.24929989384095674
0.5530488507884618
0.05365641332715622
0.2281244738705198
0.42552192770878416
0.21715989335591954
0.8389878914716165
0.3216128737920625
0.6125241814016874
0.35093084049013124
0.8920141199973705
0.42784767427708675
0.5559429477907056
0.7763869134261259
0.06371318199571897
0.15012501199610848
0.5045695284521101
0.8711151880416486
0.5922792055162268
0.3080388915316777
0.4922799321359991
0.1248483862090091
0.19922920660120086
0.7534438602699994
0.3769545322266033
0.5300667049581709
0.4227709976462961
0.16393817923111956
0.4381719638468694
0.7212312292420285
0.3908815825957196
0.557161663124156
0.5686828468678097
0.3334774387409742
0.8715154036005308
0.47814865700617665
0.7295920480147993
0.1765119640177611
0.16813651318229492
0.3378436602652208
0.20482938096061704
0.881649231057875
0.3985921537590358
0.6099477002556274
0.5016134279380416
0.06590632308801013
0.5160627844751463
0.07563635155216242
0.6178570668615937
0.488736085727808
0.9025615810536435
0.7147497117436031
0.9450221389264836
0.9282734286994394
0.5991673196932455
0.8579466550089891
0.5952109167650608
0.7093511719675781
0.7088911280431431
0.7181461868586902
0.4189974774910592
0.5705489801185754
0.6087929444577939
0.05464595201775462
0.30498331053111394
0.39001437388371907
0.27388033493800623
0.6455615835666341
0.9345128701366942
0.32632600049273036
0.9104112213852367
0.27223506819295307
0.30966579141963374
0.3413774650764266
0.6420326677523022
0.7375262388424983
0.6943087278214705
0.8402045905693397
0.9250568708902887
0.22776715615812002
0.21388643927637493
0.5194880698291475
0.6081077083664058
0.4792362037671593
0.08739612137758714
0.17482959206915516
0.7313154590346418
0.709499635370463
0.6210772904507277
0.6859711386579425
0.47549142887961726
0.24975900330386622
0.70427217812921
0.8202551281644828
0.5809520271685152
0.5754116899827647
0.6225176863827875
0.06401297798078825
0.16621469152720028
0.6114106694385144
0.5375849430722884
0.8278613395868004
0.7912951330809486
0.5381468647614819
0.33485826376339717
0.6890401274854289
0.7114523940105097
0.47931875279791586
0.5721025817958084
0.34162541860722406
0.7420103653861112
0.385602544476139
0.6615527913194801
0.6208514016721624
0.3162482359428723
0.0020262830961461633
0.01881606660414062
0.5591498663793605
0.017203909327050553
0.7809241301218515
0.6743686237830073
0.8093279875077302
0.17251633651906617
0.5874532830522058
0.8121828430062832
0.09742901809714859
0.3471228678021552
0.272483528630658
0.33780635115872093
0.39930345155223435
0.7482138900036066
0.46456442604883985
0.8346285391756214
0.4653594396060394
0.367649344970256
0.17290275412081849
0.5117130764153486
0.4735833451764496
0.1802138837025859
0.5123833628108957
0.7441405589560283
0.021199796465008577
0.603241175988535
0.5498997936962214
0.42937264700843575
0.42480423497760134
0.421238652069972
0.4628055197465901
0.43062914073191905
0.23007061089664468
0.4106407056014224
0.2888645174789546
0.15961756434323954
0.33802516383054293
0.4751503794361491
0.8088220760400103
0.578734867566541
0.7614713828468027
0.1008805032523988
0.5517302915790424
0.5674743848226731
0.8750238946559522
0.8116180923861338
0.3093660300991494
0.2545210315380819
0.15052329267709122
0.3066930920364254
0.3010102069425672
0.08215053406197881
0.31915679746953035
0.5478238361499329
0.5003240406973242
0.6262542480680595
0.4404701086794832
0.6299856527081957
0.8083365558664848
0.381208286230538
0.791194114952811
0.5084719455835889
0.05329416821081359
0.40556756674964906
0.11111366543586791
0.39713173104173016
0.5382034303660884
0.7685282739765932
0.5362647916440679
0.5865647918915803
0.2665453234814368
0.20475210127324853
0.6764063178906797
0.8214984461858621
0.5189037254945297
0.8211606458248081
0.9406360752737388
0.05777004135754884
0.06462830719934343
0.31411078142411797
0.632116621372531
0.24667645572518276
0.429933326642635
0.608100681791789
0.5731963304231841
0.08336126346550779
0.6461317083149968
0.6546183962340801
0.5512089620111689
0.14577031543014826
0.12695392994828894
0.7956803611050931
0.20345890259033766
0.34445775003483037
0.1055386428346632
0.17086374570817314
0.5390505714110794
0.6885393623759938
0.7262160528229772
0.9336757800038715
0.562415107789825
0.6708863439521854
0.516391989607524
0.5800019139487428
0.7776274983214674
0.4544222603985312
0.5010326710819009
0.9033240035058296
0.7881071009854388
0.3066204576976394
0.71319569028126
0.6525782010919502
0.524967484560004
0.8075762042496352
0.2813296235048954
0.5429282371282043
0.7353574166688491
0.26075265926402313
0.885706132961471
0.7717528202504749
0.623986070244972
0.8130304901981252
0.7052842413514161
0.7953491712727523
0.10746009352201343
0.3435694405047991
0.7880560394341737
0.36067074937992577
0.1157171370180217
0.32087900315949086
0.06846821118412609
0.03792478088240624
0.5133805780477799
0.2813012951892705
0.4404078194614932
0.8927217023145526
0.5336531627836736
0.9040694550338015
0.4853562243343327
0.30888721330450364
0.3159413044768022
0.43087034795564716
0.07909683527023868
0.1831710677560529
0.15101290032157508
0.3195122445333378
0.23800158603894325
0.06132310498834873
0.2397414647208075
0.17302190709608048
0.8061637646691934
0.3101180164654403
0.12212382264094673
0.277402225400293
0.6910980678101505
0.6493922509171156
0.7918690307228666
0.29313456444648023
0.8461563913188097
0.021691604544093756
0.3963999512370558
0.5975259015699702
0.43026867465930774
0.036168168909365195
0.04300926102925652
0.2363954924608964
0.4384845710279459
0.11723744106332434
0.385151085700357
0.7765108726506702
0.6801411198504966
0.300038154154695
0.8851697708838248
0.7356459518380539
0.34755785098132774
0.7627527575745747
0.5763243773864206
0.7467030014670687
0.2242513187870604
0.5909807697848573
0.7615721753922858
0.5804564829090062
0.8313535492086257
0.8088717422952786
0.2036453625510159
0.8018252357287241
0.5136542822396364
0.3010366153839597
0.13925482888863666
0.8719575345704352
0.4929003603487652
0.4945322783883667
0.6001975897594334
0.33710796157198614
0.2710293763541413
0.9098113549478367
0.21731083354699013
0.6288253466508398
0.31842720884030057
0.6449692551675364
0.7405498636842215
0.8463062698545901
0.03103634407416063
0.07930073509085714
0.2347750337600513
0.19930410486833128
0.48749787789925875
0.2996464517290858
0.4496300544397464
0.5756850214215676
0.11449454127389459
0.6015628277883422
0.769036308524022
0.5072704511728637
0.4835686435876486
0.003008767399499069
0.5175681420753436
0.8327386665320301
0.563189458134309
0.4362799269331942
0.7047034344648783
0.832806797484058
0.11723164188558775
0.7041716371147217
0.33555678684979795
0.5994827721817739
0.8065620889400927
0.699439693634645
0.0722833228302996
0.06801476883672576
0.4985023817478601
0.6778399229570774
0.7523019833200526
0.3317997702181389
0.6831249143632024
0.38394176179938905
0.7757860126068771
0.24331838972704198
0.5664090601275122
0.12758598064462237
0.32454022516553477
0.5464254222374986
0.499583526363481
0.12762337870768473
0.7485803973644886
0.7063242201084526
0.06743497511602133
0.723964943538217
0.7179968757319369
0.2816682027584791
0.48125697191990063
0.2763062077424376
0.7789789862141119
0.5839496658712781
0.10669816761571106
0.1837525372428765
0.5853014221053686
0.6390609418225013
0.8148084919421571
0.39819690547063685
0.45785742933245577
0.24378575032888802
0.2211448078411817
0.7551967165037025
0.49154351360078447
0.6932957863094745
0.17231385342161198
0.33028591102306554
0.7944765459562639
0.6596274819378548
0.5079632460210882
0.48504739031378735
0.7336320330285735
0.8003186955691038
0.5205707939860403
0.7918390747592831
0.6670971496632259
0.24858307020371734
0.06999328090818213
0.476026977787449
0.031078992269891734
0.5534636799721617
0.5158339529983978
0.2851052911664793
0.4661040051075609
0.4032008942299166
0.8447450690852623
0.8017884462166214
0.3080825622496306
0.6339824082710861
0.7611836392745145
0.11597453693086565
0.7043426412702666
0.6110514151781918
0.05561767183431074
0.42191147553039154
0.3495301641323732
0.47391773941566007
0.5507554487813274
0.6305049585652146
0.5621864302000992
0.5279422919385146
0.49158762120856414
0.5439189475326522
0.47211410034232637
0.3792343156334202
0.6750461329356628
0.7909408258903614
0.09435911588832474
0.35155187887691347
0.6123036368583477
0.2689059777324106
0.8972179046208664
0.4611582465377194
0.665006148304488
0.5633982629328246
0.03623216595273461
0.5433494599167557
0.44611972704326774
0.6052862461910131
0.03930846442246051
0.5830175812425588
0.16854750516860073
0.6194975904366999
0.3219994358424594
0.2977210718638095
0.4618453320700038
0.3668952915345162
0.09091162259572104
0.08142485662643686
0.4437632920282026
0.08932333499906672
0.19219472269003665
0.3323035455370874
0.5834118482873482
0.8471439384374585
0.6946967064793095
0.027134101078456666
0.30508255252453365
0.7397654497634853
0.5014238534230402
0.6571183227951073
0.7614942327508643
0.7572232481953107
0.7205777068028865
0.5283603600093891
0.17614841040840187
0.24556886195770616
0.19790292432641376
0.5396837885318843
0.45075101296098463
0.40980324736645024
0.5002337599425292
0.7567543955181221
0.4107114913397204
0.4430134270482972
0.26279467268054624
0.7762849601612185
0.6236167241824272
0.4810055057216383
0.3287326784435252
0.0332960289681084
0.38253447734432267
0.36507541596761667
0.33310266355945317
0.2994873370581236
0.7520244808245149
0.30355186438942194
0.5017163089216294
0.9155048345561665
0.4248530537996057
0.7458346182236426
0.793263675983355
0.34199871031148865
0.30073257021193706
0.6116776561162648
0.0537485538190104
0.4409585421708389
0.14984340584502254
0.38158731388643286
0.9116165261635529
0.5174178274227775
0.6419755045097231
0.7756983357382621
0.5102563216888163
0.5620837331149172
0.8174340635839877
0.5365135461026683
0.453863970708422
0.9555073627564198
0.4086524007409149
0.7329758725907985
0.5454085689529156
0.9183359810746587
0.1685400686950091
0.44900566992277213
0.5186819343293064
0.7261880924353347
0.4076069526126053
0.6502904221408505
0.22905047938410802
0.9507141090350211
0.6242387332087838
0.5759172239088662
0.8026468241024264
0.47354521222731705
0.8522352775289055
0.13633350229358657
0.5507578577831342
0.0741145975876994
0.04993621019868535
0.8308717351346391
0.5547971827392111
0.5910416284769451
0.5077475405270433
0.596017886225298
0.36021077556385506
0.8831638740304928
0.5093618110906113
0.46368260877715733
0.5077345434996222
0.38593983186190617
0.5150744170570081
0.6485491478690733
0.18978286581033965
0.260565338829659
0.7580844427481801
0.8636720437318374
0.16215049189319178
0.5728659610209523
0.42861554568818067
0.5926788614533364
0.1585897190902989
0.6823760756305466
0.4771145733620752
0.06037414007648691
0.4341992514303767
0.8107129769806533
0.6612786373516542
0.3261926985231464
0.5492793332273164
0.8594924257699356
0.209420218597632
0.7245630187142403
0.25459391841520246
0.6766935410571769
0.5420898319736941
0.22620234244156084
0.26415069422134113
0.6088220876125717
0.293743549796775
0.6417922202536315
0.15311499715554008
0.3679191228718621
0.6042461636624225
0.839179602785282
0.832718617951767
0.40267864781790946
0.5477478996405301
0.18564865854888998
0.9089386059224478
0.8155625067436548
0.718853002544265
0.5526080515393096
0.4266659010212206
0.869885236428501
0.8498480909127434
0.6066386330250919
0.6330555446642049
0.31842098122718415
0.45574213928150226
0.41728052577501695
0.26563385767574954
0.41586621845992827
0.8596020528363255
0.8005768810828164
0.932889798956196
0.15788097679116184
0.6434923347270437
0.7203896445098973
0.6547905513407686
0.3978354816197946
0.5502213049419635
0.9250402506632507
0.31832852522101324
0.11596135614377995
0.20898076004680904
0.2531067766295542
0.752463582558129
0.7747377379869954
0.47193163523615583
0.3341528905544433
0.3518927214696659
0.5856062680250718
0.08044055166688163
0.8615982363561472
0.8847115146178192
0.13256310207916608
0.7455584902803652
0.5799798917591582
0.08740294113884689
0.43710183680821024
0.8841011941929646
0.8756945189839657
0.3256712951917531
0.46111452783804385
0.447435757179299
0.42391599794668205
0.38906395871381144
0.28744895642886104
0.7377809309849908
0.42123030605748907
0.6795549361973404
0.272483528630658
0.4571554959026838
0.3072224462232421
0.590476982034269
0.6661552048706622
0.27712644912860757
0.09011932036271096
0.5355188488073384
0.4202097188352316
0.8213584925781234
0.8186818181888131
0.48802197847503825
0.6533510412722557
0.38801861898811135
0.728003430657443
0.4291816811022737
0.25032613081153954
0.8765791752139874
0.6075910047792996
0.8792163324282014
0.5084986118716537
0.8633528764582596
0.37922504560094594
0.5269582818222346
0.801339442645657
0.28924864903908326
0.7784012777315557
0.6723271880894156
0.8553140286801455
0.3059524723059349
0.6128434040024139
0.9207282417769682
0.407028102218835
0.5508108740839961
0.4374362362355804
0.03858581470934742
0.2855939474695642
0.7463036426068882
0.5638585024486193
0.37561019509265436
0.4048066401080047
0.18134208656384385
0.23626846783979719
0.7994310475308577
0.7756427471733701
0.0992837052039835
0.4799796392283391
0.7969526706420769
0.11522897892355023
0.5060747711700094
0.5572400503346212
0.8389142971041997
0.8342234874730395
0.5455937915653292
0.7151890266443666
0.44404539897007145
0.711892135741551
0.6957911396644073
0.6570123114938461
0.041344887389067254
0.6644836778881815
0.2380889686053006
0.8459135906133003
0.5935763858045353
0.2782817637329645
0.3466112620597018
0.6503308791099757
0.6240642068456941
0.5335024746087206
0.27252757335240896
0.12334357296410788
0.6452158716927888
0.6076149240181978
0.6382627502276259
0.2817260736116343
0.40937018248874035
0.18976520717158132
0.44787560702149126
0.7008374970087186
0.841350661344279
0.5679921039834869
0.9141556234707248
0.012403132796210133
0.2718546822096695
0.7335934893547131
0.3464748000332137
0.6802729217690158
0.7171722775046246
0.960562826922572
0.5042458565669281
0.26007689792870714
0.7464860506985757
0.33302398906998626
0.7739131801142098
0.5353172295777723
0.09891941328004611
0.2893858476870847
0.4205244181573582
0.7319174975962534
0.3839966091915825
0.46688671557776573
0.341894270552439
0.4545423098351202
0.2045446473117362
0.4194202218272258
0.6114912753872039
0.4314842301148812
0.2381507490688238
0.18714224538843005
0.3651490907488432
0.4724915982661426
0.7618738259152606
0.5254265033906746
0.46720412330285116
0.5513039701502118
0.4323628510592015
0.7567816940860037
0.611833702202854
0.2343521011827944
0.648600746068366
0.5218670812726015
0.7776385056296534
0.4551339478367096
0.05958634002054619
0.6874537985625655
0.5152284443008441
0.8720829608010833
0.2515363392729394
0.14727046660332355
0.8609171105736286
0.7734729745416427
0.47985903529865986
0.2904274329690339
0.5012323470370611
0.08652496906457417
0.08916790319563889
0.191513631139482
0.42592773155468583
0.01049832055566547
0.22908310464807108
0.8766973148252842
0.5081313012314592
0.7516176640966815
0.6461343715122762
0.40367445638072985
0.7331261163194086
0.7354192200412363
0.8584317609505262
0.6796342733328523
0.8869307323516226
0.11161730354988247
0.3355929743987784
0.5533999218463894
0.4897095904837583
0.623914831650868
0.28361756648210285
0.002488500720149074
0.7925842168648257
0.6410870632867558
0.6678201093711897
0.4881260548754938
0.4269177299821215
0.8338542708918457
0.8404190585342075
0.7069098884566187
0.38271930764211737
0.8064973918337698
0.28594167338227594
0.20577254627766187
0.2847991964890031
0.05024734030721557
0.3338670785621195
0.9006548252091878
0.8981140350709447
0.7901774455587544
0.8219612837908854
0.1379253799338512
0.038534164983940036
0.3468247315137157
0.7981821961450157
0.304380218451644
0.25975430398166643
0.6305834528994158
0.7183660732589959
0.4545739588486267
0.6694462158883191
0.08775535161982842
0.08099956534736753
0.08939626597948705
0.24545389222270295
0.373951953384259
0.2752538056336701
0.9019646114296188
0.5929478690293563
0.5308639531180095
0.7263225552261308
0.8973578290230841
0.7222282400855574
0.26025202325560487
0.5548291486628479
0.046309521761707564
0.6881680143454425
0.5598787469616197
0.7165869773065145
0.21202175431538742
0.18572812879028985
0.5199051151794266
0.4024550312274543
0.2533683798955675
0.4445216284178439
0.7006405672317219
0.020979181981615132
0.6375199108571266
0.7949733807826683
0.21874336198359315
0.9423746685369089
0.7675760543038609
0.6948644137297917
0.8675388453833945
0.38083472424057063
0.14461011235816437
0.3546576902354688
0.33345340538855806
0.752171244982511
0.3841228200043726
0.7535874237878908
0.4807424998057574
0.06192479818220779
0.6823760756305466
0.13740536638371317
0.5444952787440072
0.7379710680131001
0.42750694125960487
0.07426091660231324
0.5100178115385104
0.47672407373933035
0.6618349741690168
0.9055514153384581
0.36615201211275167
0.3491848911887403
0.368848501177321
0.5086643835829658
0.07148289984350209
0.4601379139653546
0.7285744021923874
0.9009818504318597
0.3205252542987806
0.5901489311223876
0.4765826743347454
0.4766425460714583
0.13173727145703662
0.22197988244007955
0.6414896776872272
0.4213282393548571
0.2991038074268669
0.880687497678701
0.4470525984426956
0.9120998662994025
0.1403729815369872
0.49943655273338894
0.14668314647025674
0.5497500117470656
0.262462946058227
0.39488687534835604
0.5240769502316052
0.5663385980573318
0.0020945405452379175
0.37156553566587214
0.41706835727855235
0.6940450225176157
0.8927949660191571
0.9116154886373128
0.5789796885553694
0.7354329602365407
0.40085767610970024
0.14892022823068174
0.5281589586243619
0.19009968685940595
0.7884475004661978
0.18431939427115518
0.5529570454852779
0.918095395966814
0.8796531360899724
0.9013029055633841
0.32342684550305234
0.9012094645140124
0.27087930833685253
0.18941088053516697
0.42880058876255195
0.6959713163272367
0.86143481010493
0.7258730423914006
0.4095258665749548
0.021790717193879507
0.09815069088047475
0.06147447790370216
0.30256948632373204
0.5032401662889917
0.8795184825377264
0.601001875287268
0.24475957035130008
0.22519120492427808
0.5936914012465532
0.8767519741339753
0.2832248194141436
0.06034989305100421
0.7597040601387121
0.6029821337179133
0.6124988701589916
0.5346123306620956
0.780515641164665
0.4985020754709702
0.5608890466447588
0.3128510844891767
0.4221280168092373
0.12107254948199907
0.40356678081043706
0.7908833073523992
0.5196523037707871
0.6651545980779255
0.4877407820764722
0.4996522375403574
0.27252757335240896
0.3432894683649201
0.5253769668520111
0.5194458444240181
0.6548675656466735
0.6097237184179031
0.7975249372495857
0.24927316948899125
0.6976542029694204
0.2600824852719321
0.8045154020101045
0.21038976538281487
0.29627046827919296
0.17064342725095819
0.6813195764711498
0.8422838761760113
0.08544013854501104
0.35391284751336777
0.7099034856644477
0.43883226794175645
0.38151687176808613
0.23501659911801726
0.6996714806722799
0.3684467186132295
0.2835454045816845
0.9031115472306351
0.4481122003047318
0.3181058948475787
0.5746177794542193
0.32124008691636236
0.06047026452710837
0.47513620658474914
0.7805757914029791
0.629137744538654
0.8526464276590578
0.394838398456272
0.5950828016784429
0.4982283775795605
0.34230439756911707
0.15977692833369217
0.8868142141569848
0.17933196393269868
0.41658355687347576
0.692707463494946
0.781178089294044
0.7352942970810477
0.016805334960181353
0.6539128362794115
0.7598361253150918
0.3565758515411157
0.5853631995179684
0.8642203173149915
0.23099668281267163
0.5161797463974773
0.4303638313186954
0.687772604267613
0.00350967685304321
0.3729483841694726
0.7271225964568427
0.1535160505180205
0.7296505488142853
0.7524433474722324
0.42838399464336335
0.6198662484169485
0.7833608030440286
0.6260022778563649
0.9085919575424416
0.34048785531383235
0.26731901602282243
0.04340745210829365
0.6286080361417477
0.7625022376876336
0.2921553161409166
0.29366484633720735
0.6042520031582825
0.7772666830505623
0.13658814470392497
0.03362790040871688
0.008098646867854482
0.3554213098749178
0.2751349592966726
0.52134301402773
0.6969874700960393
0.06502791496248132
0.6656350633637359
0.13401358423735502
0.5290152239209328
0.745267939177155
0.6300897663386434
0.8106203061629722
0.613719883797793
0.8954161636384558
0.05311216750578679
0.12344037444360838
0.8264804333727024
0.4026123481284114
0.2195726614354426
0.6894498752832259
0.46491822094625024
0.7719494087378542
0.6758204771984838
0.4122323555124007
0.3412613202406739
0.40615474879360397
0.5003687072279541
0.25414268387230404
0.6412844614466794
0.5223613344156676
0.3748332353480827
0.6349629481770894
0.893930543000127
0.10747011680745547
0.8900875173837807
0.5681410296334437
0.7513024667389343
0.44208404370892723
0.9701066976810732
0.6370899430540432
0.46931622369984854
0.014270039186004642
0.42270033281540753
0.5613213125286568
0.2887409020452859
0.7877976822546697
0.8012464626545476
0.7329220114517854
0.5408204506911485
0.3482880233019191
0.397652772369773
0.4098764897561894
0.5634669846335227
0.0722833228302996
0.22016474834151864
0.6960601868139836
0.4657393392771882
0.7191598025666573
0.6578680708313356
0.5176768639517875
0.9230078552205139
0.25308575214419005
0.6323193893120548
0.8181359780687486
0.2321512485067318
0.8415190836705633
0.5661308438117041
0.8088562603990459
0.7540989337559884
0.3939040074317713
0.6076456043222299
0.10208061532860895
0.02634332954085011
0.8617529411047492
0.47356332266856643
0.6253272403728589
0.628185394314594
0.37794597272765296
0.1879472940690164
0.15421564931645707
0.5089255095064259
0.6689955398339227
0.007857627699907919
0.235256326506262
0.6332282748642524
0.3251615070510066
0.816359496118839
0.2738116986991827
0.19071272406875392
0.2155672883274104
0.46619205845200046
0.6565606885287663
0.024859223018346057
0.41619869391871905
0.23098056604310452
0.49367963068099574
0.019953115428863695
0.06699342581153163
0.7644610834107111
0.8542731690704403
0.7331698575093133
0.8873259149680818
0.47943291350008743
0.39957813337440895
0.3305250693630189
0.9207701588978986
0.9399905762013908
0.9215201558463693
0.3272290405814629
0.290019592677994
0.6790978493221788
0.09456570146645855
0.9135592981352997
0.280926915807205
0.13112252441856553
0.35607247368963146
0.2866267546733815
0.7800312891934484
0.5732332109478815
0.6288231754007186
0.8536360707467262
0.14545658597119873
0.8285321789298825
0.5408477390796432
0.11331457503997507
0.8361687408766482
0.9413524911999315
0.6771624556801505
0.732323497042373
0.4801502327719504
0.09178449091437775
0.6090231048036658
0.15276562905774932
0.8990000085171698
0.13604587272701255
0.3400230750560062
0.1980043927982016
0.4319398694710415
0.4953630703860559
0.22018953106257727
0.8469882522547123
0.2824708426884048
0.8513177224823744
0.4438718826522561
0.04919654624402833
0.5346161031322422
0.42321010138336257
0.6193119846314072
0.2915266607591905
0.30668312958814287
0.024131144724223872
0.5906653029932516
0.47338785180031917
0.343085893499513
0.4981299216490031
0.2753050870748398
0.4532933252855876
0.2142961733761068
0.026087186007212597
0.3744517834617115
0.316456997944989
0.43454666360277594
0.8511848010073593
0.4600268884282096
0.612209620480883
0.7170338873893105
0.6447282038712389
0.590372755860187
0.3950596258640781
0.7057540117994733
0.5543081624778899
0.6959962321319848
0.16410674900220246
0.21719022085085674
0.29632161402799173
0.4295013326661417
0.6442110305927436
0.6118053871523585
0.45227022896764896
0.49496732147569655
0.10973591711068122
0.4489945038704706
0.5750397032519694
0.5639533571571627
0.14840928776593484
0.18902618079420155
0.8118752936211003
0.2508529742409202
0.47282499122740784
0.9519644263339688
0.2613435718387892
0.41366422628407823
0.6041898363658222
0.5482606747414438
0.5731686421251239
0.22365441553569504
0.5682695488456531
0.34277360138456203
0.7726538897770345
0.05652461551761486
0.7332796388830144
0.36298816781046744
0.6903901410914415
0.2740033184650482
0.6387388232401265
0.3334406971091377
0.4425107907786893
0.9012377162627165
0.2879449193102692
0.8344824504150758
0.735327262131784
0.46166307252650685
0.27390659968458225
0.9211958120929232
0.12637103470663905
0.058507548994760135
0.7073237767696989
0.44357239291021366
0.49228485473805833
0.49961812548962853
0.37336261027338696
0.8424082483183711
0.5114847127749903
0.21866366598913362
0.5094197246895875
0.23508122120023114
0.318969415825625
0.3122094529287741
0.6918083925361587
0.10991347090507544
0.9485601690331705
0.04868433291901284
0.32332203201660026
0.3889587063535852
0.5205626882003846
0.4282791919911632
0.07435172976795024
0.6377414283897666
0.5109066111332237
0.9306379820350634
0.07222549189284794
0.29053299737868005
0.5835243422423094
0.41428115806142984
0.3852745762018012
0.6718154191048138
0.2991034166785807
0.555746362615888
0.5024818154831632
0.46128557135793347
0.33437909473993743
0.40135379920580616
0.19406457138064634
0.09922331880380583
0.632800198303251
0.8462805847683911
0.8318144627966008
0.12679320192503574
0.5961617700507555
0.4771784840702829
0.6122267547150474
0.6742048018661574
0.23846702200310754
0.3081301476438072
0.4322010370646943
0.13261213048276294
0.8718450737319322
0.8289857806081524
0.6095658426869378
0.7388590190211385
0.5935018972820856
0.3165568830725579
0.3518837722138058
0.8762226999870667
0.36495632823988305
0.22417171900593957
0.7490058540024143
0.44028391032912934
0.1386364506912634
0.5987491062765243
0.3488083942723699
0.37477776285363756
0.35928573191803315
0.7356381937798226
0.744186262221393
0.7352212420122072
0.8259113164081784
0.7245676651502928
0.674674838199173
0.8781849180421433
0.3334690088827147
0.6204155263360536
0.6377949269895024
0.46246169175293617
0.6553791542447516
0.595735442979993
0.826815210636287
0.3249124747952513
0.6121126203557866
0.8161136197556326
0.403047936368937
0.015438593689771126
0.15676502341902124
0.440100521041882
0.6067749685216808
0.5635895840027025
0.528497339674695
0.4519031088686779
0.6421813300638144
0.7075278793883216
0.22413330749150231
0.12949183277792992
0.535294641730782
0.5482699878041428
0.49846845591611577
0.43466035167235845
0.13359848305642213
0.8406382849216144
0.7731563692768202
0.8015279698194816
0.034322690705112444
0.2695028682947691
0.2860200822893764
