0.5267500921607785
0.5403172490754504
0.49575707689770854
0.13125680190420147
0.3312385774813265
0.8838817601918885
0.4862379946319965
0.38251288555082735
0.44435881795610244
0.6910105783154412
0.8849776226566464
0.4829351140894274
0.3966493222954703
0.25190353810458505
0.1414975234674008
0.2981447672848367
0.23108628883912094
0.8240365465052962
0.08514505261888736
0.027848083878957094
0.4474937955866824
0.6708655603537371
0.3074387735455712
0.2237612521862976
0.36950088435248185
0.8920274828028264
0.20205286676116874
0.44307883404463666
0.5746239301822753
0.6119769284640674
0.3007731001900355
0.8640570738810549
0.4452042662133777
0.22419393641846078
0.8503185011860951
0.6029997205759129
0.07750919196414925
0.8654611922743704
0.16901971375120958
0.24373795478222066
0.9151990496221648
0.2086309925068786
0.563196088165368
0.590205095908608
0.816413415063255
0.80159751636508
0.36672881081882985
0.8943675144066721
0.9030900891092221
0.17142176181610774
0.15801454989965993
0.5309220345032899
0.9398825349497203
0.7173023498750695
0.8641606529637299
0.18865125077098885
0.3004101350536318
0.7055337528780334
0.6943908908133611
0.44802133044634046
0.15946294914523912
0.41429441853908455
0.890576324665115
0.7372703099913843
0.732479092096779
0.23294222034687773
0.3669857609118576
0.818161707806838
0.4362175586792549
0.22405926562065742
0.30937744412448615
0.5584354567382468
0.03281057807436858
0.49613937035551436
0.9080434061275946
0.5622523899403382
0.45316832066228696
0.9340990199849734
0.8002058031256382
0.4900774015694657
0.9129924910559976
0.5619925080688691
0.709635661807187
0.4951667389301432
0.2333343190810275
0.737745975761438
0.09065224654771314
0.215059720035983
0.4160759356088777
0.6975289390831875
0.07755275419492913
0.4899921829545936
0.48184275436592755
0.40728648156876124
0.7869475367091274
0.9011072003478487
0.33797202355893935
0.2693466852214182
0.4016880260996855
0.32315120304785705
0.012230244620645054
0.06897374249162788
0.0364761960573352
0.5621649973268378
0.06474125321322927
0.757186953831435
0.3250422543889998
0.5054066719808191
0.4622574383598989
0.8648483249674541
0.7432855634349061
0.7021475384544734
0.5664006041613538
0.33426060147671016
0.32128205557228123
0.33669576158318165
0.4727470811678317
0.07556447761788554
0.718837194403339
0.043026783972906844
0.4059777716493468
0.38233797262058233
0.8895193071461244
0.569697933807002
0.3550600862575106
0.4612155070677056
0.25415379220506584
0.6133868499722365
0.1012130307543762
0.7632138863152328
0.36632484033501084
0.47450120608760565
0.52492137233306
0.688327660986522
0.10675117818605105
0.8701036342644632
0.3617270861363526
0.15483180294741805
0.7101663360737654
0.31047234215681024
0.6569142243255643
0.7342899089128022
0.8813844721679593
0.4429189825437056
0.31129290219110295
0.8617225413097761
0.6382395475949177
0.3720923500063973
0.15514491142256767
0.6294161317415445
0.7795421600830424
0.26796148457795926
0.3953659827909286
0.871424047979116
0.286564489368148
0.42792608623296463
0.22795973100625502
0.5079026635519532
0.3064716547852933
0.21868393988806978
0.4146695542785945
0.17110192308596722
0.2804791487222292
0.7791361869474873
0.34706359553363136
0.45728159738036894
0.5073313652661081
0.6157998390123613
0.03886225672652513
0.604982375275091
0.4983155424352465
0.5866520483905681
0.6120502937258995
0.4012319106369886
0.8128301761536819
0.4855049456946909
0.6159888924731612
0.3295856275951356
0.6715057203967914
0.9198427658031547
0.23026700056066968
0.42074646504669316
0.43882896819212525
0.7057935143153705
0.3831793201546002
0.7879723734882941
0.4079620902194547
0.7562605666346316
0.894549655290206
0.295714954838942
0.52663988316995
0.15296054281296947
0.08760084140298857
0.10859185903041452
0.5351579675546693
0.6336289418662864
0.16961876988307628
0.14495551478635643
0.4224061767634925
0.5173727505973065
0.23709683210444624
0.6304440995026386
0.9015822743570316
0.43031206754039797
0.638718755647023
0.774547683522983
0.21401735188230206
0.3634439734821251
0.25018422671259777
0.3410075139304597
0.2994143938311902
0.8274031565968551
0.7063109070121288
0.3027579191335922
0.923818933074819
0.46897732341443554
0.3036351230847913
0.14753363763137364
0.36026837713202514
0.8211767402267653
0.8593600222850044
0.611779800002425
0.2981522206279864
0.4840900883240463
0.5788986381329687
0.6003075132173087
0.23652846518724957
0.43430732843856223
0.14680853104836478
0.9085817289615893
0.7032013545771959
0.7201235548721108
0.8227832118693442
0.5391482801448374
0.8448770871575951
0.43285185779966484
0.6921018485783698
0.010406203483443193
0.16739264393372844
0.31844043722025306
0.6795544252538954
0.5162070426648631
0.6673912216072838
0.14904207607164016
0.006128570259754678
0.8748860068055934
0.6243028860749884
0.10264166064897211
0.5301174483440833
0.6380148442986607
0.45638956527924895
0.8400916522683769
0.09656274229090064
0.5499027187344793
0.16531977830563957
0.7166929898898192
0.31117712926573765
0.08879833447449266
0.6402038700733285
0.8458577978245563
0.32395026189216103
0.29350178911008995
0.2688317376669973
0.8663690795434702
0.75270689350077
0.5878445317156976
0.8377004737048886
0.058283880269696324
0.14553233922808723
0.18190138582851417
0.35458255439371145
0.7899645031031213
0.4144501157034142
0.46225134727233497
0.09419736157395221
0.8942781411418111
0.23799930063929362
0.430041121319901
0.3334408594047575
0.5744555072730619
0.3560958271357027
0.6525478953169398
0.6184069971593988
0.3200077516429338
0.8489877281631804
0.5045950874631261
0.4866638579640214
0.4989732059139052
0.3214194825676268
0.7789039876583291
0.790070024995238
0.7247653980527147
0.5248544805113151
0.8050438632768561
0.6557128914086574
0.35422571995237984
0.15212418457806126
0.223225336567125
0.5150092779844079
0.8812323251977032
0.8985857592562716
0.6036504941741373
0.7194770881010246
0.520064748332302
0.8683450491005001
0.180086394616816
0.38702565280921686
0.23786176318859353
0.7734163262677896
0.06413517835875901
0.07426964421196171
0.4147372996708098
0.20807397137244427
0.2860110911691851
0.4157376547736514
0.38788684083859354
0.5521923578872134
0.2342120576527291
0.6049817338028926
0.6988991166636566
0.219482573774543
0.5130839253408468
0.33851350060853735
0.6721134673261707
0.17225774578365163
0.9176346948188105
0.1441194982300822
0.20805150255521118
0.49335591705329834
0.2696009977128641
0.11511108788376959
0.654768266388271
0.849802390213695
0.4690912521866199
0.3723235096004789
0.5730561155973402
0.46915090576410307
0.633477927315901
0.7466957320963641
0.23064146116746967
0.5588651350649568
0.7623592207345002
0.6033322561829694
0.2786447438054264
0.4014511706330043
0.31015558881695976
0.6129341837667257
0.9134913885587204
0.40368681494334635
0.3996352075112962
0.8453782768840887
0.6466569028104909
0.22954648553701698
0.4755721794155155
0.5191726824873374
0.3776411997326218
0.5115593171429857
0.5237632792669522
0.5772182656581524
0.7604209972917451
0.8245403087453514
0.5867105664589772
0.3754384872639538
0.476174769855853
0.7276292976903946
0.8774345267457824
0.41427353446394194
0.3508392149702864
0.7226362039483466
0.6675490029030823
0.5786872325791498
0.6192241628747189
0.34679258680207403
0.5717916316190069
0.018209020532659506
0.3024963247629798
0.053391290446661896
0.7814736879037495
0.5419520056898122
0.19150001426882862
0.7795633348223086
0.4975463152730213
0.7372627594790515
0.9159506417170197
0.14212805603963496
0.0844655811374509
0.5878890037994029
0.4996781877660577
0.32829363284575147
0.5627218256955624
0.6855417374062045
0.08056061359636947
0.3943629816408697
0.9496395490576598
0.25378500148206146
0.736422511693787
0.7086689501745628
0.905469114192648
0.1980800202646272
0.44246245623111163
0.4056515203752018
0.37690734110499485
0.7349952592458747
0.634934374890649
0.069275262898102
0.6109665184013078
0.4727161767156271
0.07173977917911109
0.4490867610575865
0.4300122225781046
0.4756996044846797
0.4660683076335749
0.05782327484959151
0.2915754011601968
0.8713618624680941
0.8807498001257449
0.810871879399189
0.0023096281655038235
0.6401254761027699
0.04973897912960532
0.5400566805729867
0.8284843885501213
0.8497720366234728
0.7422511165720668
0.3259872179210268
0.10073217355926048
0.8643255689536001
0.6948640356904114
0.4986870789189029
0.38781190044232344
0.1913294747185076
0.6443301338725166
0.5003285589234913
0.7141081844212551
0.1580499042476283
0.29902970947878976
0.24840480208330007
0.8590473557223031
0.36271748745680765
0.3758237994435609
0.5546680112284811
0.20381493428133896
0.3555020263597153
0.3059115121148903
0.14068636586068306
0.8918207752824012
0.14967868998205477
0.23240402568602678
0.7837828185094755
0.6532676815289797
0.9079241170348178
0.7456242353009476
0.5227641969963975
0.6125130088014964
0.8843149330121891
0.04328554484355457
0.49506270601314945
0.33886499178851054
0.7844005726767872
0.42646703748121156
0.03733535519901371
0.3749452084430749
0.7088817738836756
0.2700050669215118
0.8943384638176112
0.5157834551582009
0.3564497445224983
0.10104187369268562
0.4175620985320734
0.6753419181760079
0.7280782285064371
0.4526584902005437
0.7837423745887306
0.641855492579251
0.7699324066878688
0.5411504977273988
0.8296418231006087
0.30065940442584804
0.7029590087846177
0.7182455332419042
0.7219836144380766
0.770931130022809
0.6216548117135029
0.5217698533549321
0.38343029642093135
0.7575388288484081
0.570922854737335
0.7654232608272067
0.41635458426962524
0.3563299887147844
0.4661823472093751
0.6046141100054194
0.4834122722654907
0.743285824510155
0.3306451149119541
0.3653260201055276
0.06797451998687767
0.23057839052984314
0.7081241481330013
0.790819848870484
0.26095058990399106
0.7739379218416812
0.211839438301617
0.2377009328505796
0.6506986463454884
0.7250565086014088
0.6387202539451472
0.13960450095649066
0.4656623989382277
0.0510406204646669
0.24148281061946633
0.81904672212134
0.5569885659415975
0.8993599465359862
0.7372180486449509
0.4476283624267653
0.27004572180416114
0.8734930610015147
0.4179678504263735
0.8635427757832591
0.5445168134135102
0.7001948860673287
0.23390249231183452
0.5641759085303593
0.7122282084043706
0.6168954880860712
0.35763177044023287
0.2463835091327094
0.8657131038231587
0.6305781043588892
0.8766142841675084
0.22678509575487232
0.5380675782219978
0.2730842680322145
0.7841773125881873
0.215059720035983
0.6733806453804853
0.4294107758717279
0.3593373193459757
0.1653178259106465
0.5388670021757725
0.875644264441556
0.2097191503880791
0.6513736752222279
0.22424381083040004
0.0016147594813954312
0.4953064012500009
0.13942996855474737
0.4128727099105949
0.7142954706266977
0.03485822361705299
0.4776447962936853
0.6661472957228983
0.5433537443281631
0.5699885612917499
0.21879477232605707
0.2033368979070395
0.2106266054979008
0.42125908664390893
0.6822240473323968
0.10117059934251733
0.546173964498577
0.6504878447501083
0.43878819457788065
0.23429311842710493
0.7254917692537719
0.46526956526945484
0.4332446233505217
0.6227677772928432
0.6397817995189474
0.8857767773728569
0.514466604044686
0.7821359491748863
0.5234198033678018
0.37335636968488317
0.43580116037689137
0.4852167651982639
0.6158244043177242
0.8727343212002445
0.7222289167581644
0.6427275029779094
0.4174356904464579
0.5526153241540005
0.2583054003760711
0.3757185891905174
0.8309121390835063
0.051682920027239475
0.446987221610133
0.5483439840703878
0.609624606150468
0.8971083469378288
0.7684905209043615
0.4508948304475699
0.49743701042221616
0.5383374094010801
0.5789113166511484
0.6412586518799785
0.32321146170100007
0.6777995665106277
0.16984971590702666
0.12366824794494893
0.8973110373137545
0.49000408905294884
0.8605704871449152
0.8887022084256478
0.23744209257177407
0.378728340310544
0.4874288119964961
0.15396477572770756
0.655409864137246
0.5999349399004187
0.8966715042181748
0.8687469742052559
0.9321918176920653
0.8680911597440639
0.33810490141239974
0.3893409624426315
0.5315065060957468
0.5834031540515158
0.31918034584125565
0.7214930329182765
0.6883400416914656
0.7370433243024063
0.8972493884606155
0.9208129856042543
0.6379853241311906
0.6377211729675697
0.5965126680437615
0.32130597538418754
0.16003713030513772
0.7546223475992252
0.8901771799032467
0.7504718638507533
0.5552548471800915
0.3600022740435984
0.39777789530271984
0.3172807739199228
0.3524633621189815
0.7331758342489884
0.8720284619979102
0.7916146133594612
0.3452054640133827
0.5529336899979649
0.07937788484999987
0.7967737764228878
0.20298932331034705
0.09378218024531955
0.25535895370851464
0.2542058810513698
0.5977642583596421
0.02383840604278348
0.8380150162578248
0.6194059572279154
0.026309987084179885
0.7128454125715709
0.7843155311072414
0.39882791135478063
0.7149513445538104
0.6884060800825764
0.34625314829704135
0.7656811044080563
0.4494000161084954
0.49344314663914685
0.6903331288169494
0.6359282727672958
0.08746881047288112
0.19057689694537422
0.28706311851969907
0.5162404668973616
0.5138686696326378
0.6573054029766259
0.5743234701781489
0.16395136436554245
0.11962338804387815
0.7692105565547506
0.21260761559131328
0.9145613002683121
0.6628285532278158
0.7284555968544416
0.09755723601223312
0.5967727293499896
0.18798327215894864
0.2645947325330453
0.5831219483703899
0.6630457030749843
0.5635337978017085
0.17861288522807206
0.41035708232205487
0.6626276750897675
0.5392518821282425
0.5881632923467758
0.32515749658744486
0.16288132768714203
0.598486056475871
0.5140250650805364
0.8448250011051972
0.05063184286273844
0.7130208004781148
0.5526051886075758
0.5823495377764999
0.491470004443415
0.7869830780130748
0.34463427983073114
0.49884640396483526
0.3387075612880719
0.569909462799022
0.47965059871597043
0.9472073346319673
0.738061205773787
0.8695894717010985
0.754017328650727
0.7636004762768211
0.5027404958189096
0.2324563331761799
0.13426938562187574
0.7427143169262799
0.31756684237161015
0.25897604743963304
0.49610071552069024
0.3286052414541477
0.7135193074989925
0.43183004288218774
0.37013921790673976
0.5158824190282058
0.8198230679126642
0.8439019210249771
0.5183961491631844
0.7959492244677896
0.21504042886517855
0.4463334237902906
0.5737053957977558
0.8071569531800827
0.7051715163249657
0.6802343612879518
0.12279456649267985
0.10871008657727933
0.41534599724740684
0.7177929775703917
0.40233402526533424
0.08939080441192897
0.6072622468673192
0.8474472273790548
0.6563394437654044
0.5285502699241543
0.7568234539955072
0.685417767797176
0.1658503214526696
0.07838501914224973
0.21454092252272655
0.15026933331289696
0.5215484842784772
0.5530108263712518
0.8435238271172343
0.8600210778210043
0.022220484012076134
0.77787913486609
0.3857865143071431
0.3625182169963464
0.6576840231910588
0.5804656794997308
0.4524858351660339
0.6488378513662132
0.6153187561573423
0.016146343855343512
0.2882072982238785
0.2379570089933615
0.9071244572523949
0.5623561674674472
0.18200003100211404
0.4441387285466841
0.5850520747988432
0.6752003158605853
0.5089733746531011
0.40018227154688923
0.2977676098896208
0.24419084509354538
0.4165881534740678
0.48001639211632635
0.2208624800762578
0.8149701994690424
0.19923215171871683
0.7927176334747751
0.8651964953042929
0.6281782464069708
0.7859659396502179
0.7491937004997357
0.7454634011306603
0.8661913381058837
0.615806163934031
0.9216227632765446
0.4020238186019353
0.6724438364549307
0.7193446450435818
0.059562170995859524
0.6022512487606941
0.6559011119579448
0.14113021622253163
0.15614384039665516
0.08448946075068876
0.400872375021407
0.7506339128436887
0.45466973106082953
0.8422838078428745
0.9693456431122194
0.20527292292018912
0.5741158013908023
0.5410828856893596
0.8984924287472974
0.7796163119099115
0.2540721624044104
0.6036552856221926
0.17198842166908615
0.42877263734774074
0.5375959269333639
0.8048420054799995
0.13200273847369717
0.5893426922372974
0.806046865438207
0.664914336344
0.37383720649227886
0.3082254221796134
0.8933286762975994
0.3066930645006208
0.20325843912990663
0.47929448922934464
0.018969487178109798
0.4018075079673394
0.45933043194651607
0.6110663904006389
0.6009396139069625
0.8781624849899274
0.646122329527394
0.3484263160351669
0.6135115850494024
0.7733099062338172
0.6593363453300922
0.288429631667763
0.7918598188196241
0.18429216514642713
0.7319769988135553
0.6748262357537066
0.04831959418576673
0.15510152994618787
0.5553355283838509
0.47235065968179557
0.7230228699561051
0.5502153659319275
0.2567441860406709
0.33900997341550065
0.1786311415266882
0.06745191202276787
0.48434701609095365
0.9655312323065431
0.9377237210819082
0.31596698356555036
0.3934052548243209
0.766311926008361
0.7556485104026542
0.41858358283029423
0.8819604198004207
0.12706314569889296
0.5921783477850054
0.8671959930992877
0.8326029596353044
0.37536018405509036
0.514663951380166
0.6725448435930538
0.9247312868627708
0.4016268845733279
0.05125099439445607
0.3037044165830906
0.5988652490388557
0.19567212986281418
0.9132783507784269
0.35374082402685214
0.18228747758225416
0.1162162820338413
0.4613052680446549
0.12421563278700475
0.7211709024248214
0.6965320825572783
0.7421206223134307
0.024257654443379205
0.40260496455788525
0.6541642824647766
0.6730553920621691
0.32324251449341906
0.6391787336655179
0.7892498302416844
0.13637008832886316
0.2716213489084349
0.6013717923774283
0.23816369423066835
0.2787887655115131
0.46242452473528717
0.6065684665851907
0.7718368374755894
0.30611824521349923
0.7174220123649062
0.5224843778492921
0.5397097999722181
0.6511328883553149
0.20365486686320428
0.004015722558850293
0.7601539896548114
0.44406289112136493
0.5414670313232967
0.7951017071998393
0.7731066675343391
0.8292091403976205
0.7162761830221925
0.6599971984878419
0.9356320108670467
0.4519604008724459
0.5629022800862712
0.7881439300149173
0.4839802027953387
0.6413902655840631
0.38547944022033304
0.4569422493040767
0.6306733495133404
0.6626496905080265
0.38444592305457925
0.5606416715871252
0.6652880421547629
0.42815095641134393
0.8351243575927726
0.3746155711403051
0.5104450852880842
0.2601404931837536
0.06636150473872482
0.13587705268873543
0.13022153420357763
0.1928120374031626
0.2899012884655634
0.8123269549633776
0.3266147845166386
0.3705502179121361
0.6142708885333497
0.3251175016683604
0.658466116271025
0.6231171670792425
0.38290175139922394
0.4804991040122641
0.6517597126093556
0.9089442186266095
0.49112752069460897
0.43861002995215387
0.7593957632229148
0.8291434871076627
0.5393097951999014
0.6464704572997473
0.3547978367946203
0.80318278366144
0.6783380368467242
0.0958421166287596
0.14473415557626845
0.21336456507844825
0.8837594151193863
0.7574232062496774
0.7205838725119622
0.5051556519426513
0.16634528490411812
0.693851412750772
0.37952024194833184
0.5545682121403549
0.08196756979435249
0.8556615148908321
0.5099933121715375
0.7356104219162581
0.736947405799047
0.21468808876919565
0.4540022128525007
0.6793667227047835
0.31044476439720786
0.741123339377908
0.7351342650281026
0.1710493112637508
0.3234819634890866
0.49203733814979533
0.8873873559893553
0.2110650209337542
0.3212378100735716
0.06722884797124881
0.3476332907437628
0.6071249203205429
0.030222985697062072
0.4853492074925073
0.526538264330437
0.8075367112661482
0.35133699336253327
0.4541001939904295
0.7414897527241412
0.9153078879229554
0.7012060613671812
0.6180246155005107
0.24215665059207953
0.5985802979544856
0.8141167100510373
0.7338453837516143
0.3530467364329344
0.5810831739730735
0.44217134959024595
0.35900539828184386
0.6419709626557468
0.6759798570987792
0.23237892607481578
0.14266391994482355
0.7721284602982605
0.35465097954479585
0.5025622371379698
0.7708741821880416
0.42843647914838495
0.44770950059738396
0.6703695185559602
0.7920351691662189
0.6140226277813379
0.7720514380471325
0.8058491606296313
0.3476158533634289
0.8828120456118539
0.08759096070950585
0.3565875690856403
0.7346836437931662
0.3414078584941377
0.72482587637552
0.08350125458107067
0.5109524462953748
0.4097733234601792
0.3100240104352051
0.7722247723679828
0.6644984989650683
0.5754888493392081
0.15237365518994234
0.4545458317667906
0.8427916300623727
0.18237833038228085
0.4129250846456028
0.4683738168191175
0.34123805149890424
0.48085881067517516
0.35800754282526803
0.609341989693536
0.7989784371637952
0.4655184393192406
0.2373959449383036
0.4779201869025188
0.21703919623133397
0.10245300740366742
0.5239633840973147
0.538693137384174
0.15986482881094283
0.11345294731496779
0.32733625082243367
0.7305416105609676
0.8486070851115369
0.8325021118713126
0.3685519136216257
0.10977745387314226
0.720644965732361
0.4011125461794301
0.8679560565702042
0.09978260558165156
0.4410868124976779
0.5107556231617041
0.7017863721423815
0.8447800473344097
0.6683545144993807
0.18571165542107346
0.0305829792060789
0.7825760255783754
0.32818678130572804
0.8099588827943445
0.15560367921883939
0.49500034920982394
0.48940355488915627
0.5302264559414548
0.457078700922268
0.5455411483630351
0.8278031377355494
0.5315884953684277
0.5546371064748248
0.1460002280516569
0.42849753466563084
0.6836649949013082
0.9091822074775969
0.26510026176430046
0.5191918773162304
0.743988802763107
0.4133258615809872
0.451791314175557
0.6499141189162313
0.9267034789230875
0.5591664051813673
0.6396729862621101
0.029112654682739818
0.8153741442391286
0.9198147181248268
0.5082887287263687
0.7264950586475302
0.365660034727667
0.38062978488317883
0.38203574200302454
0.014209438712884138
0.5424372989177921
0.4767636125234106
0.7689322027441374
0.39202660119919003
0.7429724852288955
0.5234917417121734
0.2806876471646418
0.7789886138502
0.3667059371349402
0.6614551686109575
0.4762494709231093
0.45380268685915215
0.6344341435675122
0.24917859208547583
0.08185728227523398
0.5014144447389525
0.30674866817274055
0.5345438143105791
0.7398371107417767
0.7487640687949355
0.631564278671529
0.9141110290950458
0.09547281625936033
0.15833093957377448
0.8519651333893677
0.39368853286815453
0.5115684195389397
0.35552694392923434
0.05943606788143044
0.4597369724590039
0.06401891138704624
0.25935646986670424
0.2680500977560831
0.613196696504602
0.16161000741326373
0.7547910537616062
0.49826087969216504
0.688330111465544
0.6024328477704779
0.45727457207074834
0.6850861844966122
0.8393826762241507
0.8119637676496654
0.2508583980452911
0.5854403484209943
0.054524951152345534
0.23634103133527032
0.4112563461789385
0.20981348061468855
0.8354999020966616
0.3148786990043092
0.6212017724177886
0.35924587008130887
0.8874136124122737
0.4336753107548233
0.5470294205884532
0.7739474729014605
0.06964824627275282
0.15368956836838782
0.5257927991965577
0.8756854680550423
0.5879697754694986
0.30016368358399603
0.5003722311871123
0.12984737568581917
0.19343089890956405
0.7453168997973764
0.38622951263083344
0.5320059279269937
0.422084248401948
0.16436004290918743
0.45278522450198294
0.7109191828531414
0.4096353159125351
0.5507231814631445
0.5756281260779171
0.31977843674666256
0.8618577854586664
0.4892086997498344
0.7262542825227908
0.17934678206292465
0.16590624990328381
0.3475094553614712
0.20731590839809763
0.8824964697678311
0.3906007972444145
0.6016856904294345
0.5225724360839649
0.06220046397408909
0.5239486632455376
0.073887207077289
0.627492982080063
0.47724926323792405
0.9004109155669875
0.6984286931436962
0.9443259113127912
0.9269773197524165
0.6059639975273688
0.8604878162866136
0.6043788515637961
0.684966704195605
0.7146382467394984
0.7217892929132672
0.43983464804532674
0.5832208171273411
0.6012713724568152
0.05333870743954521
0.3024018630376335
0.396116082517402
0.27896516397374865
0.6379080068781625
0.9370923892132249
0.3316189259533093
0.9077474072210322
0.27021646011340134
0.3094894636394569
0.34616245651699856
0.6358362288556997
0.7360676506695135
0.6990883506900604
0.8395838452450554
0.9267687001050944
0.2304168236169974
0.21308448241545477
0.5309401025876769
0.6159776157140519
0.46763817818070325
0.08720077134441513
0.16386952924162024
0.7407025205460185
0.7095190933265642
0.6064424786563223
0.68956949327351
0.47486361116460263
0.24212947822654846
0.7068081497478389
0.8304960198434816
0.5808307301751479
0.5742015025266477
0.6209381412176261
0.06228407711470469
0.1637274337090646
0.6208994912546539
0.5278348417405696
0.8304439346021034
0.7901399507124975
0.5583650284280973
0.33341896392556214
0.6957051792077202
0.7205932460361486
0.46445362181885336
0.5820824000700289
0.34432004004518263
0.7427480603326195
0.3965165238277093
0.6527019443874637
0.6103350750452057
0.33050877457616207
0.001990231220365903
0.014421701533881804
0.5573334512082426
0.017449438862010797
0.7775313646589724
0.672645267642876
0.825362397999908
0.1628041798458168
0.5636768322005511
0.8031645417291142
0.10511579125015522
0.3628933157148696
0.28136267768017764
0.3326895600319952
0.3968997792367549
0.7739028668642245
0.4543277490197229
0.8351279122932304
0.47235500946193726
0.3649946730730832
0.17654150488195663
0.5119999568409574
0.4617997725420375
0.1793872136650929
0.5119372933476113
0.7419329870195561
0.02019478407370118
0.5980609114138465
0.5495590269593168
0.41925239841053036
0.4176584804300337
0.42792976502940344
0.453077448081894
0.42358590336260277
0.24255445424498295
0.4157966834689694
0.2871132752135155
0.16768217890037232
0.3387589000470044
0.46861847447091864
0.8105165804955206
0.5813042847943589
0.7627026453725549
0.10173926946507149
0.5318899840697787
0.5620733151887648
0.8836137222149374
0.8182818883204145
0.3067641200966278
0.24926590745341365
0.15266657482858842
0.3072321193389751
0.3029112601776763
0.08435686126329635
0.311946179408531
0.5667663711914277
0.506430565561735
0.6113874825987393
0.45211686140874713
0.6362835200019268
0.8183692823122094
0.36163396497832334
0.7949380621108251
0.5108482830950116
0.052662220328762575
0.3961866984284338
0.10916795447662848
0.40066410772319955
0.538855053704855
0.7738727381004026
0.5200516240271
0.5893460407315928
0.26433973618192413
0.20108437337769425
0.6866238750910203
0.8316312984451664
0.5155438835074001
0.8310793871255869
0.934147813945368
0.05580946366782949
0.07495044755041218
0.3066990304215782
0.6585906996330945
0.24286763492856864
0.429532940006148
0.6161483366131524
0.5753021069100304
0.0815598405102041
0.6455454470886277
0.6380502414848952
0.5658576522683627
0.14793079652046273
0.12708008219459505
0.7982460199755833
0.2160909215110989
0.35141745707452704
0.10862888720254153
0.17643655565603622
0.5514747223811521
0.6940937389662999
0.7266073836561887
0.9348945449647471
0.5549188432552669
0.6647942633856352
0.5164697865093366
0.5818928909344299
0.7622040603241887
0.43857705354519844
0.4995968715745776
0.9065047483211321
0.7821631276268277
0.3053452466189963
0.7473365798447328
0.6590204925823491
0.524990026841367
0.8071941876957602
0.2871466399595431
0.5257555568402533
0.736186755266008
0.2649041577286938
0.8722334659440052
0.7684014734957465
0.6244137975872472
0.807497939063245
0.6919442436081243
0.7897944282985008
0.11155482355404377
0.34650130388695227
0.8002345037825018
0.3608035869445
0.11670100397981205
0.3382067453801838
0.06553370580000578
0.037793053104132085
0.5106308892023591
0.29531270499879025
0.4444128612459856
0.8891052006070203
0.5348974172724714
0.8966389322594851
0.4708321101030077
0.31519798997546294
0.3338008052264142
0.41480828201908665
0.08236844128407944
0.18688201612981487
0.1413831716821115
0.30311755371214955
0.23976573958368722
0.06147857422644771
0.2588401431264272
0.17232478208620433
0.8128890843581945
0.30397320117449234
0.12307399364852434
0.29909429167982304
0.6826653862458116
0.6339916714941005
0.7862897954663933
0.3109104475978336
0.8458368885263537
0.023744759780660336
0.4047452006886985
0.6218140070823074
0.4376396708790767
0.042175072651789415
0.046451187009163585
0.2594520941019759
0.44442709626596916
0.1208518554857809
0.3939676085789203
0.7815072205906344
0.6860188075276631
0.31127790445449677
0.8920879115624011
0.7301828701128028
0.3405913941189047
0.755119018878577
0.5789792490154387
0.753442765844247
0.23020852962527066
0.5778361288022104
0.7593492834375167
0.5684099910920065
0.8257367216784047
0.8044844415251143
0.2058462959809404
0.8026401735108066
0.49760085727006215
0.3285779976933931
0.1414204793387249
0.864014561469115
0.49884640396483526
0.495693692120482
0.5851780869169217
0.3305997233595514
0.27251083230523876
0.90387373945041
0.21175015859944069
0.6262213550201208
0.3244377547847347
0.6369759948167785
0.7427705186107779
0.8580140642486977
0.029859550659259007
0.08154410956012385
0.23368028543822697
0.19839784537777236
0.4906057082395894
0.3117714591020412
0.4470713339328684
0.5924683472395748
0.11222280441030984
0.6040199538859856
0.7658076985587068
0.5115534410057612
0.4748327471482152
0.00496593403471539
0.5181824286826572
0.8373548321282753
0.5564046928936924
0.4530536493390485
0.7020600078917839
0.815486228825764
0.1257248250438639
0.6865127385727054
0.3416939186106116
0.5865161192626082
0.8120841860260919
0.6959609591227692
0.0700908404320615
0.07315521452787453
0.5100864394191506
0.6544122040952601
0.7425149907123645
0.3204745562515524
0.6782573976120901
0.3834456241123628
0.7787478426712217
0.24758005224237445
0.5644959291718281
0.12823859744772947
0.31824685658217167
0.5477195569835117
0.514173194524964
0.12451304451339973
0.7437288722376121
0.7133542083081617
0.06555652798504208
0.7314171898145612
0.7351457040614935
0.2821949995623597
0.49735219730355007
0.265748870029258
0.7814912007301512
0.5577931904581005
0.10632763825506074
0.1865723933225071
0.5955459325421636
0.6432733389378503
0.8198033702686476
0.39536345445224486
0.46647524609242924
0.24952083981787812
0.21639457400862339
0.7349668056423315
0.4948704253729544
0.693565923695807
0.17137287691672967
0.3134822632342718
0.7914813103736458
0.6590790125708604
0.5022609124754973
0.4787235786080083
0.7500798329592387
0.8018054701567959
0.5313276651580473
0.7970445252257805
0.6569070783001938
0.2514863632326991
0.0699263257838779
0.49138070726263844
0.027609270400393376
0.5509209800195912
0.5207212491143788
0.2868974906441825
0.4535673421834174
0.3988506655336512
0.8360297125586488
0.8067520016288657
0.3082806950769402
0.6438667383083536
0.7504314516198026
0.1223907215011184
0.6918062531115144
0.6117495055426792
0.05495019524371632
0.41523097337841175
0.36346922187529423
0.47115430479632076
0.5336593547899509
0.6318876880730985
0.5719400405060207
0.5403417913687985
0.5046020067909127
0.5388212617021605
0.4680748241735747
0.38751095579409156
0.6625450962716196
0.7748305978747838
0.08568501972191316
0.35149258664746935
0.624852349422092
0.2674257022543657
0.895517350766181
0.4509001681004713
0.6712846844091014
0.5777281860224794
0.03347099902663643
0.536433798247589
0.46016262560187865
0.5863895409167604
0.0385408467930539
0.5759757808872417
0.1723741682163841
0.5905333878362906
0.3264557944139817
0.29313263555655317
0.4699667187683299
0.3600779516329034
0.09167508872011007
0.07340012502216989
0.4373930365907553
0.08040580324653039
0.17363601824988753
0.3337557647967547
0.5832417731621633
0.8418809396793976
0.6961884502987578
0.027018515089463926
0.29429921075493
0.7481309655047684
0.5139288560379275
0.6513046584845249
0.7494663346441887
0.733651221552635
0.7277033599244574
0.5196742418609831
0.17532049576732026
0.24357458445336302
0.1985808602590518
0.5417189187943657
0.448591554697419
0.4046359068234481
0.49058728082674546
0.7531127349231626
0.40979943239110983
0.47373371914096574
0.248238110793494
0.7689192921403663
0.618097764434072
0.4908348784396726
0.2973277780004325
0.03296229085309123
0.38000594153645106
0.3748008048834128
0.33658291884028085
0.3201085849795173
0.7373642194151174
0.3035389703230452
0.49987336262742504
0.9252209405699736
0.4277586229750471
0.7364720458195871
0.7971385121529904
0.33151050876724864
0.29427018429902135
0.6070482514337846
0.05281150104346305
0.4347128547165197
0.14965442310138857
0.3845490820034161
0.9209746853954557
0.5270115566453462
0.6676749156795991
0.7644187726918382
0.5225983573715991
0.5593052803949738
0.8112162644299744
0.5202557482556261
0.4310018475543533
0.9459698057039998
0.4210259852554795
0.7490091489188037
0.555100161572181
0.9229762591288688
0.16836577843426928
0.441018694750767
0.48760893318809023
0.7231682763030571
0.3954024777340853
0.6532676815289797
0.23467963161540445
0.9482074684279014
0.6362570809010514
0.5853604820185886
0.797591709508463
0.4596006563110352
0.8571296482768227
0.14086757648379897
0.5813617681907411
0.07188560442503694
0.042059119389306156
0.8276448731116814
0.5549415679411335
0.5975104519551117
0.5089661556865149
0.5903174094005179
0.3664852589679533
0.8940699822154918
0.5258157468576928
0.47369059892376925
0.5017949304075515
0.37383720649227886
0.5056142719090816
0.6455640743273762
0.19042190745803478
0.2516328944773478
0.7672266517231086
0.860410011303553
0.16468605628590482
0.5793033420790772
0.4200382817559806
0.5973478107002061
0.1601222321057065
0.6834390038344057
0.4881956659797647
0.05921975336526619
0.4458546361831535
0.7925619637889196
0.6431852627533079
0.3282042356770753
0.5392722012218198
0.8560455845654086
0.21445745544133663
0.7320675629291419
0.261547446170633
0.6847617149113104
0.5278373212303857
0.22415410725917348
0.2810027984958936
0.6222781010188051
0.2874284717587909
0.6307638732547117
0.15634382072939348
0.37327295303893465
0.6095136528330062
0.8397050002112311
0.8323412454966664
0.39563015370927834
0.5467743299229159
0.18942873523146123
0.9098839183771952
0.8108117013805073
0.729540142929092
0.5564944261519837
0.4088289299633881
0.8712278767006181
0.850046345726744
0.6135928586960583
0.6396375054925655
0.33173727433937517
0.4525187179430147
0.41562828156051773
0.274529177964899
0.4133069569306765
0.8414099929918619
0.8162712780457685
0.9307930692406737
0.16458478384617048
0.6425506548312124
0.7088301790930387
0.6508078403365822
0.40677355938765786
0.5397196845266812
0.9244997599557769
0.32730695361726003
0.12257843714986669
0.2293897215905851
0.23356416138244426
0.7517707125651273
0.7824908401232911
0.47514413769426406
0.3371233630295912
0.34487899140042017
0.5910616001329443
0.07828459818693724
0.8722091666250953
0.8882675707723285
0.13242005721659766
0.7479063923690397
0.5739288972235856
0.09511649353566316
0.4404222845228682
0.8795405460236673
0.8789408963164078
0.3085386160457043
0.4793851140381845
0.4366638274421842
0.419056822554229
0.3835814163099126
0.2897229370675286
0.7212958551465052
0.4259445811191308
0.6830619845563924
0.28136267768017764
0.4689812955711257
0.29987230847819385
0.5735384122092658
0.6713948353757252
0.277219392193277
0.0891603064470079
0.5512534221233827
0.42165371431656334
0.8139051505262015
0.8205818291972653
0.4813321317806093
0.6606449289948209
0.38695402825948166
0.7552338559878933
0.44352258649214016
0.2571786440653553
0.868179188827182
0.6193910729365443
0.8756832440126994
0.5112375747251467
0.8534999393214094
0.38047470257702176
0.5268077696128678
0.7865619828957219
0.2846092121137245
0.784654259115051
0.6667834273270071
0.864552526514263
0.3137333309975045
0.6188520633033437
0.9221923238042858
0.4012363802526129
0.5449997114419701
0.42629014001089993
0.03843151483522405
0.28465676903800224
0.7417518563439645
0.5563417852071024
0.3712268035089687
0.4004385846440039
0.17958932516386092
0.2487979708603321
0.7926088050357767
0.7569928053342035
0.10248208807906878
0.4675635229297439
0.7780327837890649
0.1138310582039556
0.5119966337919563
0.5604128982930587
0.8420950362960788
0.836622126380781
0.5478654505878484
0.7052058714361051
0.43559283445328406
0.7249996454979837
0.6741077156322064
0.6690904542265536
0.03941465975204526
0.6619921284306284
0.236802092822299
0.8448298683451408
0.6007523890982305
0.2781586058847096
0.3382012566599236
0.6500959116561217
0.6296659351646351
0.5381010732201965
0.2670054619894004
0.12251000367117972
0.6403735928527345
0.603209635369665
0.6586642158548764
0.2873967064199852
0.4009316146763821
0.18919125015028918
0.4367726235621547
0.7048213769109533
0.8501937065705648
0.5755464530116745
0.9098180969527178
0.012555531142583376
0.2758519966148256
0.7340577916836666
0.3505003539429996
0.6749244645026967
0.7192761627343736
0.9552139530672424
0.5006163817395918
0.25977971301921865
0.7516987513004623
0.35757751357901274
0.7755592380261144
0.531091337047566
0.09831915598746725
0.3081910956786295
0.41259602524602274
0.721013141526457
0.386060652704193
0.4585707921654609
0.3467604002786255
0.4447016179789195
0.2044664782349595
0.4205169105840083
0.6145768561445918
0.41841226125754133
0.2381678431494027
0.16992908032586237
0.3749161282433445
0.4520546266139475
0.7568848675289807
0.5303450455312945
0.4864553363414578
0.5572539125798022
0.4095512025311483
0.7743791200467606
0.614213798013907
0.23810497063617547
0.6504203296575441
0.5187311119690204
0.7898071147150127
0.4567273952320172
0.06206475620458879
0.6877255775180415
0.5105494101971668
0.8694111355604944
0.2503915194567922
0.14855577082534271
0.8570804199828709
0.7695813229356472
0.4796405851734556
0.297390617638761
0.5084947654995146
0.08664649471334285
0.08917337336652828
0.1787188584736711
0.4437361249422077
0.01698857316531307
0.2252915639663979
0.8723640793934084
0.4768843341028589
0.7446857340265011
0.6411129312248743
0.41623922864773655
0.7361910079476179
0.7083604097108018
0.844980484645957
0.6845038000487249
0.8988231943831912
0.1072055113451905
0.3383247957027062
0.5671331169942085
0.48220618382027697
0.6243659423386768
0.2788493422962658
0.002114260316710363
0.792929677446591
0.6287911955264002
0.670637765429935
0.4980774382875556
0.42154835409334357
0.8206993361810601
0.8417821137652892
0.6972979706319228
0.3832900141333565
0.8165353032899668
0.29480023755482676
0.2082846841621877
0.2990485859740192
0.04855945901030724
0.3384233019484841
0.898760065676618
0.8915728844424379
0.7849188738323645
0.8185824482403575
0.13634721033823133
0.03776692744403871
0.3438251441630018
0.7765323461053116
0.3172229779342185
0.2606016648266954
0.6324218350427863
0.7136916181231591
0.44848148138652133
0.667571858755422
0.09222594187272232
0.09147275078923826
0.0938187022793048
0.25630396366081876
0.3777110243551854
0.2902055253345759
0.8981037960265531
0.5898291081374659
0.5218657557204317
0.7483300385721843
0.8978067197838447
0.7008360770828737
0.2594959228531606
0.5369875546704767
0.053701807690443755
0.7011026568270746
0.5883139117363732
0.7139200224229093
0.2320663319416279
0.19049223175132426
0.5244963051648417
0.4046652092417386
0.25522070005987885
0.4486027996091959
0.7133956144269051
0.022198341414060397
0.6416943363885226
0.7824366132395529
0.21583090098798893
0.9454424110513725
0.789309004274085
0.6974928555344746
0.8719576918699797
0.38199930464334764
0.15229919110951412
0.3592649158934297
0.3336454454300622
0.7767287747055844
0.3920803707341599
0.7590490257263687
0.4709998143083442
0.060857556850022865
0.6834390038344057
0.14521855874559284
0.5592250301649115
0.7413424053574013
0.40518705148813994
0.07531515924884809
0.5024845146998311
0.4842198896677398
0.663939379988354
0.9027196646964069
0.37180600998433694
0.3365336012169685
0.37664896953074106
0.5239667526638258
0.0745725875131535
0.4509830703495768
0.7094954083505198
0.8938753087953692
0.32593975025393995
0.5851781483197821
0.452259639494016
0.49711248149139575
0.13446666518638287
0.20893522460347896
0.6676989380691742
0.40602526752535206
0.3004669149034287
0.8766367988043808
0.4559080378798802
0.9149658905776432
0.13844201608143072
0.5117413463663416
0.15036500374327405
0.5679732805300534
0.2660106440757129
0.40418437902236026
0.5153945289284253
0.5583071722961345
0.0022018974134735804
0.37177560487858996
0.40459786128984515
0.684318802111131
0.8906000757479355
0.9100228683838275
0.5889479067774631
0.7377234364416189
0.42499105811263016
0.1511280942816929
0.5321170713667499
0.1893199385751955
0.7815640654974905
0.18316002626434313
0.5629475957445434
0.9184326395723669
0.8845823576489222
0.8894492709084352
0.3351757586490264
0.8947601866074363
0.2745716690827605
0.19457133773709212
0.42552223367252134
0.6819188416842613
0.8606330739653175
0.715683519755353
0.4130725766416582
0.022194968061501494
0.09776365456050848
0.0599035200229751
0.3066471507772418
0.5051741430507574
0.8818630679411359
0.5873705678223311
0.24698141570250604
0.22435542642742598
0.5760433880776713
0.8705746699574174
0.28678483281605277
0.056511239282646133
0.7457666056035429
0.6151308950341551
0.6199601645533674
0.5374058774095236
0.7783821609343287
0.4789903520641567
0.5611166443643563
0.3112537485976254
0.4247950700784874
0.13157148009176592
0.3994301490530418
0.7801896765772561
0.5206357928781528
0.6643910411737156
0.4857157320574984
0.5029337124689565
0.2670054619894004
0.3433125099102784
0.5160073460200829
0.5122279383525272
0.6606867711132695
0.6171364156908069
0.8029490167027492
0.25780443545488047
0.6777560030743864
0.2550382389018596
0.8014256757094196
0.22545896375788457
0.29486958160838506
0.17946048266457118
0.6612790677248754
0.8498406979535534
0.08546554568528864
0.3516926116452792
0.7051730445166473
0.43718796461047005
0.3916890106843433
0.23734126289179378
0.6921415781920908
0.3635997166472137
0.2922052622277189
0.9004985750567144
0.44741380104168976
0.301345357349493
0.5672249012921051
0.30801894489215215
0.06112581033046647
0.47302215816429527
0.7866115565843477
0.6320545179780082
0.8539853289482963
0.396106002796536
0.614250056864108
0.5103766611809857
0.33228756423797134
0.17290385191633736
0.8795295051546222
0.1980794505698123
0.3966485288211824
0.7112576223388783
0.7750729360931192
0.727924503610748
0.012000880294682818
0.6480033163293547
0.7354918625013062
0.3626761805688449
0.5817186744876626
0.8764089679570856
0.2140793223807327
0.5043734158002743
0.43904919775608964
0.6829064207942452
0.003719505260106302
0.36473630538653806
0.7238844690808426
0.15659410105176969
0.7339691030121556
0.7597630786136997
0.44634959938913943
0.6136635693027667
0.7795185482934994
0.620304070547428
0.9036849220171859
0.3292916930702719
0.2551079684675524
0.04192527386447442
0.6293541400940417
0.7459641847807468
0.29887611874812836
0.2874797057050116
0.6047779281527352
0.7712924770262061
0.1377664686520827
0.03335557165165114
0.010102631999079847
0.35749085297367644
0.2708905589595813
0.5409743458214625
0.7117885490410859
0.0643251166176608
0.668461823768294
0.13335082734347956
0.5274918107481208
0.744948414774632
0.640644804334695
0.8132190256115297
0.6113163110761191
0.8940059178251578
0.051682920027239475
0.12578377763180706
0.8259690474290864
0.39940684207023053
0.22279067659262622
0.6703352859174777
0.4721447434397448
0.771910366948594
0.6655148846723652
0.40588696904271776
0.33957523119807326
0.4029590017598378
0.49936331874273604
0.2539999762266726
0.6258517957844129
0.5314504784325207
0.37123090009991894
0.6393706125790646
0.8887159718976069
0.10760111785639592
0.8806971987186644
0.5522541665898748
0.7467818610818987
0.44241666796563717
0.9708235198485785
0.6191016293099814
0.4685171535078367
0.015311598251086186
0.4192756048881743
0.5514647826856428
0.27839127859321644
0.7827566369783616
0.7860458469415815
0.7416816203001445
0.5406999537651254
0.35733376300372155
0.3963490639185924
0.42050106771089873
0.5611798096390996
0.0700908404320615
0.23948586223817328
0.6920117301125154
0.4520788840757922
0.7317264275930724
0.6648670691396681
0.5055944701726213
0.924712441668013
0.2558462501308734
0.620559843374093
0.8233070313319946
0.22490419107109372
0.8373893717239338
0.5743292266374178
0.8139323538380165
0.7626859529505022
0.37648901808036606
0.6145429647898025
0.09691566513165298
0.027087622183279023
0.864323922887951
0.4840498526983362
0.6405901257606761
0.61810716043237
0.3806650075653308
0.18419431531790478
0.1574004651214965
0.5039172143882318
0.666951859873865
0.007733392690526335
0.2307875573869386
0.6219618984654525
0.3183680848887697
0.8240416923685692
0.27115211956970353
0.19697917824491235
0.20740843873237355
0.47113281271994845
0.6675376218551801
0.024739657507031953
0.4093394776071463
0.24103278477517254
0.4907023243722539
0.01621258105189665
0.06699082029712475
0.7520988288585875
0.8586041861187436
0.7108953787380242
0.8873332650809596
0.4761032251816454
0.4018374605038477
0.34379390475220856
0.9146191428706669
0.9412313480943801
0.9261361665420769
0.32841430250228326
0.27957485947581884
0.6954779951882964
0.09471318749283139
0.9159313604943287
0.3020659192453408
0.13082722247020626
0.3555082045118481
0.28373506183283853
0.7712538720349472
0.5855392931504069
0.6295075182120731
0.8501711279146129
0.1483624832878508
0.8118514334695437
0.5400050642783355
0.10133988148570539
0.8348063091835333
0.942467041940209
0.6648504815045215
0.7406881654971545
0.4710921499539791
0.0932123548060055
0.6066550676737056
0.15084990289315764
0.8961254074260253
0.14646186539660241
0.3304583213535645
0.20237361555519662
0.4391941121025587
0.5106513176423387
0.2179991517130397
0.8429038980832328
0.28171646601511535
0.8630667144780977
0.4506352309113411
0.04772861462584169
0.5459622742175078
0.42345268046136847
0.6319351085716058
0.2832754289451864
0.2930316020791059
0.02108761936375382
0.6111224210552791
0.47900476290990235
0.3428657633906629
0.52053885389328
0.2920967403978861
0.4303177743325492
0.21450474334766914
0.03694720802660823
0.3494120859735354
0.32681653662783355
0.4396564614642634
0.8480311035922032
0.4562090628044534
0.6072723352912425
0.7095833180989563
0.6462929251794608
0.5812500950642178
0.40194463114824525
0.7322291353215321
0.5661750117838482
0.7018735344055035
0.16522126558958256
0.21371909496416688
0.2936475528569018
0.4293336325663938
0.6604641825498921
0.6315036788008287
0.46985955252779305
0.5089304116087652
0.10640850101790705
0.45277032096726055
0.5926016891476823
0.5853749877977533
0.14955706953210332
0.18772745201253443
0.7919692781311146
0.250897645679373
0.46834117202145975
0.9506776417901588
0.2594532884323173
0.4139462611364248
0.5934466373875057
0.5418827526431046
0.5957226413594936
0.2201198175870267
0.5689337531448878
0.3390426884481539
0.7774057537173287
0.060510001659782785
0.7297418670364336
0.36379817218034605
0.7137272062015938
0.27507792337900205
0.645029903935541
0.3134301504775806
0.4694400699205774
0.9052006165009445
0.2937990483822032
0.8367730238708998
0.716064613335338
0.4708402030124562
0.26420246701581285
0.9218418149057231
0.12552934758291265
0.05745082298356694
0.695157700574646
0.4527476863888027
0.4782052523853468
0.5084024746669767
0.39017541224538965
0.8488948518295661
0.5247633628741529
0.22467856674805203
0.4894797876680605
0.2548866797925695
0.3120048080739554
0.32221303937784507
0.6839331814609599
0.10837822995284493
0.9478623524025567
0.049210808540557927
0.3301013166770736
0.402471298691936
0.5228155453486184
0.41975583721654564
0.07532391256531984
0.6326761979247215
0.503152525014459
0.9281027985712533
0.07213081049811053
0.29130352250649627
0.6111141326022164
0.4253618759506725
0.38290321497325075
0.6692334128653799
0.31276181707920403
0.5535009183857916
0.5198975127188151
0.4707262438281476
0.3319191385300134
0.41276761140681284
0.20728017438109886
0.09777789579848242
0.6520462899008633
0.8457146027440279
0.8484927708893173
0.12583396392147325
0.598253854157242
0.47140347960302414
0.6205243039980939
0.660497543877898
0.21910063667017735
0.3079657659077089
0.42823007775322525
0.13298357081067788
0.8804792525873184
0.8421346264810192
0.5961099926880937
0.7257562443224561
0.595552431093576
0.3160225894252804
0.3469751789020093
0.8817128550323716
0.36092282919278773
0.22507368110966103
0.7437397708617669
0.46375296197789817
0.1378488211892038
0.6189740543997424
0.3350348330444377
0.38450647597997517
0.35591398153063575
0.7396066593290465
0.7504359524323969
0.7342981224257591
0.8258674170458421
0.7060094710301775
0.6694249674181599
0.8748750311771074
0.33815437567743534
0.6159728611989636
0.6404174759234891
0.45857660560274316
0.6391290753527377
0.5897799252302945
0.8306331314721757
0.33232754646795987
0.6154758858682858
0.8240904137418722
0.41217223311955636
0.02078249985571841
0.15942569823329442
0.44199305684575196
0.6109748739441638
0.5586947897662694
0.5293800246614507
0.4624767938471847
0.6460364706073594
0.7081241481330013
0.22479273463484598
0.13110507580977743
0.5463319736197141
0.5325317875179814
0.5075716654425807
0.43505418273754287
0.135180684977788
0.8449461951757802
0.7690544654490534
0.8112909242037041
0.034667801439995385
0.2697170390598215
0.3016929157708256
