0.5441435812560629
0.5383423922052141
0.49563789039311174
0.13286140028896526
0.3377430241281854
0.8959031394908731
0.5083589254222742
0.4034121930160767
0.4425042122646338
0.7092935964492914
0.8840120308974405
0.4895117869254579
0.40997445151737916
0.28815534964517187
0.13827459562318134
0.29472483838189645
0.23146073508231177
0.8244508320284245
0.08776146810807811
0.0281842916933154
0.43883925836883086
0.672421964214395
0.2908223384541618
0.2271780165820698
0.3773377441192068
0.9072668708228087
0.1989341044095346
0.4175885788145316
0.5763758656678163
0.6257054804275933
0.30840217245859014
0.8706871173277867
0.4412638955813876
0.2134254889555607
0.8686793847973657
0.6061649479001215
0.07944446857060414
0.8723021688378745
0.15444373978335604
0.2441964205055958
0.9113918649118232
0.20254025394423397
0.5617701078634988
0.5915585638589208
0.8085764884567493
0.8120828286978501
0.3661708945883409
0.8884058723853046
0.893687949282081
0.17222649846021407
0.15623835896948474
0.5326813161766565
0.9339787841814285
0.7107704990102989
0.87754616099593
0.17840413911190198
0.2867124426320042
0.7149859597728776
0.6846140523364249
0.4660579205137344
0.1604550175620937
0.4102412324000446
0.8939447123500853
0.7324787143574524
0.7309111409574095
0.24667779394369385
0.3901355449787841
0.8209614369318003
0.4387541266008542
0.22521094844969375
0.3009357895668999
0.5492361674655369
0.031626419452327664
0.4937608687689159
0.9110649842504762
0.5649380307664301
0.47866447115858235
0.9326591938017498
0.7958380452803167
0.5008515478445116
0.9129489674566371
0.5498270465586794
0.7091996396340604
0.4908146466627416
0.2358495859217539
0.7256090874964118
0.09147292045255204
0.22226838136640348
0.4288509135405526
0.6961626033203114
0.0717001271677943
0.5021428413119443
0.4869252626868815
0.42861177097091874
0.7779547121865595
0.9141563427144442
0.31510341225023974
0.26030950168839856
0.40470187924319767
0.3192066932083874
0.012078400628242666
0.0701289648984097
0.030560421199506867
0.5531002582559965
0.06538096308592616
0.7634876605905544
0.32386598428822005
0.486639381584373
0.47441890389771124
0.863545725021674
0.7471887113869796
0.6990665579532784
0.5708275393658664
0.3349370645886459
0.31089112687904974
0.33437405126270237
0.45359899098444173
0.07805895714811331
0.7256940451184933
0.04287652699219861
0.4096898621535901
0.3814256483551355
0.887022803962242
0.5692184720666748
0.36383223241720597
0.47073060467439215
0.25668726774242706
0.6071347580460424
0.09440150448492005
0.7669978028874692
0.37073791966142566
0.48828595631212723
0.5314719102987315
0.681475636097338
0.10556114052352422
0.8789808050934502
0.35931574015463574
0.15347157323395566
0.7174538992088236
0.3019381631408655
0.6628331326024425
0.7592081384625827
0.8842683366397371
0.4431509611161097
0.29546279510513324
0.8688109243471985
0.6266172513503803
0.3802918660251942
0.15647200542169296
0.6165211798627045
0.7726442794163585
0.26650587199224834
0.3936051887651704
0.8646534928793448
0.2873263515017603
0.43732249215949803
0.22878712896281284
0.5198100970872461
0.3108911804301573
0.21878361018486708
0.4149787020390743
0.16913646218747086
0.2769598754249303
0.7725383249592409
0.34600102345288125
0.4274134650070101
0.49708171617306934
0.6183773731959374
0.03889584827849593
0.5947459105361191
0.4854895256939295
0.5682618408075542
0.6158611096231389
0.40145351613831737
0.8149392512480101
0.48846714310326034
0.6166624465144779
0.32835599271217975
0.6622363142449883
0.9234544074788812
0.23054650759362735
0.41278174521928424
0.43780404530162365
0.7065401861264313
0.3829056284153301
0.7920412425637936
0.4091350234109384
0.7459967822559413
0.8956062749713566
0.3058829384842359
0.5247424380005515
0.14064303311125412
0.08509834488842925
0.11325337142116738
0.5396312155307103
0.6117696009167567
0.170965278845523
0.1616730353342625
0.4389055812334412
0.5304022060646004
0.24857666106084048
0.6306727986752125
0.9082110338887894
0.4429451870795871
0.6400239713504979
0.778325671703758
0.2264763247180935
0.36579145432003296
0.2555138403364125
0.3306685441738466
0.29095078319651446
0.8329036109680535
0.6948984491002587
0.3011371095452151
0.9200997996524856
0.47380960733206984
0.298172044527853
0.15035774882121328
0.3594211074075427
0.8245355354850054
0.8707211219614787
0.6031085132252778
0.28902401782519727
0.47860186933656296
0.5699606246532799
0.6054122151603639
0.247922144023892
0.4276429316261529
0.14223341527683162
0.9110636941900921
0.7177220453074088
0.7137752234421131
0.8210745412264789
0.5406662515641004
0.8287115704453077
0.430080618179179
0.6819834730472256
0.010230884855677976
0.16692208755672303
0.3156198505095982
0.6705258887633929
0.49914486919989515
0.6647400124794273
0.14206128357851378
0.006322034355391068
0.866600663929688
0.6181617501640074
0.10325910631491704
0.5309548315216089
0.6258689978478676
0.4502420291148854
0.8383663694391847
0.09632396130149425
0.5312302230740634
0.16444280208879353
0.718033117288208
0.3117464274080738
0.08710245631045374
0.6411072187136516
0.8481188302334699
0.33267555981012353
0.30375463883747067
0.25567247916092545
0.8625572736787436
0.7490978157389948
0.5903554479607686
0.8305453496261883
0.06277988984972506
0.14747371273029714
0.18009979171089188
0.34506442285910033
0.7998727110536898
0.42297511294372536
0.4600689203364293
0.1028350015761629
0.8937041756959003
0.2359860916039489
0.45277741125036974
0.3312296635168901
0.5450047419220801
0.3225579628431117
0.6638547205354375
0.6058694997678079
0.32209118460793573
0.8456442621754593
0.4982352215844198
0.4847326012785573
0.5096332987644304
0.32020618695000086
0.7673004285034546
0.7933779658165487
0.7288704986267569
0.543129086290701
0.7921829361236076
0.6554103828715562
0.34389936969724
0.15473257006754074
0.21277942709027492
0.5086428512722612
0.8879550880014079
0.9029335834681299
0.6127069680597557
0.7238277861966805
0.5176305629308153
0.8659027508311656
0.17997577757193353
0.39569248310199806
0.23723692050832657
0.7880227954578168
0.06551555800496811
0.06965958468520435
0.39709640998545837
0.20286160439410475
0.2794509830613732
0.4182645433615593
0.38685084707137135
0.5780292923874903
0.23774655416129722
0.5862683722655067
0.6964102339568484
0.21431384198773165
0.514542911690475
0.3275207944736735
0.6696932612709452
0.17366527838845072
0.9272513886572435
0.1443938124905428
0.20567484429246677
0.4626092568635886
0.257019952689711
0.11002466128421734
0.6394044802237839
0.8531890235700429
0.4786016254037414
0.36820923260734884
0.5714467168593593
0.46381439872084307
0.6292941396561025
0.7477275854091869
0.2262348806691619
0.5501016338132353
0.7645891107347599
0.6121459507285771
0.2632632558792211
0.4013008871773391
0.31847032486394705
0.6123094356545636
0.9064536720586163
0.39074828700663966
0.40787196714566254
0.8320307597489732
0.6502501925416291
0.24378726487890945
0.4645124169168143
0.5186687004510856
0.37311565367388505
0.5008688766659608
0.5277851232199129
0.5809087044114813
0.7520995378726748
0.8286297297440692
0.5674912632509106
0.3679201527737365
0.4733228522247554
0.7205272242918083
0.8767912067409324
0.40898989041774586
0.35925434008523505
0.7113903413422963
0.6846076849566504
0.5815423119709103
0.6367621013333943
0.3552563239616082
0.5677030606050069
0.0169217073270058
0.3002728427455522
0.053116246346792295
0.7845889643828245
0.550458173283189
0.1913416927523784
0.7745979329885155
0.4837277003326131
0.7359818373567029
0.9168676553217981
0.13634796921720752
0.08283506545031263
0.573134119050083
0.4940287112449542
0.3141526885230852
0.598951165148374
0.6748225448694424
0.09265741318327667
0.401583617235011
0.9444934700520705
0.23022896154540293
0.7295373409987447
0.6906615856237962
0.9076688975475339
0.19716659661313585
0.43980177229727546
0.427808450081642
0.37590573608992567
0.7382234311284794
0.6288228321823318
0.07003445451511221
0.6194228585409379
0.4756743451460114
0.07166658396633017
0.4488639491931728
0.42727448052393835
0.4639799090484037
0.4710653090304204
0.05994876477154978
0.304667437501563
0.869298652405397
0.8944820910916409
0.8026819807410469
0.0025858654516104336
0.6524872246034092
0.05192154431181723
0.5546976695069802
0.8333649617691117
0.8544836457090097
0.7360434823070364
0.3240788473646628
0.10182372638365779
0.865193281064571
0.6916518432373578
0.49319884474918413
0.384899108633933
0.19271743410597347
0.6427649175421127
0.4878866093521655
0.713472653676623
0.16019586039020126
0.31722928069953155
0.2412229240554965
0.8588767617817955
0.36133220424730367
0.38371255398359366
0.5585532002319759
0.21280807672881774
0.34365121298769064
0.314698538645887
0.14713055234573816
0.8880164032397418
0.14708646965350275
0.2378659936842152
0.7979815324539264
0.6395369063679887
0.9114712713766578
0.7537735735956147
0.5417294485178931
0.6087965482893715
0.8914726299693538
0.04131256064174009
0.48875472722138547
0.34167965705370584
0.7776833349096207
0.427408456489282
0.034992419887648195
0.36218086661540216
0.6901794220080745
0.2623751072515321
0.897334556288091
0.5156723057608049
0.3536105069874505
0.10440655024090471
0.4158538640489602
0.6980126484576756
0.7262516383447016
0.4466709831553438
0.7832400851356411
0.6390689065836961
0.7836608812513318
0.5433089453333639
0.8254535356778103
0.3003778837905899
0.6887484600956799
0.7269326558054799
0.7209737964718206
0.7678982260243626
0.6304627811865402
0.519560837817296
0.3770805792012863
0.7589052128155259
0.5758350035399793
0.7918918340041233
0.42200017355149494
0.3530973142428651
0.46717188692910294
0.6057385310660466
0.4926021235242455
0.7387899477363046
0.3258279254515949
0.3732714194968946
0.07281904683701895
0.2391853199093776
0.6964393619669657
0.800148163376601
0.26908420161380725
0.7641757713617067
0.21014375963036647
0.24489463091987787
0.6502378493120075
0.7300396556454123
0.622001950270702
0.14118284387080246
0.4514876225618738
0.0503421566232625
0.2378363680797755
0.8254482566706326
0.555662447787237
0.8903740582256018
0.739248525000161
0.45487043457219806
0.27710365505087425
0.8785580231026164
0.4208156765165507
0.8596821307746619
0.5234000366239042
0.7098070365285714
0.23907253803380124
0.5650052822978082
0.7026942477214777
0.6066467795077648
0.35836232781935573
0.24185795389654377
0.8623886459099785
0.6425937182873587
0.8764129071357418
0.2197095985283525
0.5364823076960672
0.27592735820454956
0.7846311155556492
0.22226838136640348
0.6672998477922112
0.4350960499984111
0.36231767386593455
0.1682446399114434
0.5321638264349527
0.8729337598160228
0.2193153163263887
0.6544384430307754
0.22980484979405413
0.0017735710762642894
0.48641314549758113
0.14214530395229372
0.40507520170508626
0.7180161814544062
0.0370748076348899
0.4767604250967397
0.6546623065898303
0.5297665598447145
0.5668695303118937
0.21666505288540114
0.21877459356796838
0.19680431334783133
0.40589203741212565
0.6879715614097516
0.09963363494553427
0.5398101145613384
0.6430375766942125
0.4253522317264116
0.2264615998310271
0.7371194128150388
0.47210201738832025
0.44323399711901207
0.6326054568401234
0.6318246725673657
0.8838534274007794
0.5261912973824654
0.7887870218304036
0.5141853707178036
0.3656145637662628
0.44505235779069724
0.46908086843375535
0.615241325372386
0.8684865935529524
0.7395540780041064
0.6358459596959489
0.4246293427898291
0.5449797579876056
0.263182151556203
0.36963295582819905
0.8442412247108035
0.052385649723952266
0.44981600032886637
0.5495130400752238
0.6042108697726104
0.8860665584859762
0.7769370117605716
0.4740440184346284
0.49533841953216523
0.556130545466149
0.5804627499921114
0.6480601971266389
0.3348156501697518
0.6740752122321043
0.16515893407408228
0.12715540434265438
0.907812868871508
0.5021159752742015
0.8607463543775904
0.897485620864232
0.24475047124885727
0.3675338547689503
0.5000175111330267
0.14010345420941767
0.660442292915818
0.6140058479097482
0.9010065143049086
0.860502900426856
0.9300552583208372
0.874745258630289
0.3324581436364318
0.39299557280752867
0.5431482060427998
0.5749516032136831
0.318003097201602
0.7369416119640284
0.7043675195419905
0.744428922137338
0.8984455795023261
0.9189233425607333
0.6378796602174147
0.648423590835791
0.6054830050922285
0.3174669601106864
0.16082413913300458
0.7415388282051281
0.8855173278472497
0.7396751351419126
0.5642695780177533
0.35838078129336387
0.3972605951289124
0.3210143622447738
0.3467150560099823
0.7125586031616846
0.8634111367717889
0.7945725985957993
0.3252053785895331
0.551244492964769
0.07626157458314334
0.7902745545887859
0.20501390469576092
0.10198418017364728
0.2501239805419181
0.2466302497028498
0.5991484546224324
0.023489914082749246
0.8490846859275173
0.6181434146975932
0.028335552379478948
0.7371292211114981
0.7856998970525344
0.3969166616085248
0.7117967930901248
0.6819844196383047
0.35446869876533166
0.7692084540169897
0.4562479331979173
0.4741290879524195
0.6884551920596144
0.6415054555901671
0.09048444820735735
0.19301012458466268
0.27971264913958405
0.5228075162027459
0.5056332345729986
0.6546213849635527
0.5668379686868878
0.16748817825273318
0.1139441290709402
0.7688674172648018
0.20828003712512985
0.9010941183182052
0.6753798461756195
0.7072475085116133
0.08968069719403597
0.6113478629294764
0.18738302738543305
0.2528145297704628
0.588942503864534
0.652234950126522
0.5638906133567986
0.17683841850326093
0.3995143707254792
0.6662246798799097
0.5290738184880779
0.5935718053856951
0.3274786522141023
0.1606143657151267
0.6068131070051774
0.5184289922783007
0.8468066075410381
0.04983889472020293
0.7049661815683255
0.5721410194270513
0.574569931972938
0.49745859767852807
0.7888795924649079
0.35712606563254135
0.4961251982251686
0.332127967549329
0.5738288161204411
0.48486956582277835
0.9478260506228933
0.7140502609260048
0.865306442656883
0.7515875752999296
0.7597138264978336
0.5031386563927058
0.23403267575586287
0.1417840507951996
0.7580567109462563
0.3108762762287634
0.24793278481122588
0.48304543970805
0.33467504590401076
0.7132901864104821
0.42083073450349207
0.3687383254910161
0.5281652741348369
0.8341690541039495
0.8252931137722682
0.5117903947618317
0.800389120713828
0.21692527961747157
0.4635314729091642
0.5929948194921902
0.8105496635162854
0.7047270381762694
0.6698514978999338
0.12310666219839632
0.11229284044829799
0.428392564669763
0.716038791930311
0.39785141412404945
0.08513188874191378
0.5825563914700326
0.8404187039702867
0.6478125101198886
0.5327148652368034
0.7574367711737544
0.6851440677007263
0.1626202528541311
0.07497902115236088
0.20794367410692485
0.14998635529191726
0.5107615318723298
0.5516081233877101
0.8445530939671527
0.8580819185385519
0.02223673151764612
0.7761041224841164
0.37709551429193255
0.36361433140665494
0.6517759442999618
0.5892449519068277
0.45422644764663483
0.6264413451465906
0.609377079333344
0.016399813816370915
0.28616126986426216
0.2259055777924429
0.897739485018079
0.5615489534004008
0.17348741569579187
0.4496181266113783
0.5849240117957814
0.681229006470238
0.5139702369971568
0.3964549917974964
0.29333928278338417
0.23189028031890027
0.4158099028738281
0.4759871997466785
0.21263819161676034
0.8095737644424457
0.1920340356201427
0.7870611228098766
0.8781093183680272
0.6388092849028216
0.7828203509628983
0.7537174285379244
0.7557686151062339
0.8512307603710716
0.6277257851750602
0.9253305136325821
0.40595910986325284
0.6789631512347903
0.7033502409522757
0.057116296498154015
0.638981086228217
0.6354597767542408
0.1385128178870222
0.15331799053446013
0.09540058515082804
0.3938070663891671
0.74173662661815
0.4873309969754698
0.8469757545555353
0.9692470968657785
0.1930595425729531
0.5638150943424219
0.5616553630461665
0.9003350760887024
0.7858078962930526
0.24325344584256053
0.6076713692287948
0.1711152479469993
0.4241633243160312
0.5433389585546681
0.8073925789064432
0.13184501860977696
0.5935950058902303
0.7766512831752598
0.6818215134867276
0.38503718278704
0.3007855634086558
0.8908883703486992
0.3132483310114575
0.1987195286567266
0.48471037413424684
0.018123409586042513
0.4136236792912196
0.4750841765757337
0.6015136391369617
0.6002519484735616
0.8751099576598729
0.6389491371563034
0.3506401556315907
0.6069812216449992
0.7716634667409228
0.6599910042440008
0.28426407261117287
0.7985724533639035
0.18773460362874644
0.7277502810584677
0.6751252760130122
0.047438796375807
0.16236304982155814
0.5390118696151117
0.4771169517465804
0.7441998708117891
0.5397450385122955
0.25247988557907786
0.33264472367456976
0.17122674092097884
0.06714425777941144
0.49939108803450294
0.958046394839983
0.9372387372022299
0.3023644187373828
0.3834836472113662
0.7749711068289423
0.742765934748854
0.4133425961433418
0.8794390514959749
0.12523400649293798
0.5836123380767403
0.8652163734024869
0.8366493256370315
0.3898318901964396
0.5059413400051141
0.6736918886427392
0.9284474786745204
0.415340751076214
0.05023638727358082
0.3025402310551559
0.5923109106148406
0.19872195252563157
0.9111867865640336
0.35052708746398104
0.17983564678628
0.11567493063245654
0.4545350641102525
0.12046975860136884
0.7250586051438188
0.6982314537256202
0.7438569412192509
0.024404003604107813
0.40277483811192155
0.6426861495890837
0.6554161688039621
0.3427615849408786
0.6420715584283606
0.7877509919383181
0.13918909817750463
0.2753449478645374
0.6054983303169369
0.22564380303359238
0.26952616950789443
0.4629474363104534
0.5924417374633115
0.7698080363719176
0.3159870621936678
0.7120050605928928
0.5210481145227509
0.5507490602174765
0.6481017607010127
0.2113979782483422
0.0041752386830910225
0.7603812665684835
0.42981874560219174
0.5529750657852334
0.7985837592182038
0.7635966980360421
0.8265940097885371
0.7190133784382906
0.654940705545304
0.9376916568110266
0.44414299771588567
0.5571457967083594
0.7774027240029416
0.49407961767322633
0.646801459883327
0.38935505586545555
0.4682743899834459
0.6396607472127571
0.6480007753331781
0.3921284443669296
0.5532160887787678
0.6665596690784202
0.4276217927038149
0.8486812913068584
0.3737351820713164
0.5176008384638122
0.2589700246327312
0.07195295152450293
0.13796177045400135
0.1301561633241726
0.20244914134712746
0.2932526557723107
0.8164695158438853
0.33374563800227325
0.3792072562958867
0.6090120958623252
0.3236005156816343
0.6621772282606286
0.6410837831430388
0.3634112205091891
0.47013541797086
0.6640743013107568
0.9106031603000543
0.48704434587475065
0.4413679874459949
0.7579258219176668
0.8306627178609941
0.5398853176710863
0.6502119297881548
0.36851195154922883
0.7964307908646597
0.6807487680547789
0.09491066866428285
0.15863312820213585
0.19117648127560524
0.8728524187223972
0.7485439135519458
0.7152720667058116
0.4952036906328394
0.1572673891934148
0.6980680233968931
0.4005510809967432
0.5611046261161683
0.07863532984391591
0.864115164338682
0.48019952218068257
0.7486891976573582
0.7416924909033606
0.22340442760082166
0.46482070270426246
0.6735048805083272
0.2951711284691366
0.7278352959340006
0.7320940285059386
0.16922277619307105
0.3215127504514818
0.4940333967538218
0.8873103859276275
0.21989127204712752
0.31890925692362143
0.06770888089619224
0.33037530432858786
0.6008456294181952
0.034019054048680344
0.48307343160449856
0.5209851888309103
0.8096405618268049
0.3514716154696642
0.46410225418653583
0.7053904870645963
0.9024114539730095
0.700043570629112
0.6331856506467102
0.23682034646208122
0.5993206069507899
0.7943181935680448
0.7232185027930543
0.3858819145722032
0.5737229900147797
0.4473620569791919
0.35666022606351744
0.6375573668293635
0.6839213549584963
0.23311866605441817
0.14817266495452544
0.7821821213487486
0.3459109832199723
0.5150244130363917
0.7529443246938299
0.43622487977554536
0.4499822766804094
0.68198511711243
0.8035560218955575
0.6129548542503391
0.7680202289971086
0.8153703342821276
0.35115823202999846
0.8876517311195095
0.08807439097124019
0.36316494591886733
0.7329226264496388
0.3474064959627076
0.6951824793924873
0.07838709933886824
0.500478108748197
0.4039963801839623
0.3054349722364861
0.760169923689603
0.6463479314185954
0.5960319022368813
0.15155292173130513
0.4647951376118184
0.840414661955316
0.1758263488369578
0.4218912869826728
0.45741717047388913
0.3437312489851858
0.49391331154437124
0.3645024423138958
0.5847993009143988
0.7991748149405604
0.4687485826769119
0.24415541712096828
0.46895538354184885
0.21805318659075373
0.1040126715790097
0.5130283162823872
0.5374234043333955
0.16330816009328672
0.12429904893264578
0.3276901629819697
0.7329275590539699
0.864970289691276
0.8267559903083478
0.3735638224050009
0.09964926998596645
0.7157667519026901
0.4026208709141798
0.8553432768500883
0.10019769093000064
0.4534418774967795
0.5086122772715291
0.697088367203275
0.8453424193084441
0.672214793419472
0.1731062234144297
0.0344864522886386
0.7718697688200875
0.32584185123948883
0.8209505031994796
0.14622931737909065
0.49848467740410024
0.4800767994435722
0.5239996067406003
0.45579086876380204
0.5617800033119489
0.8359409401498601
0.5289061390288217
0.5669573135620571
0.14503364065351443
0.4326235051830492
0.6800123614841801
0.9034786872635195
0.2552940275212227
0.511452490068958
0.7371598263577636
0.41492774206146527
0.4584073575039488
0.6373743962230674
0.9359947761997628
0.558092421608563
0.6296191243323619
0.030790499478059653
0.8146176860424504
0.9233448779574783
0.5124699083880662
0.7311734987362696
0.3707764000237172
0.40857887427824213
0.4017614744578233
0.014278183228743777
0.5299750521690366
0.48711373983901485
0.7716696794143132
0.39134986786242093
0.74609234343041
0.5115053658160857
0.26406917862086515
0.7836329022006401
0.35034898764630584
0.6867560093907892
0.4587966855697992
0.464933010925483
0.631716601729699
0.25820508826767474
0.08262847257519103
0.5093503472386596
0.30065701241121645
0.5325169435442296
0.744946974395921
0.7395846095583946
0.6209389696005732
0.9146297905002415
0.09557330750209289
0.15073602257407992
0.8577335404115409
0.38888671775183964
0.4942796771361009
0.3573966571133323
0.05856138633035101
0.4522569546193622
0.06262163099763329
0.26072228424083577
0.2605790838008145
0.6264459027829916
0.1651408540115181
0.756997938566204
0.49065642516520663
0.6744177565346616
0.6092394802043154
0.46385797369058046
0.685144576046939
0.8551951412059886
0.8244324460345289
0.2574830443672261
0.5531793451109099
0.055463732468716845
0.2318942453881438
0.4220879636630729
0.206879208634232
0.8374119241071086
0.31865462481904205
0.6265187444448678
0.3597026783830058
0.8909338559926854
0.43124827939118104
0.5509253680022017
0.7880387096184593
0.06723914952073319
0.1503364979238391
0.530251961469139
0.8688666627416402
0.5827791500128715
0.3028369591885511
0.5081196115269349
0.12622210129944714
0.1898816936128522
0.7559580692410734
0.37125196610144856
0.5385105936170773
0.4248859095007212
0.16372398230521648
0.4389425056961261
0.7230323145713496
0.396848022566491
0.57221084726807
0.5868029758952997
0.31876770159218104
0.8675954470754028
0.48055614046208867
0.7146633455136431
0.16966302149975854
0.16623266265877928
0.3375546660855667
0.2071988134297084
0.8849653655485927
0.39679911193801415
0.5937673405015246
0.508923515226639
0.06201452587614427
0.5125091826608097
0.0798849259836568
0.6456044866549954
0.4812629539887449
0.907707300048015
0.7028366924231627
0.9375379286057692
0.9249699072205867
0.6088528907628548
0.8534433223971151
0.5942177408104802
0.6973222319548369
0.7154614226420076
0.7430271946698863
0.4446671593114683
0.5837468006989476
0.6060405869325779
0.05412022195457714
0.3177435098358831
0.3894162606589253
0.27844727589106677
0.6595670133174331
0.9415770006529456
0.3326567769887585
0.9072874399153152
0.27616448920863446
0.29909887326376855
0.33943199203316926
0.6392792098332465
0.7325015256640001
0.7027932171034657
0.8312757878359649
0.9249964012476627
0.2272692095438453
0.2109442547058504
0.521916965498834
0.6091061936777219
0.469186883490284
0.08504810332500977
0.18001909725449888
0.7391666124367682
0.7226432120994226
0.6173260878094147
0.6924572956349211
0.47185209368385095
0.24653551803505605
0.6930741669440647
0.8270085456544221
0.5679311362685947
0.5615578684583142
0.6206396869318693
0.061156448602007175
0.16349213185432807
0.5924147661118204
0.5315792742461352
0.8274521911218755
0.7895915431351253
0.5459621851435815
0.33257779221620676
0.6974028849800692
0.7050720024172492
0.43274551199447475
0.5761096323292298
0.34539783862064166
0.7264026866945102
0.36829885256103656
0.6553016295031315
0.613875402962956
0.32929088869683176
0.001894170220472602
0.015929770759909794
0.5628696388864363
0.01724357301820879
0.7766094733733065
0.6818070385482606
0.824391067878867
0.15690653918844827
0.5839806630089517
0.8175460230349664
0.0916494189054572
0.3649518373899929
0.26738975420561895
0.33178898842722543
0.41423787212373425
0.764324385498563
0.4639142065732003
0.8299340534752158
0.4750059444276075
0.37521674866803995
0.17696250540200753
0.5229357206992429
0.4714157945226322
0.1832602191860295
0.5130892215727795
0.7298344976926066
0.021128312869823602
0.5987281127943201
0.5613918641519265
0.4253836827950477
0.41459259654104874
0.4344566009929564
0.44611266067364574
0.4328397892950909
0.22994551049124276
0.4258890118390122
0.298103729872
0.1758910338880928
0.3414208302924344
0.4744849047574062
0.819384446375878
0.5916701039747223
0.7636895461993194
0.10534251057487794
0.5377832278459903
0.5577405040268029
0.8868751975797383
0.8110621440036146
0.30935036073699657
0.25675670945924883
0.15065177205874083
0.30703268536362166
0.3060501809446554
0.08436219143246686
0.3057775133548109
0.5418180964519222
0.5036170360446143
0.6129294779897954
0.43226666023367866
0.6289454256282238
0.8208608106295171
0.3808452825903989
0.7976561319391999
0.5115919265151843
0.05398506487479328
0.4038279115801292
0.1114424142684069
0.41492791608378143
0.5384525349809137
0.7725554741023404
0.5266992788439081
0.6039442325469099
0.25776318712161295
0.20574305244436183
0.6759798692184532
0.8261302598603696
0.5172645939765472
0.8225443768338334
0.9415034475533864
0.05870853363376251
0.06959233341322558
0.30666620176804943
0.6324876579755372
0.24060218225623553
0.43087853186402014
0.6228740552058049
0.5620659917596084
0.0785262162096195
0.6387874511245835
0.6378611350080612
0.5691721496242471
0.1448526204418627
0.12316089391667677
0.8106082622251363
0.22333970910615952
0.3540156440690798
0.1062768217994682
0.17552693750731946
0.5474575704921041
0.6991285583660479
0.7188045833129257
0.9319301111674883
0.5507265381048606
0.6654982791411409
0.5074179367599873
0.5542171282160158
0.7833702367551237
0.4491357331582137
0.4944511891564304
0.9067453847935609
0.7934430639869214
0.30769747729208513
0.7352674556600796
0.6598399712538393
0.5341598035811433
0.7950038677277456
0.289625770676039
0.5386094462300024
0.734378077500063
0.2715266895383157
0.874624261987954
0.7606308172403021
0.6136994074793004
0.8076924974346484
0.695316510762944
0.8023499713270096
0.11036621696542684
0.3499464452749708
0.8050019635093025
0.3641140904839634
0.1194857656116279
0.3270170099445573
0.06542191620839576
0.03756124132094608
0.5154278739629465
0.2826062784059664
0.4449606551874792
0.8893396009616554
0.5402595850722782
0.899929113094516
0.4693895603387228
0.30747635173039095
0.3193155253998622
0.4309784883458393
0.08279174690196306
0.17827794848964473
0.14809110098690156
0.3065078376425077
0.23830117783954832
0.061604002734064
0.24050487251120523
0.15930317080325299
0.8105266737331849
0.2949806157588229
0.11952019069862395
0.2832647812345514
0.685686183908401
0.6345773286175972
0.808344464942122
0.304307038924227
0.8533364454007633
0.01872792841816615
0.4039900609470081
0.620961569502498
0.44238818553174336
0.039891245041271964
0.044938087432324636
0.24109940482752493
0.44018975788801173
0.12456949714895414
0.39634357707011925
0.786325458950902
0.6940437831675197
0.2992359556547421
0.8856322247963595
0.724012277006338
0.347855414194874
0.7574997456935534
0.5749791457364388
0.757305124348253
0.22938154807559627
0.5987164025899403
0.7810009002258612
0.5769623938497477
0.8296859317708559
0.8081967250374827
0.20727373863291743
0.8037219384043357
0.5094016715781937
0.3116765542641658
0.14089207447279445
0.8742588259930677
0.4961251982251686
0.47843332002143446
0.6027367917562507
0.3368874284754404
0.26606575490636797
0.9160611572761694
0.22092448147555455
0.6488404587560878
0.3169155384019418
0.6361165913547752
0.737446794549732
0.8468944500484223
0.030178036531148773
0.0793787987196972
0.23568306304609105
0.19385436984307117
0.4846308367816182
0.31668371701456605
0.4476783464722106
0.5726545053478912
0.11076069408343274
0.594220532322988
0.7733064023530093
0.5093991210428215
0.4709570112930835
0.004514355286843627
0.5195461699603301
0.8373712879084746
0.5691688551717345
0.4358279462830097
0.7025854007589196
0.8212678138975821
0.11896864817393994
0.7032207782217257
0.33464334048139455
0.5700935940333322
0.8034710042656864
0.7127518561246602
0.07280370545689577
0.07156862107557045
0.49779847274473177
0.6666180366248927
0.7469001561232549
0.33188415611139
0.6867210885537148
0.396502090080384
0.7739144385739519
0.24485555897978825
0.5690404053015364
0.12890764697298004
0.32065352147389264
0.5574852192084276
0.5145445078018467
0.13624741467306598
0.743379058748433
0.7132758391356336
0.068587407795837
0.7314721312216301
0.7277042166268717
0.277446472682036
0.454174215988573
0.2580954141404626
0.7767009550763212
0.5743972783870729
0.10781735222080108
0.17180668655610007
0.5933519304014092
0.6510734452461462
0.8142398709863456
0.3934982454279559
0.46837806843775104
0.24472561037910798
0.21157462006489017
0.7303959659408537
0.49616031862973775
0.6875618628989975
0.1682423636988038
0.32133444135688405
0.7903075630837443
0.660749745872259
0.5105013538490201
0.4797838620694526
0.7331434578525071
0.805382579049388
0.5250394461843653
0.801370011818286
0.6695412075655557
0.23424438729914485
0.0685455287173254
0.4869306526208657
0.02993691955735793
0.5642666988951679
0.5126455304113976
0.2681206665859614
0.46065665390647625
0.39663593680137327
0.8400265704231636
0.8050689227173421
0.3058568602752283
0.6418909531076952
0.7491278608554811
0.1189407373895879
0.6955917617501194
0.6125812490631115
0.05797886951249145
0.43247129171415805
0.35450966376659554
0.46180013638871975
0.5428754977029262
0.6229898126489835
0.5628255662738143
0.5384920651812082
0.4877851930289976
0.5494215951622687
0.4782997642403642
0.3836753528196964
0.688534922244374
0.7857105633044204
0.0891732527280195
0.35553169742441654
0.6145437650154444
0.2696152528140361
0.8916859153727992
0.4651603277354215
0.6670517118158473
0.582442828572458
0.03810880082547741
0.5461954879331323
0.4404735304540196
0.6061747124784166
0.03865410213207258
0.5733752612979975
0.1710045388063161
0.5935055430596864
0.31431922871527
0.300855762365963
0.47087871504465645
0.370122784560429
0.0843044008309612
0.07738176283741036
0.4440158353213952
0.08065450742544289
0.20023012994485104
0.3401898436277337
0.5799281406287703
0.8440943321729014
0.7017758093645124
0.030507906389562255
0.297074274745201
0.7291933314899725
0.5107028121753623
0.6521596786522492
0.763265033385663
0.7391752625797082
0.7179072470176825
0.5167962936221178
0.1718514082172503
0.23595690604460082
0.19801822684337653
0.5587966140231648
0.45650379935673296
0.40151247497212256
0.491744900085029
0.7574882381569447
0.40568557433269564
0.4730933109009263
0.2687471954378185
0.7559595905010135
0.6109618778444751
0.48494268141117175
0.30455566800091777
0.03281931926634325
0.3798145369105474
0.3701055046687499
0.33174898299119865
0.2808837553035253
0.7481054634109893
0.31297589495176303
0.5046210152370396
0.9216528523135308
0.42814544200808763
0.7517265702279532
0.7887290052091125
0.35456380675112775
0.2980377614305159
0.6064699227901551
0.0517830674261655
0.43603691227278984
0.15402855442310162
0.3735902836908782
0.9236681021889873
0.5371437988084286
0.6466307153721629
0.7657297811626338
0.513613534286634
0.5511410179942746
0.8123476639325089
0.5277028380371238
0.4302262755276136
0.9500635335096043
0.42546992147476403
0.7320205551562954
0.5549999753309169
0.9196566154270894
0.16200504531221366
0.43469973138314
0.5133197891279537
0.7136505786081963
0.3886121393788041
0.6395369063679887
0.23316760182674617
0.9526368523615535
0.6288830855360488
0.5543146923337325
0.79736774334062
0.4714093616051535
0.8479846770681563
0.13818711510915113
0.5585744727444478
0.06801585039690766
0.04241433500259932
0.825380879151959
0.5469227482614939
0.6001168210603595
0.5188193023340308
0.5907778082114037
0.3575488281985014
0.8843479883120221
0.5132198338614972
0.4643104058908391
0.5113515526682341
0.38503718278704
0.5184787253135185
0.6433805168970258
0.1967151130126287
0.2685334499548827
0.7627875613335782
0.8669047561386551
0.17128266389609537
0.5856985599339918
0.4140657068518717
0.604373420195214
0.16607915758001884
0.6671459917040155
0.48579606386636276
0.05836903129129843
0.44364812305739265
0.7930518200919386
0.6408320010850668
0.33440029900240326
0.5291618359216173
0.8591995729611684
0.2073047690717565
0.7224393396515879
0.2500800067829372
0.6873288979448396
0.5254920351287001
0.21938360585467237
0.2787665792305191
0.6026112268321292
0.30163394641449603
0.6558365633883887
0.15637391518753332
0.3795175555871131
0.6209303903670975
0.8415442201914576
0.8328195523768118
0.40356366429403745
0.5360720975493458
0.1903197192088317
0.9045143542432384
0.8080144951257913
0.7237187606818097
0.5496927568775699
0.4161198037405724
0.8744004076520154
0.8490599546845801
0.5936323565940186
0.6275543488364362
0.3371564130752691
0.4588041213127029
0.4100771529567409
0.25900008320498086
0.41473011539375
0.8684480001086299
0.8219923943205882
0.931947218217714
0.1685074721330006
0.6469574848394918
0.7201749713497424
0.6472206772327744
0.41431248134595416
0.5408954598907141
0.9298475476746435
0.3353604472113728
0.13214479660777523
0.20921874960233774
0.2361388146655877
0.7394284802795511
0.7904937893154604
0.47399025674296247
0.33153909128119263
0.3503801206570541
0.6038269972586259
0.08183868667320111
0.8667539726565886
0.8843464101837772
0.13327777330859233
0.7479692592688498
0.5780447373963181
0.09116954652324279
0.4408110763620243
0.8891023836751166
0.8768597416318601
0.3240626204155007
0.4717669889192153
0.44013919651318767
0.4125990769574399
0.38684932809003586
0.2952883428050543
0.7259438504741915
0.42532767842798247
0.6757843773890335
0.26738975420561895
0.4607410327543245
0.28605090813783973
0.5777117872828633
0.673273103656538
0.2826483005468941
0.08858272712668278
0.5320976948278425
0.4375707190968346
0.8007226443874657
0.8233443192308971
0.48949063196939535
0.6485826233863895
0.3903842702926954
0.7676660650380732
0.43905482314599825
0.2553971173778621
0.8637748264080168
0.605822820848012
0.8686580786517121
0.5236318356556291
0.8516183618706386
0.375921527371819
0.5326405977504041
0.8027565306830691
0.2947666291742431
0.7742158160023449
0.6700592104787881
0.8450754377118113
0.3132901685149752
0.6156353309101662
0.9237286381774498
0.38798575665715745
0.5362905298907618
0.4412657327483419
0.039151271623041606
0.30466713747341073
0.732777605678957
0.5562716298938148
0.3784448309479533
0.4075687080058918
0.18804253460138415
0.24926278270678456
0.7937828358353333
0.7729628523170654
0.08980333022987633
0.47289530315751244
0.788913341068478
0.11476393772222636
0.509002963979306
0.5913948104007707
0.8521039450792445
0.8344083779518969
0.5583046518766402
0.7140001020648382
0.44387466763040667
0.7300964741751035
0.6777528975649186
0.6699333972574669
0.04164473677932828
0.6625424823374422
0.23430169719701663
0.8372603185260977
0.6059861544540719
0.26309814008051374
0.3467777429360749
0.6542720300171149
0.6269200543540817
0.5381237150628547
0.2686479178871795
0.1304168306496308
0.6466952323763542
0.6185322501114898
0.6434767929300116
0.283690024963674
0.42164289196984567
0.19128940373723408
0.4401125560396389
0.7087211558929768
0.8359566713431403
0.5849367260191619
0.9169411759421167
0.012573812876750932
0.2777763519341478
0.7302437008510236
0.33716532250434866
0.6810388872225476
0.7213955307137007
0.9536435319381178
0.49983789306692733
0.2671194328979085
0.7423460012926671
0.33811505848650436
0.7805392050047106
0.5337208517269931
0.09581586364965768
0.31476186400301603
0.41748130691558377
0.731170749696148
0.3810224851032052
0.4746256299237747
0.3410559349077269
0.44522535707059174
0.20403049624621533
0.40988583845152105
0.6237450029044327
0.41278990480166017
0.2364334059472204
0.1850398721081369
0.37526094485283873
0.4546466172563929
0.7438222449365629
0.5119827152177834
0.4871451995606508
0.560117965545834
0.41946142937523084
0.7721789430445448
0.6089061888141621
0.23477003141870637
0.6389427204813335
0.5233213067412825
0.7747561398738977
0.45210033012461337
0.0601727610304576
0.6841130416087248
0.5077945369984752
0.8732532589156715
0.2525938906688376
0.15296347366001034
0.8597740750234054
0.7686601470521475
0.47636610567457377
0.2962513952173292
0.5196292480293782
0.08693408053928559
0.08490478179878087
0.19441679643417295
0.4319716870288044
0.013758668730166094
0.21810544749583993
0.8410565536367902
0.49641845428238385
0.7454798258607453
0.6530974899166186
0.39413155530392546
0.7321722535852583
0.7209851402582057
0.8571066454428462
0.6751500282041399
0.8888420567479867
0.10779641931999442
0.33334215634690634
0.5575357402330519
0.48411952278790316
0.6236190565210168
0.2924884121597115
0.0024910890731617706
0.7852469511137795
0.6402299231492011
0.6797347756421687
0.5092001286967849
0.41019002987759845
0.8342774235012088
0.8471881619858331
0.7031687408066456
0.3823710913028461
0.8225730114094264
0.28502830709967886
0.20871072190346643
0.31038520908517964
0.04877870863919918
0.36291361640129394
0.9052605781290834
0.8973742775878347
0.7758154123130324
0.8205508962714125
0.14446150129799443
0.03849846157173654
0.34618032820658506
0.7654531207262374
0.3208772625054212
0.25831022211287574
0.6412760353135839
0.7116215053389879
0.4482709678926721
0.6686903584955792
0.09589212172603044
0.09076991041104147
0.08530250733990069
0.24820986385399257
0.3727443463760882
0.2669519289376966
0.8967042319245082
0.5831432086173053
0.5246494771528668
0.7562350276446448
0.9001152916399087
0.7010461381923059
0.2512647824095619
0.5312928779446505
0.04639717062401184
0.679093855649901
0.5735271618772405
0.7341155180672545
0.20468769732168973
0.1899164959133844
0.5203826000517351
0.3976250651564311
0.24893324586604026
0.4466252837576494
0.7038718883999725
0.020586327532387823
0.6424128840336982
0.793898314570626
0.21069570673183163
0.9453356163243322
0.7780062624722052
0.6983722350653833
0.8780767342883129
0.38533002621746154
0.14761804318225294
0.3585898672232734
0.3229267023375484
0.7610913023496484
0.3859708632218537
0.7605504818946776
0.47571007655126685
0.06565500067158861
0.6671459917040155
0.1349942412100082
0.5427515436026938
0.7441721878078613
0.41418705141310813
0.07624110663004229
0.49786303730126036
0.4939585309938743
0.6682301377829638
0.9056608329455423
0.3730371717476791
0.3416383118320748
0.3783996594174985
0.516359790985976
0.07330206086268662
0.4487661025918804
0.7288944075201418
0.8989958823588304
0.33643061480416797
0.5966958040309617
0.46609134264748314
0.49275427273954164
0.1324950573641851
0.22474312576206282
0.657558035515343
0.41869568412995145
0.2944315548196656
0.8763346538391604
0.45095893819865
0.9140131759894634
0.13956507968899232
0.49654286695548566
0.14705055818358054
0.56962183343013
0.25668120556437046
0.40930950058557675
0.5229219512339011
0.5401930403640719
0.003552338916818348
0.36079278061957587
0.39893054352068386
0.6802941390628847
0.8894431711064179
0.9141303535535825
0.6049709663217882
0.7310225771526331
0.4093129872588977
0.1458374063321007
0.5195263983988151
0.1897761237606574
0.80340435731899
0.18393781371954918
0.5539703619526598
0.9180991724606307
0.8950178083186019
0.896843962370651
0.3379769514539505
0.8879383421894236
0.26582854199381245
0.19032213421919827
0.42612679923966557
0.6880995483137731
0.8620845857681638
0.7294418437935518
0.41361473200281446
0.020383903279716873
0.10128023076066757
0.06015061767500276
0.2983071639455687
0.5007680087774933
0.8782157774347433
0.589893420646428
0.25255164071405534
0.22481678638757674
0.5762071033343436
0.8755962243427652
0.28222115281253357
0.06268974743336561
0.747321630743987
0.6188006739196857
0.6117329073263368
0.529379556975788
0.7769087213890945
0.4813764683911297
0.5582218389127567
0.30379796557912964
0.43252523706342905
0.12670718848468637
0.3937083388959717
0.7923039127896394
0.5153637647474398
0.6500679870412794
0.4862318973548894
0.5170195665067921
0.2686479178871795
0.33531758595180056
0.5328976607062534
0.5012166517009526
0.6583125914456213
0.6292315836822895
0.8096391774529337
0.25964304555392564
0.693379630743995
0.2651621572159967
0.803788337272183
0.21643824131330192
0.2930532593653845
0.17606530990500782
0.6591155894385498
0.8432419272575895
0.08548030541327181
0.3478825041309015
0.7165634341083462
0.4452478414480226
0.3773001705180429
0.23646026860949357
0.7008360536364927
0.3623018124141675
0.30068147104363546
0.8965762875297639
0.4360621888640193
0.30620889872540924
0.5685177717535134
0.31592115946088883
0.06343895235697376
0.4648937543139962
0.7781998361934903
0.636921262583135
0.8411847479554273
0.3940134187539589
0.6156036740930225
0.5083373384844188
0.3329002243696965
0.1738203263752859
0.8877570993489329
0.1908305656715872
0.4168486914489237
0.7158323111741792
0.7721681564767616
0.7370899858413801
0.020449736085141598
0.6506299532360482
0.7536356025367988
0.3510808784976117
0.590300350817056
0.8782997674898528
0.22862285622449272
0.5057251911294833
0.42607282537182317
0.6861052986165669
0.004731842471008795
0.37650264182675497
0.7284669901162611
0.1578649511067836
0.728948381277491
0.752083804135599
0.44855980019702224
0.619907632271569
0.7794457705591409
0.6353463380371439
0.9070733206417863
0.33630070933281814
0.2705901738333214
0.041308791363150736
0.6363842406018676
0.7693332922783226
0.29303098193811156
0.2945316142899547
0.5984213223301866
0.7637629168203571
0.13818105297476208
0.03050117853935045
0.007935859039745186
0.36568130454689196
0.2620885363355877
0.5210131267270388
0.6973203764493794
0.06284639980461919
0.6647006148906394
0.1334907711969894
0.5171727724144124
0.739450413163978
0.636242766297131
0.819073681595352
0.601771215296998
0.9018331520533787
0.052385649723952266
0.12879977710528095
0.8220137831801416
0.40422332324917803
0.22703822914422467
0.6909270973226067
0.47585675853696663
0.7938244706120909
0.6792817149597055
0.41741944980201817
0.3384048933784188
0.3952065138429876
0.4938678800924312
0.2552825998825855
0.622770718480776
0.5414477970065239
0.38162774849728953
0.6291793122475524
0.8943693133092491
0.10596986925315591
0.8869283777118026
0.5672631937352827
0.7503856731866816
0.4433724854448858
0.971856921645251
0.6077690191625409
0.47025369916368837
0.013307061965037337
0.4218406587373902
0.5658663650109507
0.30211839922727357
0.7819823084736687
0.7906373418864328
0.7425518198704673
0.5494730883793867
0.354801625717775
0.392607792588897
0.4199860415504375
0.5771065811350294
0.07280370545689577
0.22246185106869115
0.7091099990390911
0.46565766256711566
0.7376162890099234
0.6573987419402545
0.5196215785843168
0.918533997071417
0.24867528437404302
0.6395623725468405
0.8310996443939351
0.22347245483075742
0.8335432406183406
0.5605529131153293
0.8104641025963113
0.758970146906341
0.39908251592201455
0.6081515928201997
0.09831921614900091
0.026184070142769793
0.8556931095286457
0.4744454288387055
0.6166138271685924
0.6164180419729731
0.38875504969554703
0.1847070195172096
0.1561081250585172
0.5020916612476298
0.6666911069290345
0.008499694396835478
0.23458736669968486
0.625790122185127
0.31729340880420204
0.8319717898610176
0.2659461861606333
0.19126649803045762
0.20990314516957867
0.4699053486885533
0.6727289231273915
0.024463571521967892
0.41666300546016855
0.23873233950664
0.4959034143679059
0.014693021734212407
0.06743706708937623
0.7635066654993476
0.8568438984151849
0.722353191867573
0.8817333653397331
0.49163578902786975
0.4038979515580065
0.33520052957431085
0.9142138420714353
0.9395587796042001
0.919544416100627
0.3247022153967224
0.2874982106059532
0.6916580429735962
0.09380694674307186
0.9172133371933308
0.28531484652888955
0.13868382116866904
0.3561846374647773
0.263882377145804
0.7710196699508564
0.5707757439701826
0.6398059317134908
0.8519737607574931
0.15045925023530798
0.831139156928713
0.5382486217035953
0.10878663233122907
0.8455800109545852
0.9374811034483718
0.6721644319585955
0.7459243352514492
0.48598281264219323
0.09219059356917056
0.6140913274052664
0.15132073567509846
0.8958309151108933
0.13323310869672395
0.3317325698156351
0.20479165823389114
0.4404501278213623
0.49098267187421846
0.22386762681248942
0.859424510700064
0.27781962837544383
0.8560508711453364
0.4446844192523276
0.04722903077193187
0.5447816038203935
0.421946717729173
0.6287886356847338
0.2774788416083184
0.30348391372814376
0.020394352926716805
0.6051904815779725
0.4881693716973382
0.3409976788404031
0.5081668008212671
0.2772225633490243
0.44622351746124034
0.21636594016458113
0.040379437345780915
0.3562401404800799
0.31783438819204396
0.43215217788137844
0.8497378376121514
0.45710562020022133
0.5882028577750184
0.6838931866874058
0.651353885076824
0.5799217416943943
0.4070795285465643
0.717596990650973
0.5646938704699869
0.6977789343002713
0.16132583113992854
0.21422265400662244
0.29670340201817375
0.4264253661036364
0.6480139107542066
0.6255167806933739
0.4610914118463157
0.5080068292660068
0.10565559481934268
0.45558885178613656
0.6043009946424069
0.5828672690749823
0.14214091144995003
0.19608648110196156
0.8057676174024786
0.25568544248868025
0.48150068623342485
0.9517689498208304
0.25764439863900523
0.4049202210100971
0.6077818108751869
0.5393034951435746
0.5780168105159077
0.22145001298427797
0.5833990716505235
0.3388795945754408
0.7675259048869065
0.056756452467210075
0.7337742119911401
0.36484149593710546
0.7018330174318452
0.2696250641715272
0.6517047180379042
0.32396637908493464
0.46413371422667293
0.9002153556742837
0.28653066880304257
0.836784598440547
0.7174120460419282
0.461142671214563
0.2643418060985226
0.9242337144999861
0.12347137810735645
0.05700140005047311
0.7112750381420817
0.45852375535856316
0.4771084766551796
0.49735138284070807
0.3887100186321611
0.8496203524444885
0.5175454557907196
0.21542733298364466
0.4999208796318768
0.24253527792100504
0.3171633893640153
0.30930636142418677
0.6925124536112183
0.11377195462137094
0.9479873202447402
0.048889141131532476
0.32265537934229843
0.3958246719611907
0.5045809071984184
0.4155124805513796
0.0750172062283244
0.6547966414195988
0.5045769872916533
0.9318100528486148
0.07219726310044886
0.3034356000936194
0.5975275539750985
0.4008521114988095
0.39563309986822864
0.6737887598881436
0.291980006127367
0.5540276436741862
0.49947679298827713
0.4584524935722026
0.32233289005346616
0.4017240228380963
0.21176044169953234
0.09916557084882631
0.6480038972516549
0.8504516348202652
0.8445728199939968
0.1271918613456291
0.6001417888989553
0.4548182238789112
0.6289067412892806
0.6730154389831307
0.22326166694548502
0.3142626412069365
0.4414779170639308
0.13477401017324064
0.8776688050314096
0.832294541336771
0.6094052342998528
0.7341506802033396
0.6057460982760822
0.3133789272496641
0.36286289318738013
0.8754288227918513
0.36724939350770086
0.2233025600252547
0.7443322731527311
0.4389353366018751
0.13420192183066448
0.622414192031712
0.3473542676456356
0.3831299100883405
0.3691991100400477
0.7465175863265747
0.7427768798779102
0.7419061283190649
0.8136150764525796
0.7144604015100128
0.6627330822187446
0.8780883327577306
0.3327156940279815
0.6191148765132546
0.6304376513516886
0.45774297632616684
0.6417517940216829
0.5997839354888205
0.829251665702693
0.3339378503621834
0.6109802201079341
0.8084864429382344
0.39063027929425226
0.014292884079777421
0.1628100729569532
0.4270733146796974
0.6088449145011516
0.5689303368535193
0.5295142588365204
0.44577407972423727
0.6487570923354373
0.6964393619669657
0.22175405935173895
0.1307994884370846
0.5617388014849396
0.5413399607673757
0.4997127280025072
0.42837509391901724
0.1303667708689579
0.8326357196827568
0.7765910881984125
0.8060266437518787
0.03462040836602797
0.2672253626660525
0.2737311800018768
