0.534425054177853
0.5428345868104384
0.5000489313366222
0.13605687913380973
0.3138942715082851
0.8760916092894353
0.50193311254477
0.40292578188963785
0.4503558539849045
0.7085293210528221
0.8814532451744415
0.48691579772828253
0.4343997428874791
0.26939436152660423
0.147046506248714
0.29631710490678564
0.2310850841743266
0.8255784555565303
0.08701574656697829
0.02812651267576274
0.4381638803960622
0.6724631254032377
0.3072290898986389
0.23174807927493202
0.3572396269460616
0.9006173885056089
0.19623614503152087
0.42830743614906247
0.5757922057820901
0.6286303824486948
0.3026441810357307
0.860984248662167
0.45680153256720424
0.2132703811700726
0.8523678634838028
0.6016714754656536
0.08087621597768543
0.8679214193112207
0.15725212667868924
0.24203138508316785
0.9102858840265404
0.1998593614624619
0.5654156291237551
0.5913218690578772
0.8194264636189359
0.7927504376752279
0.3933760550259313
0.8986118954991077
0.9008303165913167
0.1795433401773685
0.15789201075835982
0.5236583167794795
0.9374421764859954
0.7117652968417127
0.8666547568426478
0.18220585622860533
0.30525581649096023
0.7061408122596714
0.6772559231692704
0.4534816334869702
0.16519009186916206
0.41703855730008244
0.8862545323407471
0.7265659055146967
0.730341274993119
0.23565116768153788
0.3707395190595157
0.8263815683579029
0.42922078147593007
0.22785880276665368
0.30101054014143747
0.5588857455089636
0.03273672787898713
0.48720739619673775
0.9078853454214507
0.5742537241318572
0.4836140568614378
0.9334024645681471
0.7976610835198146
0.49399959866138565
0.9121159649623263
0.551938439243201
0.7102611474188142
0.48380458452227226
0.23857494817659475
0.7259095112505511
0.09135720739191582
0.22317397721967316
0.42144649731682293
0.6996246765727786
0.06937981799679967
0.49738733693033343
0.4845033741236448
0.41904668630152064
0.7792167370304124
0.9084822155952259
0.32212169918618805
0.26157476193693263
0.4083181507627427
0.319416191153421
0.01203276221651092
0.06690121457216444
0.033425176860056305
0.5692264791587129
0.06574156703275348
0.7702806009749817
0.3136494153966395
0.49962225219871575
0.4812275696504407
0.87230805524695
0.7406157203371809
0.7043515931730853
0.571925198892227
0.3352519552656782
0.31811577331445284
0.33113203500714744
0.46998466285933627
0.07868694910109499
0.7254499472939864
0.04287221993297843
0.39011953842217995
0.38416503553093695
0.8928419371466443
0.5704450234769655
0.3548045467226451
0.46269802034226537
0.251237789179725
0.5939557054096524
0.09625221329907246
0.7701040633160654
0.3631013733132529
0.49037935156597645
0.5394110243767635
0.6855704061499317
0.10580576921295479
0.8690177284850613
0.36660104351163664
0.14182391217842297
0.7220900859684906
0.3020182495817633
0.655927292931155
0.7459260206386886
0.8850387284941105
0.44227793508951707
0.2910415274422576
0.8665262661413874
0.6354515642614227
0.37879859233292407
0.15351518852965024
0.6034873019789538
0.773350955985999
0.26704012560268253
0.38637656629661776
0.8633303334939779
0.27771125790868606
0.4405596482151368
0.22831960699828568
0.5098395524089772
0.31761434761373036
0.2319487364709622
0.4141190544940292
0.17380095815105853
0.2801117684255717
0.7780193819993199
0.355172418977717
0.45960707257173544
0.5009468477112556
0.619794861903836
0.03853088991212441
0.5994628020924437
0.48562102974885996
0.5713065695641397
0.6162619178803331
0.3939544957693826
0.8181704132633955
0.4959169798959648
0.6128832465891356
0.3354888600787944
0.6842292193461603
0.9249447993364085
0.2243954178931748
0.4192321032573843
0.4350998817759589
0.6965269692487729
0.37371748297677315
0.7695279186124583
0.4114104071911732
0.7460002599499383
0.8977983913123035
0.30209554781230624
0.525981991748912
0.13872465096822714
0.08135602401599402
0.12025968843501708
0.5351483694580691
0.6189861994838483
0.16755999782154088
0.1578445432769194
0.43976883541961537
0.5336305048913437
0.2293909197932966
0.6183041715745279
0.9057861568683622
0.4332527695843841
0.6358488368995592
0.774366487697197
0.22496990773474151
0.37291473432824923
0.2636456051163318
0.3386927300334397
0.2938207270670271
0.832249705840272
0.6978001374675289
0.29691959735566675
0.9193693860912466
0.4705455730762029
0.30061647837329974
0.1559452277971764
0.3493831474290638
0.8114722012931557
0.8697560461359108
0.609348577619852
0.29787919176067945
0.4739996321549686
0.56693668511989
0.6069165039382524
0.2416125622635451
0.4481437071635534
0.1519508380098795
0.9137145575379434
0.7090631660262077
0.7254910853897656
0.8325654852526104
0.5420627911719094
0.8359424265891109
0.42257893234822896
0.6976193901030193
0.010064992707188102
0.15856404489661707
0.317772734511891
0.6727982249188912
0.5037463100060056
0.6626958482126362
0.14545568843819176
0.005875240867825493
0.8752654136635298
0.6226765281155705
0.11110237731634577
0.5328003710077458
0.6280785080595062
0.46292961695319595
0.8421930830682682
0.09758043346048131
0.5386090974967408
0.16483454819286536
0.7194647892971303
0.3074101523409973
0.08995463124812443
0.65445417844489
0.8428473186190406
0.3337833925740413
0.2937406868485773
0.2620872328700699
0.8532771431756662
0.7494574571747552
0.59266941976472
0.8334166987112811
0.05991151393713853
0.1445102742602429
0.1756305624344515
0.3447959745610797
0.793641630088057
0.42931800208101395
0.4584041947179041
0.09809138326164862
0.8903349517020542
0.2333810438868866
0.4206089484061855
0.33228095703042054
0.558234242909743
0.32612748523184243
0.6554097085583435
0.61209115832393
0.32260916337431655
0.8451008372512541
0.5027097916253092
0.4882630702033967
0.5016284773194144
0.3388608486067558
0.7767243998659372
0.7769611631813309
0.7277151197655374
0.5200034546071859
0.7958848885174844
0.6457844590311347
0.3373381794479596
0.14999738259619538
0.21780030297601466
0.49812707099260933
0.884794773152653
0.8988133800645065
0.6280621308434222
0.7340824523956146
0.5134188769398992
0.8664181794633316
0.17973209520850136
0.3865240446965264
0.25334610698800153
0.7839802900799201
0.06464711335545953
0.0740456612182394
0.4159131012197871
0.20762046724707942
0.2815578358497656
0.41717406109735744
0.3830052568066553
0.5609178911676197
0.22994034328996726
0.6023741813499829
0.6891037948046467
0.22386251007919303
0.5168640167914988
0.33929846269056196
0.6729713546654719
0.18068257161475748
0.9219930242226934
0.14869789744984915
0.20821298537035288
0.47846667273983723
0.24646305213928066
0.11460788239778404
0.6284411280969211
0.8436366121225798
0.4774288748888982
0.3710904352654043
0.5746675744997002
0.47094396487841994
0.6180228111999642
0.7524514281269211
0.23073119435472572
0.554277363594701
0.7499151296495629
0.6223039368152378
0.2629901477305897
0.4044468893397245
0.31107476662564454
0.6089697588340112
0.9092693448237078
0.39252185965267195
0.4044785601117262
0.8352895856110796
0.6597183889704695
0.250772779940738
0.45907094583980596
0.5207726902084159
0.35899188391295606
0.5014663983082392
0.5294173306088851
0.5857833597019622
0.7582339650442376
0.8323876859768079
0.5902593305555683
0.36545914702260485
0.4605027161284779
0.7292314396980585
0.8776883470668776
0.41415006761879825
0.359538070302272
0.7173686193114912
0.680438668288165
0.5843002837767706
0.6271888820009107
0.341391045835575
0.5710875267273464
0.01772639082333774
0.30657402797767874
0.051724728422787754
0.7748248619779463
0.5518118481358922
0.1906596149876149
0.7802065925524007
0.49271241758109097
0.7360250291943843
0.9227457011573954
0.13925692066960854
0.08163157945150526
0.5727230154423909
0.4930072114950319
0.30804360292479366
0.5860710068811531
0.6687364735987914
0.08160682426636492
0.3935898610022427
0.9523177688131923
0.24618212280271068
0.7345767798453665
0.698072096591622
0.9015089072524128
0.19740299629103156
0.447788247168567
0.40145860269712347
0.37673080549446053
0.7439593487779448
0.6320254504760967
0.06265122262904968
0.6165921426180465
0.47170947950797254
0.07132799206706121
0.4469251371917791
0.4285416685527977
0.47754119169373316
0.451641725004666
0.05548964941041063
0.2902909588672402
0.8707220385810511
0.8858807811725046
0.8057365816179325
0.0030608155034693644
0.6369436128626452
0.05118126824950997
0.5585472187538397
0.8393549466142095
0.8503271132355985
0.7395076721314483
0.33555030517028234
0.09456431931821553
0.8617371936410315
0.6948701929283547
0.49541121135004046
0.38527338971502395
0.19070718712170545
0.6461375555142634
0.4795217602012452
0.715063925298385
0.15917660235822306
0.28679987357898373
0.2432265433590023
0.8631991295952982
0.36859044740761626
0.38633094894283354
0.5551358872144234
0.216535253803807
0.35380920077298106
0.3116171970176566
0.13385572697297554
0.8905799132693454
0.14568375960184388
0.23838207045375903
0.7918767056496618
0.6412896513986657
0.9152633694030935
0.7481173320156026
0.5346847924112885
0.6102906975542258
0.8923470886053612
0.04500551704240208
0.49937043100450446
0.3494320261762535
0.7822132126967815
0.4325427766004163
0.036695718933572964
0.3712023177343991
0.6985444434457627
0.2660738277707494
0.8956761910449131
0.5112559165310898
0.3544392706434768
0.10678156633085273
0.4147491395938301
0.6864726684520112
0.7408431580786802
0.4542077500878075
0.7970956650178096
0.648054607693666
0.7826969984984723
0.5323283707909943
0.8235001167532864
0.3042853423918182
0.6954573707422784
0.7104086164186952
0.7242677307183072
0.775787479954846
0.6245289351045578
0.5129155546294083
0.38573718888873376
0.754382864022417
0.579097993544083
0.7749500324886098
0.41906222845711383
0.35280787013593323
0.467645812336856
0.6095965493042274
0.47949816577252025
0.7387968527116288
0.32526293828150743
0.3638725958679032
0.06407867531211003
0.24013523670007814
0.7262369541923266
0.7979555769581878
0.2552711768991769
0.7677887786012917
0.20891150321513322
0.2405377765127299
0.6502891981488642
0.7263374937091671
0.6329612480588542
0.14078449449375266
0.46015938465228456
0.051107871407864706
0.24322448223441145
0.8251442484668569
0.5581899619101443
0.8930593535752889
0.7565170358163691
0.4485537956062446
0.27760854800584966
0.8777511306824723
0.41393163346247464
0.868514780682931
0.5324721123699137
0.7001761428498947
0.24104383671725985
0.5600677629372338
0.7102766588698757
0.6043334794262004
0.3538783286294361
0.24429539460814453
0.8647712869602476
0.6388839897320805
0.8800644541732294
0.2243901318163149
0.5381289185172277
0.27801094714376035
0.7778257086080487
0.22317397721967316
0.6614912231204075
0.42225655331127854
0.3426757203271384
0.15743729375952195
0.5355684679032986
0.8700295288788363
0.2136049101360302
0.6536112689099638
0.22543307231411924
0.002229716652913118
0.4875619411498082
0.14441524471178596
0.41449308061147194
0.7243371545797725
0.03644034415172623
0.4824198250223138
0.6575107006740483
0.5408822168016728
0.5648098007240642
0.2160516247011735
0.22550128411689846
0.2067219064830899
0.40987950677859053
0.6778204755363056
0.099801027909705
0.5464123713124347
0.6584870460448004
0.4366825955509843
0.22125521700825526
0.7313320321364262
0.4557900653899078
0.4370347442639907
0.6324207574095827
0.631609204510745
0.8844108283437847
0.5260001697957388
0.8014110679084099
0.5223229766505834
0.36990108194085475
0.4391866012267733
0.4697383315941743
0.6082696160652087
0.8732033641951821
0.7363537577443171
0.6554244681022368
0.4078366928888504
0.5661259700218199
0.2766510605381974
0.3662667351741664
0.8374799798438081
0.052454021614644034
0.44395858316465636
0.5512122509159453
0.6053177957995152
0.8857463391480526
0.7783515011261574
0.4604458833776819
0.48770991596910784
0.5471393505641697
0.580564347950943
0.6346620384563114
0.3288452659171321
0.669126819372307
0.15894711710571302
0.12879715493469704
0.9040578148979739
0.5113042084370489
0.8536534025438692
0.8846926956406654
0.24202880209903907
0.36109544801340954
0.4950482674218478
0.1459651347132824
0.6565573573747497
0.6060054096112123
0.8969611607559852
0.8642014457406938
0.9347521293107474
0.8740928544595957
0.34080680211406333
0.38568867777365673
0.5415144675126796
0.5679747958399609
0.31994026976990186
0.7269197517258863
0.7069329561163052
0.744506341329657
0.8977942627607404
0.9231184458232817
0.6320832209633361
0.6574828380223263
0.5873273649772088
0.3289225119026894
0.16090358786675465
0.728253779870066
0.8867085283792434
0.7508035671211105
0.5709602961794883
0.3524157989314051
0.3939947064936252
0.31334750204337203
0.3436544744526453
0.7268140234667404
0.8702969099691458
0.7854102219120407
0.3296547142174246
0.5480849220638292
0.07957104574462975
0.7963656038612201
0.19914102306706258
0.09766399335378949
0.2503100306846436
0.24454428636401376
0.596193238522709
0.022974504956133034
0.8374337483154619
0.6053915599605566
0.024955922608725846
0.7199063827034636
0.7838275710523851
0.39307198400703475
0.7084794202236879
0.6973079403152564
0.3421358870843587
0.765157116200433
0.4718535321545594
0.49411750742270594
0.6853489810824023
0.6413200518603321
0.08850156288615348
0.19122402555382614
0.2875161782978636
0.522556256135778
0.5072058398647299
0.6671271260290419
0.5658284620499434
0.16410612433320937
0.11365112176227113
0.7590222588698076
0.21317685647237072
0.9092673079378277
0.6687491479316852
0.7297682580938537
0.09044422439079036
0.6136929834600048
0.18972233709387262
0.2746358573070176
0.5819301935715903
0.661761105003691
0.5744123219788678
0.18406855532757796
0.3948281594477073
0.6675893560804882
0.5389930087747113
0.5827787062888923
0.33337576582517275
0.16123303748832973
0.6051152016222566
0.5140878239915604
0.8510284329910093
0.049960839751137825
0.711520419023049
0.5600159546510746
0.5779128015763586
0.503768684001701
0.7937307767795933
0.33497046005965686
0.4785034818115079
0.34169849254669016
0.5734227576185567
0.49454833720115887
0.9425763422092807
0.7289023474728603
0.8638855122911119
0.7507287568294668
0.7670895252414285
0.4965479889264449
0.23065402527792714
0.14403649561785967
0.7477899302822419
0.31752047731779137
0.263821914756118
0.49062243976594494
0.3299841084102622
0.7124403619877773
0.42402379246291166
0.36010957621249345
0.5260688825749148
0.8120098899801557
0.8386236539858352
0.5175598962214267
0.7982531513536074
0.2099493378527378
0.4507398039644009
0.5774674062526846
0.8002731368812211
0.703292031332767
0.6723717762138794
0.12217824071152161
0.10818511116746916
0.4210280656546851
0.7067790157998642
0.40727207195849535
0.07906609401262633
0.5979841747136146
0.8436515752598956
0.6530996442253433
0.5354437101780134
0.7609496734881903
0.691742548128111
0.16514194637095833
0.07939016391115651
0.21422066321416253
0.15255774181239792
0.5237119144632625
0.5512911551727199
0.836659526280674
0.8570047714944052
0.02006154037630594
0.7740772233021025
0.37557393980678105
0.36389850417304653
0.6570916585449066
0.5790864797976705
0.45492513077154617
0.6424313922846979
0.6159254233390166
0.01657178703353261
0.2976241090650386
0.22551815276176007
0.907866435286351
0.5614980778647687
0.17549412601725398
0.44713507128297486
0.596175528204665
0.6795661467749339
0.5091154642055122
0.3825171256289762
0.29071248144070133
0.2408993732792247
0.40993981486815106
0.47842833289985465
0.21561256515173421
0.8089128175961
0.1907633242952246
0.7955430540778099
0.8759295605328444
0.6339541662302383
0.7751835210490695
0.7505815861638134
0.7447401610954979
0.8739813719771194
0.6116606895432448
0.9266994454143227
0.40810004962590013
0.6772984894092186
0.7127389215585627
0.05805439134570829
0.6258825485064474
0.6407730366057076
0.14458951716107363
0.15357773470017835
0.09241643253300687
0.3933496047727876
0.7456000148011597
0.4687935621456127
0.843069648011327
0.9695569689205423
0.2005063643860977
0.5672695797675937
0.5402181394726951
0.9050794347427095
0.7823861004653225
0.25229569035823746
0.604726229221364
0.17205961705047587
0.4212244689244486
0.5486067041996704
0.8092820786474045
0.13130276491993229
0.5888956999573777
0.7878751641593625
0.6644868788035267
0.3873768898984663
0.3108395340670209
0.8937735288639849
0.3097287466366417
0.199104300422655
0.4658271403330255
0.018666392592521012
0.416054365853888
0.4656783183852672
0.5940828837065572
0.6067022770640783
0.8760793920185276
0.6404296738572073
0.3549951928735033
0.6080792921534607
0.7801669289786649
0.6678652483647366
0.28542163395652437
0.7910934254794192
0.18367532491940397
0.7199106411563431
0.677463493164482
0.04701945619519032
0.15377611391348125
0.5578723577387356
0.48423934512511435
0.7142456571843803
0.5765000042890688
0.2618396848809359
0.32982089133577885
0.1724625480415936
0.06796690036518456
0.48969221139233904
0.9607228002766504
0.9433613436175348
0.30465885446863217
0.3889055667551215
0.7567388786689986
0.7458133554591182
0.41514463627277914
0.8790611563709733
0.12915074512734123
0.5846160849478298
0.8683106719530717
0.8471609451730123
0.38618746409572463
0.5114311571755559
0.6732679482633123
0.9288993334921454
0.41079432107888253
0.05397605107666005
0.30187850658455634
0.5931871439661315
0.1946550749948418
0.9081045650527897
0.3511687131282454
0.18508109515632365
0.11370849257948094
0.46051422068513603
0.12427741416878829
0.7293506190523523
0.6945515529579753
0.7385239931819287
0.022606388239041233
0.3928787475061384
0.6580233097433243
0.669591745057929
0.34149652435291833
0.6329269225872942
0.7855077839219093
0.1396553816310297
0.2751042400305649
0.5934060446097067
0.2349059000033202
0.2729784047989998
0.4755558424967413
0.5987500817160749
0.775519190658919
0.32606808950512517
0.7171031903139389
0.5221404387555765
0.5449578226410556
0.661443904610663
0.19996236994618516
0.004212887113758521
0.7582817741672042
0.4352540774925334
0.560296142610418
0.7927795653325803
0.7727080662631102
0.8235605169831475
0.709728526588292
0.6505726728176122
0.9396573042033375
0.4452225254551068
0.5621038064884878
0.7892311656928409
0.4871729714565936
0.6325745719082185
0.38385232203901765
0.4605413469156938
0.6259613380892375
0.6576767904262844
0.38284481583916324
0.552116535938953
0.675195169638576
0.42664838030837354
0.8329794061383178
0.3859583396257432
0.5135707399757641
0.2618316526272877
0.07004185332415944
0.12628038305861589
0.12371146201754117
0.19091050064142587
0.28652716363005376
0.8122233141439136
0.32576700296057043
0.36215218963164597
0.6048037574440871
0.3218121389862964
0.6573887299478206
0.6392108662126259
0.36721672652180315
0.4690178285353646
0.6609089258037385
0.9144100333560704
0.48948049520562914
0.45169980422882533
0.7536573721763664
0.8201120176601815
0.5515981362567388
0.645298694355786
0.3702529208258319
0.7946597522928283
0.6752810993744853
0.09359795658932618
0.14959137924745647
0.1940473487837327
0.8795383621069424
0.7662105466294521
0.7251978433503754
0.5030383840680998
0.16194519687047848
0.6958891484132897
0.3909087335518011
0.5621635459770828
0.0762421937343388
0.8647099857682372
0.4898801484657298
0.7430966489465447
0.7417240611291644
0.21656650238898295
0.4520479479540762
0.6786734784164481
0.29361570026591793
0.7334138702859443
0.7412284484762239
0.17343376142826689
0.31160795241802325
0.4928141943595951
0.8855976090860771
0.21276124406918814
0.33375711544546277
0.06635228980350188
0.33946714653892246
0.5976111885734628
0.032086461148260026
0.48999660775280185
0.5231239440875113
0.8139603768275925
0.34697816488352273
0.46048185597311503
0.7291615390449759
0.9056770286768882
0.7122908387012943
0.6361317832968589
0.24155871324614794
0.6028953634784111
0.8104739989723033
0.7193160572356297
0.3807429446182138
0.5821135465397581
0.449666842392908
0.3603052780360445
0.6469154619528719
0.6866344624968411
0.2520009618870611
0.15294069498265941
0.7962940380684995
0.3463605337424232
0.5018582114344637
0.756849502972996
0.43138592945638166
0.4429678962341488
0.6772914556606101
0.8072376329842843
0.6062812234388756
0.778054482561082
0.8207080749929218
0.36551814226971946
0.8888419732482828
0.08806663464777541
0.3491969874832059
0.7290014643459545
0.3338036499634758
0.7349566865080079
0.08062541543660051
0.5088535382630412
0.3913309409818474
0.30289404473130466
0.7738921716484155
0.6617600497477399
0.5908108544371682
0.14776239552364442
0.4550668092156654
0.8454797117219632
0.1730899772126602
0.41475307784866733
0.46171244690971874
0.3378384162433635
0.49430880913706565
0.359498013852603
0.5955160925390236
0.7959161463929427
0.45613284488684075
0.25137571544157844
0.4542663746470309
0.22777374543134316
0.10537741546400958
0.5043535093774534
0.5520741666367487
0.1610160793970553
0.1234827568784058
0.32238631724127864
0.7279255582532003
0.8565703547905869
0.8241359572279705
0.36884864540681545
0.10227467002877666
0.7116066495980132
0.40363570528978626
0.8589701254552048
0.09570933575014494
0.440253115552431
0.5179081569730906
0.706491091575578
0.8499756008799663
0.6661165628893502
0.1805590541908627
0.03135502875887359
0.7797790403504601
0.3344256367279791
0.8138411776282266
0.15348389454024305
0.4811676722877072
0.4810635014558625
0.530215655398405
0.45257004840758336
0.5498087503854728
0.8295566181751386
0.5390924224565973
0.5485059776213961
0.14291316880445423
0.42498836891352676
0.6859735685918478
0.9099999578968353
0.26041859991958616
0.519895997102058
0.733820201246427
0.4274986162651571
0.44967300406664173
0.643507083322285
0.9316025372556925
0.5617489817030353
0.6387230700402334
0.028608200109903
0.8127854237388032
0.9231040784148398
0.5192760103254482
0.7283008941286881
0.3601045363772389
0.3874151253809451
0.37235494693494425
0.013993988411471656
0.5462089654777752
0.48028835883348886
0.7644445536127896
0.3935572414271475
0.7305452822841452
0.5046148434222315
0.27659621954821445
0.7680793193608334
0.3551525206827816
0.6536898058704059
0.4591505136105771
0.4665085134373712
0.6259408721556506
0.24123404141536406
0.08079606635708782
0.512460388006697
0.30204638907032816
0.5233182542547922
0.7428881880081328
0.7389469403591638
0.6193855377492689
0.9157800048477918
0.09773274342509548
0.15477106900770715
0.8484415496382622
0.39063877711025713
0.4964666864412961
0.35383710110106736
0.059555053332232065
0.4486002973966697
0.06295401152236382
0.26649962205089267
0.2558801632756965
0.6201351309118504
0.161517962310776
0.7453674969848809
0.5065955582867406
0.6801248398495381
0.6036111125232834
0.45101808017532263
0.698508779529474
0.8461786899070523
0.8247355066698974
0.24943929083665223
0.5674352869314335
0.054999314682980555
0.23544060281386506
0.41158623886432827
0.20051647682548648
0.8366499508592772
0.3284212761279411
0.618941246465013
0.35658565474941945
0.8863645794387727
0.4250068786791949
0.5574543077420249
0.7732795216673918
0.06601447377929905
0.15106196711801556
0.5134174371976862
0.8655624625571814
0.5870110225523825
0.3066356407583804
0.48619443371925997
0.12806990781408384
0.1893798554778076
0.7530340128973441
0.3650846246081707
0.5456045507218752
0.41432692020429146
0.16257635683365748
0.4469699716528687
0.7373469592815707
0.39863958059005083
0.5552585599204106
0.5705086004962898
0.3248327544659318
0.8699943000818199
0.48637752947860957
0.7210266331851665
0.18292551984500652
0.16798656653521224
0.3394289932818098
0.2048810040742995
0.8793783934643804
0.398842796078937
0.6010580695158332
0.5172376831597435
0.062670687260189
0.5352172590283459
0.07247012629771533
0.6160632348585788
0.4751175039012724
0.8982960151291798
0.7049062899642383
0.9454269452523948
0.919552717606798
0.6005725316444426
0.8616222907459418
0.5962395284785217
0.6939389119168546
0.7059469094571728
0.7405923949646025
0.4367796633592942
0.5907433268637464
0.6054144024850437
0.0541467051975887
0.31203442355977534
0.39272552886406836
0.2794361941615029
0.6484092752930228
0.9411348355020956
0.329206069980939
0.9045046906595622
0.28085824461423475
0.30472211230800156
0.34240048171629633
0.6380532491336668
0.7311578378369791
0.6964140329339489
0.8298702961864391
0.9159171395113691
0.22511564554745914
0.21106831630848427
0.5173668739360082
0.6202374273971357
0.4745794351633785
0.08595927220812745
0.17429283428135142
0.7411088400742383
0.7092978610774657
0.6062859432352992
0.6938970643921042
0.4698389868094118
0.24412619303102628
0.7068360070140485
0.8313084733004517
0.5809993022696303
0.5773630848815001
0.6187646685181006
0.06296325445971988
0.1659532749816246
0.6206075076537574
0.5399310609800214
0.8262676582981677
0.7898240895891812
0.5466558582380792
0.33749802278188046
0.6846808743993518
0.707392533226102
0.4803484965997488
0.5768029694461353
0.35115035474792367
0.7284777776701327
0.3882751809695012
0.6574531605073975
0.6132701145515127
0.32719118603482406
0.002064267587059309
0.01689772815487397
0.567368779266904
0.017798147825676736
0.7849445636490274
0.681865272228189
0.8196972177159326
0.16363690928906438
0.5883905442421085
0.8011555251014373
0.09798302797946919
0.3506221270959961
0.28373461018432916
0.33151837119359595
0.39451047019841695
0.765158345878542
0.4650168397066989
0.824224360698302
0.4734389217626301
0.37050873175075116
0.1784008224399306
0.5186706844487599
0.4652780680084632
0.18172638789205578
0.5029507444888076
0.725303645202086
0.020648735118003973
0.595533346684835
0.5809967452964049
0.41224683362394254
0.41828660675262636
0.42681758183813795
0.4549586737233833
0.4419162656446362
0.23219101522342891
0.4214427421302541
0.2776522737337505
0.1572820305195377
0.33778264756962106
0.4716273634000788
0.8061873714931103
0.5616371274521672
0.7727273045640259
0.10387963591919416
0.5355957951588184
0.5632039663370462
0.8773423808417217
0.8191194505025358
0.30971114547027184
0.2562450321906268
0.15249324640889675
0.301749429941072
0.3147962158466414
0.08171285057706365
0.30885402780042204
0.5561314487414779
0.4988134776650756
0.6158316747493228
0.4450417558642278
0.6386768019109997
0.8124354059598403
0.36541542076900657
0.7955926592553828
0.5106445184787282
0.051991564992922824
0.407093782987719
0.11152868249593366
0.4003643852843184
0.5322132512419611
0.7754246421262189
0.5397399635365154
0.6000529381784238
0.27386168761047425
0.2013477340623545
0.6788181298823577
0.8304842672240285
0.5122262653786345
0.8324999625567213
0.9410628053247901
0.05501556999069038
0.06815683809764166
0.3032112705903904
0.633449680290112
0.2438289140380429
0.4299473114028275
0.613984155561297
0.5673290701137232
0.08246146885318018
0.6403070468533923
0.6298755669149902
0.5639769679724898
0.14736062734791433
0.12674110926169407
0.8113871049574217
0.21127227784918196
0.3477081414731661
0.10587150485983425
0.17453582792312242
0.546107951581846
0.7022871885659224
0.7213129536049683
0.9367452745276653
0.554034188356802
0.6656244860535735
0.49943449637529064
0.5685963445001788
0.7672447126213469
0.4442838708317527
0.4975918288906243
0.9069865082279008
0.7788503883538084
0.305747231131546
0.7283655020926144
0.654382751534072
0.5216831755705014
0.8018507985339705
0.2856606356354257
0.5394489410858537
0.7328008591728933
0.27420027412924386
0.8753265503302802
0.778547455467974
0.6219321725531403
0.8163771510576893
0.6929954623346061
0.7987515200045252
0.10826955855001895
0.34584337804755283
0.7954547216785567
0.36086960465915463
0.11478040239616531
0.3193593297365897
0.06393629134125703
0.03816590662595685
0.5181985140249835
0.2972994825227075
0.43968553144823386
0.8883795084003931
0.5442903118841638
0.9020533794814238
0.48807392593509585
0.31438405465050595
0.31863197328164383
0.429093990063401
0.08046140754578211
0.18194627189183332
0.15534667755925802
0.3091620754638397
0.2380385573962989
0.061461263088880724
0.25141332379903736
0.17521750007753453
0.8006548083265262
0.31759416725290607
0.12006144470358124
0.29677898227808613
0.6931398262407067
0.6432585629959935
0.7978880865450569
0.29906417227320725
0.844010088422469
0.018638644645213684
0.4029255502630673
0.6070480127000994
0.42971309673684444
0.038242157711411644
0.04540417494925078
0.2441159784330704
0.4499576616143771
0.12030421573086925
0.38750154616174115
0.7772727467248675
0.6801515680118583
0.2912685418041526
0.8884093136277178
0.7341400717091927
0.34383057069282025
0.7487030658102424
0.585825423368096
0.7512558178995513
0.22965963372172626
0.589250815337932
0.771042013427136
0.5685333417230455
0.832561594926525
0.805481129977205
0.20657583560537637
0.7976537816337649
0.5050614879286408
0.30886603697444553
0.1375398372363696
0.8679053667681808
0.4785034818115079
0.49519380283135517
0.5933242010551288
0.3387594798151151
0.2659807902506439
0.9047961240715566
0.22209238590534847
0.6288981852678539
0.3168946906938307
0.6478804848192262
0.7329499630886189
0.8526499258133745
0.03166244974359337
0.07714926493578741
0.22932513831980023
0.19270206640259774
0.4878919262875119
0.30566829420787966
0.4516098697366113
0.5817210538630702
0.10924438585077195
0.5915511980048443
0.7644052068932481
0.5108744606120849
0.4805220421909622
0.003015742353186982
0.5152228553875472
0.8447207729529098
0.5684305184286078
0.4396960680016194
0.7053682898354681
0.825338701741788
0.11876965982358974
0.7008882069348905
0.3453063735196002
0.5816038579159675
0.8010102253481474
0.6917920220783396
0.07212134364160272
0.07560263411035734
0.5104545445980596
0.678194133002493
0.7449412862248785
0.3274370753683238
0.6809279968149051
0.38377006347270454
0.7687328060840842
0.24395198867768292
0.5660919625003933
0.1274935165514022
0.31960791027020785
0.547019982973547
0.5048882473318883
0.1366303842456932
0.7458269098587024
0.7138708821676159
0.06607883467586256
0.740406225390446
0.7133553648157177
0.28293744521125574
0.4702541963274117
0.25929294402429387
0.7763413439097628
0.5553376719745425
0.10673996547277685
0.1784369606678344
0.5903171124602344
0.6457700817586444
0.81313663740783
0.3937649738037526
0.4707699202715167
0.24585401326597797
0.21488796605037527
0.7423583732405133
0.4976851869445763
0.690212911109388
0.165385860990405
0.31993938558300333
0.7991375055955818
0.6680522486123633
0.4918420675329121
0.4823940835653347
0.7333928891130055
0.8014978109655911
0.5286422520402219
0.7961320624136208
0.6639599506077842
0.23705188582706976
0.07116187703196615
0.47787895654534857
0.03103622116295596
0.5517253314791665
0.5206061854040156
0.2709203881159568
0.46395257356356956
0.40439188125145276
0.8488301682090961
0.8066951817069796
0.30353417902145063
0.6404583717982928
0.7511758894476073
0.12327412179774147
0.6986757729229889
0.6111504931319194
0.05499823623347036
0.419556294909328
0.35604612006025693
0.473935132338846
0.5535012919034886
0.6189167661399232
0.5689612089565392
0.5250384031043597
0.49712303262357954
0.5649358868040065
0.4772031837936334
0.38443570445277914
0.6684436010823718
0.7744414702513877
0.09510574866252526
0.3527439408404537
0.6028220209835657
0.2716779020490923
0.8946017838338337
0.4478106527304637
0.6676561741582439
0.5778246190780949
0.03932531460833843
0.5458910775403262
0.45226387432551246
0.5987050282136802
0.0392309417121902
0.5753378175941242
0.1716578520052244
0.6183821520992553
0.31534582737003714
0.2982782926391972
0.4693560038761914
0.38135664157246785
0.08785995616766591
0.08336527327493044
0.43812276730317606
0.07808795796811256
0.1922188726857793
0.3294223773311316
0.577110791282071
0.8440757232732441
0.6931217369252586
0.030072991644966397
0.30284946121961615
0.7469255081194335
0.493845110597988
0.6593048953985626
0.7674400332472908
0.7334947947016829
0.722151602439604
0.523582244261932
0.17488702211334795
0.2301880204514192
0.1985999826526867
0.5419102123085132
0.4546195360473227
0.4067653342875403
0.49216564230417825
0.754902911356223
0.41678529021269595
0.4515615665449747
0.25380692511586833
0.7745473220679617
0.6194866620175633
0.4906345984986552
0.2946555621273089
0.03309893509993819
0.38159257418179704
0.3753322697226077
0.3286454574314655
0.3072223811225909
0.7496454134840078
0.3134224306264695
0.5126928890486596
0.9232847851763915
0.42253807703913754
0.7380138177802401
0.783576835388073
0.3415131795076993
0.30153608503994345
0.6177886471483123
0.05082469999570157
0.43853434705850425
0.15338208590682043
0.38075070757180574
0.9211403306955078
0.5272456359636405
0.6498123936886276
0.7649183024048954
0.5121059434724516
0.571586683491891
0.8077203050986317
0.5306813913792441
0.44653455251560314
0.9476648328924543
0.41593085135452473
0.7309117637683097
0.5546897525889508
0.9214953577662905
0.16318619988575547
0.43420237732103906
0.5119747617090858
0.7218538843241306
0.39918154192068
0.6412896513986657
0.2389960079239278
0.9500102745493465
0.6260208500593581
0.5661308951422469
0.7869822102441816
0.4576783529116958
0.8584960281738245
0.1391118066742623
0.5591261570562567
0.07906699858243671
0.038758298124917066
0.8373775808315957
0.5512401151755418
0.5893895934283033
0.5170108368416466
0.5915198949290682
0.3580105170560354
0.8892350015886488
0.5112997723171759
0.46264373640909723
0.5167405527490522
0.3873768898984663
0.507448584599414
0.6455692700980002
0.18614956658873638
0.26040557827002275
0.7643173836939002
0.8617008172623294
0.17098081625668077
0.5714004780977849
0.4292989481060604
0.6036705409174933
0.1598996591237815
0.6803460271429412
0.4996217226948753
0.06023172665440414
0.443239503757981
0.7986894446948548
0.6482862790849122
0.3253462067073864
0.5321596861832386
0.8575351176081522
0.21262391502811176
0.732490700658166
0.2658906503471753
0.6921434212327866
0.5366388244070885
0.22371405885095913
0.28388914341870736
0.6199890810437348
0.30019106806163437
0.654472703408986
0.15569429689281478
0.3840416647013801
0.6230323023335848
0.8429510999392378
0.8346565177554041
0.41616800649563707
0.5358923822102432
0.18902341883948162
0.9066289047521885
0.8086803010951055
0.7250168439995814
0.5554008056929924
0.4132992051469278
0.8628119508803143
0.8400302398145634
0.6130809552578418
0.6411272366187039
0.31833532688372995
0.44664411786213476
0.4066399337443605
0.2684532461192597
0.41304558422057763
0.8623017302899239
0.8080953784396232
0.9327231493740478
0.16820463453207116
0.6432919468808409
0.7098521817956814
0.6517633541987148
0.4141024295196491
0.5525819163809552
0.9249865834482394
0.3234867493176538
0.12342555378400145
0.21460674560088042
0.24200315641700837
0.7479933598620692
0.7794814749745496
0.4756503488453266
0.3284031195417773
0.3539015117825395
0.5824095581513372
0.07771286510630446
0.8636867225677176
0.8931476060170058
0.13224861924811132
0.7471756921605335
0.5789856101946742
0.09047292615599435
0.4443943076931474
0.8775217335666871
0.8757219397677286
0.3284233993689403
0.4725359389331947
0.44598032657738557
0.4223354040593812
0.3886826265971937
0.2805617796470088
0.7261841205397069
0.4254252813923129
0.6775210310973869
0.28373461018432916
0.45856303258590503
0.2932413731978603
0.5801414789008956
0.6681027216381443
0.2775421150362903
0.08828667956350578
0.547615076718792
0.42156481314401384
0.8115895266021972
0.8076932935236
0.4912618854776372
0.6522964486575236
0.3935041008390136
0.7458842245560569
0.4403373407344674
0.2454311506285445
0.8748413071483153
0.609420080809504
0.8730356730121147
0.5172258314170308
0.8567505124640162
0.3797730750747349
0.5311453365249788
0.7928741356887555
0.28662718012178623
0.7776538184480081
0.6713010161391564
0.8517957006090617
0.31847220516079877
0.6191903277250985
0.9245260963773202
0.41070657322329934
0.5347341613173878
0.4403722673466507
0.03759441257233192
0.2715353652910494
0.7433255211188619
0.5608575799234429
0.3674814228593917
0.4024519050327798
0.1805438594434898
0.23874354747197749
0.7917217205513716
0.7688398193856073
0.09276454431099129
0.46668476620603727
0.7822263950744729
0.1137762403807432
0.521234722277557
0.5780908532607979
0.8351348252902204
0.8387314650170948
0.5443488713524907
0.7123051203881888
0.4358397145329064
0.725330849591933
0.669000235882002
0.6599109914839701
0.038282035605787426
0.6591040131481516
0.24006647821578064
0.8424335989818009
0.6027769899369971
0.26507676784865924
0.3466372025187208
0.6440737233838387
0.6303534798267942
0.5402971199668196
0.2760387379052198
0.12696599064904066
0.6421244110041967
0.6152168063920899
0.6438298865193337
0.28315454818929475
0.390599736767612
0.1887075625196971
0.44566691474842435
0.6937095883245727
0.8412273432792958
0.5672896544478705
0.9131076912658421
0.012883529656613442
0.2740983522941394
0.7289408575495067
0.34090722669846557
0.6815773566528194
0.7210157030923035
0.9569473940878667
0.507184028113985
0.2581962861670694
0.7434297423419299
0.3422999366412127
0.7724320223902719
0.5303184897006508
0.10048421489472147
0.29772153854398126
0.41613914305370714
0.7215642072823227
0.3832882508819988
0.4670464523339039
0.3484549869829627
0.44242437591131806
0.19589616176624997
0.41580109217941913
0.6148348046944974
0.42046667608879856
0.23738685972154316
0.17285608351595777
0.3609193238271865
0.45839408312538554
0.7630934608081322
0.5253765254624492
0.4666665504609803
0.5644375351586531
0.4203621999805696
0.7740820378655414
0.6137694619706675
0.22942508075915038
0.6462454166785829
0.5359805745357175
0.7771246025660937
0.4489257185612353
0.06657747823589445
0.6819376697919359
0.5075061158915132
0.8813055111916217
0.2540930171704052
0.14759447426068564
0.861966475781867
0.7635908702336401
0.4871485225228425
0.2912587480826598
0.4897982515032884
0.08700640993009291
0.09104610963793022
0.18878805539503613
0.43610244324282965
0.014952522533706119
0.2240553322547735
0.8536997147612874
0.5059427147608616
0.7540853523900575
0.6514766373824172
0.4051293063515023
0.7354582397100237
0.716046761752967
0.858687216053647
0.681460874634366
0.887674422621054
0.11185963755590497
0.3274487699443116
0.5653219527821594
0.48526301109041053
0.6202568472609543
0.2834019756962192
0.002263340898507791
0.7904215742979805
0.648886127949289
0.6656106130814139
0.49299635974057837
0.43452632266920077
0.832703363864398
0.8459160393038221
0.7118919028152494
0.3715934788603686
0.8190742313945113
0.2874678815477676
0.2078594153107573
0.30537621488524225
0.049648893731825204
0.3388754130036041
0.9020481177511797
0.8986473487363879
0.7887226091166449
0.8143323026740589
0.14231073406188804
0.03992466521869996
0.3406732747662815
0.772305769583872
0.30767649777287837
0.26203651926395993
0.6306738465316039
0.7213180584425178
0.43944507791670256
0.6687064783592359
0.09339950969933807
0.09110397202106989
0.10266573783486288
0.25206464036123566
0.37906209717933137
0.2774937477824785
0.8982299425595528
0.5811594833500365
0.5308407628864111
0.7513423296582659
0.8933941701305038
0.7101839159367499
0.25548240296123714
0.5402767145966488
0.049797994418314374
0.6822435181749419
0.571006288508668
0.7246528207255016
0.20226191936350255
0.1943415231714622
0.5171853605087289
0.3972073427674864
0.2468978499688384
0.44007961037752785
0.7086932408852785
0.021345086516619923
0.63444784367876
0.7887963976886692
0.21170350374087854
0.9443839828896998
0.787310086524469
0.6998533171869951
0.8683496714179235
0.387568075916237
0.14109666132897217
0.3455753499049509
0.31087708786274515
0.7597337770150727
0.3889467214178491
0.7605881993692891
0.46862435759164445
0.06695334004360602
0.6803460271429412
0.13774091659021057
0.5365549474673355
0.7340891313236743
0.4129967911841893
0.07527823056497218
0.49966951345241395
0.48149868332810936
0.6640366250175911
0.9052732064184561
0.3826633027167721
0.3422966203280254
0.3800801869683063
0.5273704707633712
0.07327475487372155
0.45723237568977765
0.7184960143178991
0.8948026704671576
0.33757992556453637
0.5897658866485488
0.46622456979903654
0.4916848681818486
0.1333238917188392
0.22200688790361012
0.653032112018068
0.4135716601304029
0.3003138812401811
0.8701828996842228
0.4485987182447698
0.9219131927646055
0.14205690680334093
0.5060944721725079
0.14420590687933305
0.5645801378012298
0.27237479586582847
0.40018036228206394
0.5252154478721784
0.5564270858158892
0.0019990049098851477
0.3606509775732763
0.4090155444437519
0.6878759629737637
0.8905441809095472
0.9089568504678853
0.5851284100943255
0.7279621146162517
0.4103811213153044
0.1493962227960961
0.5331389013574548
0.19269276319757303
0.7987919518528777
0.18481266665329116
0.5613162446236784
0.9220116829246872
0.8894398500178281
0.9022454179908943
0.3283876777257109
0.8942988151697876
0.26606394085924956
0.19468104212626472
0.42956824769202084
0.7003432255637543
0.8606926214727103
0.7286386372607526
0.40977632404279213
0.02133815884502211
0.09539771999927615
0.05946113015765666
0.29775465670215306
0.4958771831457492
0.8860640538796969
0.5982122566221266
0.24473212260338162
0.22406312206183318
0.5931850892673916
0.8744027362632826
0.2922448394170038
0.05658262090469573
0.7545051126352929
0.589300640524825
0.6163122590412433
0.5366725357452173
0.7700333690088638
0.4850768334447846
0.5611753909675903
0.3019432406826741
0.4277911015307485
0.12401061357741289
0.4002366683078919
0.7942471320087934
0.51739203834798
0.6616864997353623
0.4817060947266714
0.5052528760190081
0.2760387379052198
0.34450325460473624
0.5286393544745417
0.5178410563819315
0.6626595928330759
0.6062037203472899
0.8041999196536985
0.2472705715704799
0.6916889218483468
0.2636800413395526
0.8066093888394735
0.22082081567817266
0.29408879706705426
0.1705704595987431
0.6933345671050336
0.8405704539624165
0.08666837448563362
0.3424053732814526
0.7024533803887348
0.4418048177089117
0.3901888385880418
0.22833271037100145
0.6956215183798282
0.3691695517656689
0.31186697568984273
0.9017897546179858
0.4488410977215809
0.316760208751856
0.5647983029085472
0.3082296888114248
0.06175391641362107
0.46332113699949334
0.7792327985090614
0.6401910653609346
0.847498634984045
0.3953931711858013
0.5967726248146373
0.504137777433913
0.34237523961098565
0.16686989396384072
0.8855495260276175
0.1892062643433829
0.4140507288875978
0.6956544824452142
0.7803488674613994
0.7371437585035725
0.017482775944621554
0.6476774691961256
0.7476566678585109
0.3572086086809658
0.588675300954629
0.8697040202873887
0.23192023711225085
0.5182662792211856
0.4292282409989911
0.6867088927433505
0.005469695265652219
0.3773025530630676
0.7227629709535305
0.152498348441003
0.7312565712694774
0.7654900812937767
0.44607127043747374
0.5977342004308122
0.783308464668515
0.6317278296931305
0.9073899368511231
0.3440432647942975
0.2649851791516018
0.04508105832203286
0.6307363567364946
0.746755676034017
0.2926569537408533
0.29469506796302064
0.60445771285756
0.7771230375393698
0.13303201868327919
0.03064830297056828
0.008203474123934573
0.36688953435932575
0.2779948868944355
0.5217210838597676
0.693917879266604
0.06472842145270312
0.6676651389782647
0.13707067118665006
0.5179951087420891
0.7496868314516528
0.6359910100884434
0.8221371635337424
0.6172849360635874
0.8973459360728581
0.052454021614644034
0.12051364524467069
0.8145071536726881
0.4038933160112439
0.21979875148729475
0.6859756684783208
0.4740531398127192
0.7770752758229184
0.6717970905806185
0.403565477550947
0.3360789511354442
0.39311184513935193
0.5016805833178499
0.25433855684577245
0.6231111445816339
0.5283424505129193
0.36681721669961953
0.6365561270478031
0.8954138902793518
0.10486742881246576
0.8908671827922616
0.5620177125625316
0.753760263916964
0.44103565383463905
0.9737283086605774
0.6055627991775723
0.469877819667431
0.013440019226457687
0.4157864611421552
0.5628753615129886
0.2871871421770906
0.7814452004307928
0.7890840737801731
0.7365458159901056
0.5369863030791396
0.35722399266638616
0.38963671130735944
0.41568371510393054
0.5696510652226181
0.07212134364160272
0.216918080360112
0.6878015920222807
0.46737930502889463
0.7406278600399923
0.6655135166486866
0.5115336746563859
0.9256764695830249
0.25115772357099764
0.6344005068119999
0.825476953343644
0.23085341145972327
0.8311507578118567
0.5578095866880288
0.8117833362783705
0.755792111792491
0.39695599370648843
0.607669699005346
0.09772015748845354
0.026992028253511758
0.8589769749374968
0.4720280174050631
0.6213583073215764
0.6301576624500159
0.3868150374474189
0.18175049370527163
0.16480312127258306
0.4965177213101003
0.6757867609626957
0.006806097784134251
0.23265876858568924
0.6293745562521775
0.3024176210566221
0.8175224217455083
0.2632121784419344
0.1952708493889213
0.22231601951561483
0.46559264389313476
0.6738092351067206
0.02317492593399171
0.4169782605510724
0.23559993859464118
0.49162647072686005
0.019845244996749927
0.06826029900900973
0.7542539132212586
0.8558191137529132
0.7206472040559009
0.8735844426442622
0.4747083610110834
0.3995626224550148
0.3359176922566008
0.9170494896803992
0.9336683839262429
0.9231893255102868
0.3344966151213021
0.2790620938296278
0.694220699753037
0.09352174731536411
0.9194070119749601
0.28899424523068196
0.13478476372491682
0.35746897072199935
0.263345585834257
0.7748363960204278
0.5678755465809779
0.6303870132416255
0.8540658483263575
0.14338491149434626
0.8289864178905751
0.5388300010411275
0.1129231672522312
0.8341164920086629
0.9385308512355253
0.6652783790720526
0.7442064135560281
0.4869696658913543
0.08905528031841381
0.6036450751595722
0.14981690142056728
0.8950453080447108
0.13631389111410327
0.34240020323777476
0.20328454919328123
0.4431974254655009
0.49595130600738513
0.223045843220864
0.8406596071816426
0.2828086020225574
0.8632730573781214
0.44446972410257174
0.0469665454730678
0.5444306977573132
0.42034711009004433
0.630879352737437
0.28927761960502024
0.2943523360980694
0.020017633811411445
0.603339613264007
0.4775578053613387
0.33972899625854497
0.5128151377863613
0.2791008949468329
0.433595111082593
0.21759943889370664
0.028583786200603256
0.35434569635994584
0.32773856362573184
0.4375743704369192
0.8546867116485601
0.46094729803157214
0.5850517268172869
0.7075120586855441
0.6536865584508417
0.5943669109071812
0.3998259223064543
0.7089970579005695
0.5621696653950697
0.6967654532826218
0.16299640346102873
0.2153636000234586
0.29605775660152595
0.43292687003876085
0.6559732337832175
0.6263436086071215
0.45765001096782076
0.504298581625096
0.10971021176320385
0.44231555992940547
0.5843649822462236
0.5692265362964897
0.14403466015219
0.19292654174175278
0.801996810345985
0.2546768907318069
0.4718973125569331
0.9486133375697895
0.24853086690239715
0.4079001128898328
0.6092043333856069
0.548364186989976
0.5922223060483562
0.225184242799401
0.5761139645257581
0.3525122130611103
0.7649501008433454
0.055765066359025825
0.7179243942564322
0.3666469405944256
0.6936809071871494
0.2738423782877542
0.6562517262360642
0.32590346944076964
0.46641301203321994
0.8982344172943146
0.2976601553144464
0.83479832595831
0.7255662068305858
0.46640859741346935
0.26205042021866576
0.9248804389159352
0.12407469092823568
0.056426349654230414
0.7091279058568515
0.45224896444836155
0.48389101838047277
0.5015151414818885
0.38368304343465065
0.8513794142589634
0.5109257753234032
0.22949437831244723
0.48995831797626144
0.24725969586855384
0.3210260732074546
0.3092896815808437
0.6827478177096314
0.11508937954136221
0.9478675864865411
0.0487250321293862
0.3220449183031361
0.4039170847099453
0.5151311789929119
0.4246195448344513
0.07591255855909163
0.6397354867705896
0.5022660647152016
0.9276662492692842
0.07325039285934305
0.2921853427617406
0.5958093864701315
0.4078933949483463
0.39396607604995376
0.672422660108637
0.3189166448217972
0.548477219458818
0.5002685695502841
0.47169147166076
0.33090856894672926
0.39843292222520416
0.1987320039946982
0.09962390058631224
0.6561084211150559
0.844092089055468
0.8333531396673722
0.12851407839583637
0.5978276022951888
0.47191383576277635
0.6043278723513709
0.6709992606073804
0.22483220883691463
0.31092374250990645
0.4329580337684693
0.13086740796735277
0.8745053815770123
0.8322428693751023
0.6056529550217254
0.7187071682183391
0.5997897023270556
0.32532874153294244
0.36030025147680156
0.8784252309054917
0.37000036475506615
0.22290803657045982
0.7472340049766144
0.4392547583281391
0.1331014999990871
0.5998336563056795
0.3448640184919953
0.3766848071545833
0.35767855398510334
0.7369345630730798
0.7341327771407768
0.7450354056916578
0.8178858649769445
0.7099933950074068
0.6723271608637997
0.8764576677916838
0.33105497327201705
0.6146951391841315
0.6402170711183136
0.46229194003786006
0.641177436657709
0.5920084203486747
0.8241852303919662
0.3324883860415373
0.6217899724007934
0.8201731816230119
0.39627198364543476
0.015409754430651562
0.1558395229688409
0.4438706456070354
0.6150118229486274
0.5626722377985381
0.5239812699134642
0.4741143237591762
0.660562207143203
0.7262369541923266
0.21767938024302694
0.12984707964676856
0.5636102907646631
0.5426563207764881
0.4976416748181468
0.43089454968262964
0.13032450657713954
0.8417588245609021
0.7677864961935059
0.8021369199788134
0.03528426708157587
0.27098320028019124
0.2979531897452901
