0.5206197388234164
0.5352099092493662
0.5000283120634333
0.13683627316536565
0.3257898174805287
0.88472502391632
0.49852784727913474
0.39438576601223413
0.4565686829607625
0.7013514603106786
0.8891466165445504
0.4901480391254356
0.4161578652719479
0.26492767944114065
0.1436770922460486
0.2971184485503727
0.22959506721768488
0.8257846552325522
0.08578152900290108
0.028217153915003523
0.44546927715218687
0.6688249766638935
0.2934745327552214
0.24720567268222973
0.36097812645262495
0.904106812334194
0.19338830195494336
0.4228342291825272
0.5882154473755526
0.6373745318098933
0.30210037134936274
0.864095378193866
0.44002614672642415
0.21121292593383392
0.8543585269701092
0.597408671880634
0.07848114533962099
0.8668768246143448
0.14718805360167447
0.24869070401938592
0.9103606138835608
0.20396249005573902
0.5685259807795676
0.5816992110669096
0.8122730787442097
0.808886046917977
0.3878258183727009
0.8965648352155334
0.899627014557603
0.17999759058903492
0.1535806859314641
0.529105368104733
0.9375439827951491
0.7145215975944393
0.871383831544876
0.1797530190734486
0.2946784705115208
0.6984639233967049
0.6796784330589262
0.4419577587674348
0.16212600451377385
0.415199530800606
0.8914294394301909
0.7309975252500931
0.725871646981907
0.23866409281532788
0.3663647590222082
0.817926110628377
0.4217134881811474
0.22940288835123473
0.29625697879367346
0.5490347147032085
0.03175359293572095
0.48690988895270093
0.9037166060316767
0.5614881512364394
0.45924870297989295
0.9272705348014997
0.7993104292156012
0.497188200764584
0.9086332868573279
0.5540544276658301
0.6934908684148068
0.4876136067833889
0.2369804302504933
0.7317084083246491
0.09078187970120843
0.22255948747915708
0.42322491637054954
0.7029763786117287
0.08049736714128107
0.5058894041181806
0.46079554547675855
0.4151321933357299
0.7817700237033668
0.9076732747845834
0.32741620857463716
0.2617290592050091
0.401272511720794
0.3179707578079288
0.012110183300657188
0.06549134756552917
0.03954968444169764
0.5632215149839918
0.0694534083931423
0.782712640081136
0.3166759730244043
0.5032775810299899
0.47812930462033
0.8720252827553236
0.7371602959081192
0.7015313665748912
0.5621103276715033
0.34104883323266155
0.3120236363750582
0.34052699285820476
0.45984799792358994
0.07539723821754134
0.7182488802301068
0.04192576002722652
0.40706010046406343
0.37912079156445044
0.8940782785527603
0.5650396042987126
0.3633108907611008
0.46484711732254025
0.23879145136001595
0.6149063989898345
0.10403412498203814
0.7681859305108679
0.367579127473775
0.4990685038085652
0.5296638222907629
0.686338020039852
0.10330121266570576
0.8682029065188905
0.3671165653158975
0.1286772149005558
0.7250305381889904
0.3060454970576748
0.6542953593975649
0.7426099543281494
0.8840939777523618
0.4384371582274093
0.2932404933191074
0.8686771305266894
0.6369155054189813
0.3932053476488098
0.1462192023491586
0.6129413632399181
0.7766138384816093
0.2640680560062214
0.3751708858011974
0.8633748043007081
0.27005647727691706
0.4443923712089643
0.23047121643707416
0.5102781425336187
0.3085454651549032
0.2143640187594894
0.41468011335462035
0.1770599379584345
0.2769929178970562
0.7766724793331292
0.33674293558210217
0.4234203532196656
0.4954930874085998
0.6151145599613228
0.03877617505023898
0.6132135243275806
0.4728388768724111
0.5597747839993956
0.6222088538772854
0.39010190570272196
0.8109551872808615
0.5062817103912023
0.6121895460557012
0.33048777381890776
0.6917208119640521
0.9306754368502624
0.23285206448785498
0.4187893205639899
0.4378470896705211
0.6972991287718079
0.38134734410712556
0.7800613208878715
0.41190885824991624
0.7387876798654777
0.9008330505321785
0.2982683320838143
0.5192150077939515
0.14625991851580397
0.08301944017178992
0.11170270819709884
0.5346015929941752
0.6310397751098101
0.16955536476851832
0.14305330851880335
0.4214049268414501
0.530716145419198
0.23127375137623815
0.6310674214630552
0.9069976619619381
0.43629406042365226
0.64255942274813
0.7720940567276057
0.21467119621237976
0.37329016576435803
0.25107087659530464
0.33680816611282965
0.29551404208703064
0.8279366237405297
0.701508914925447
0.2954434433156865
0.9220302345904283
0.46824668946824727
0.3097068724477458
0.15247000866798704
0.3561490724609463
0.8163279132166879
0.8718863433449612
0.6088093788351994
0.29977732778111826
0.4741687878217762
0.5746966672504273
0.6028285037774235
0.2373639370117097
0.43723858347348477
0.1493947329916763
0.908538982024923
0.7080478634753203
0.7284481916804946
0.8299760260745551
0.5283717610565968
0.8444818121238845
0.43306100100992906
0.6973943922135476
0.010838498966561463
0.16448856591373776
0.3242674641739608
0.6709995356407187
0.4937567550634404
0.6601880115936148
0.1501564280852297
0.006009969610112385
0.8739740156531215
0.6291170789289546
0.108385754792965
0.5371119059388554
0.6389439890036523
0.45476067384151697
0.8310790530578451
0.09877838097064334
0.5379563159398487
0.1649172654399916
0.722499441609643
0.31162173620352995
0.0870324267834876
0.6347316190165351
0.8381565167710169
0.3344500309937758
0.3075118029554162
0.27431427491756644
0.8596781777719038
0.7522717815319414
0.5997293755031471
0.8300476307359441
0.0601881924994953
0.1407156735531894
0.17393095268078862
0.34548571530275257
0.7900678025686302
0.4173801053353761
0.4585361877194374
0.09795558567664697
0.9015481774154107
0.24165321877135432
0.4337869637977938
0.3201486964719322
0.5518842841575913
0.321975566066296
0.6737515050670358
0.6053836108043942
0.3128577621825503
0.8480741055576331
0.4934626022205598
0.49790515617980946
0.5074779016915073
0.327898081119786
0.7769108010368151
0.7926400074688275
0.7219085416409626
0.5420642789076316
0.8000504962163376
0.652879489154255
0.3345843589615526
0.1656133941172471
0.20997347600774516
0.5051001296890646
0.8873046859229692
0.8993191777744821
0.6291808225509085
0.7258019839051362
0.503366735149404
0.8678895221803326
0.17246057427045264
0.38184161455785065
0.24240799999856327
0.7755496944804587
0.06411274555603926
0.06590138006723463
0.42684009085402685
0.20784540011055844
0.27931120862617864
0.4097840321643634
0.3775756889936343
0.5683155583817349
0.22384914944142134
0.6261631633280336
0.6916909626226921
0.22078985955356698
0.5191040237241568
0.33634607317356807
0.6704263918753437
0.17520657906502027
0.9189725548506944
0.14818713259984526
0.21145663942993081
0.481397883736456
0.24573791630810018
0.11742638241475482
0.6367562519306856
0.853838239037612
0.47532711303493774
0.37712057606257204
0.5751847812573824
0.4847578636369936
0.624581704308249
0.7476121229122791
0.22807623368894403
0.5716267283995928
0.7696216522996359
0.6126483008643916
0.27799625043219284
0.39367824304043203
0.30623510804119225
0.5998966831176534
0.915721850393122
0.4018190469269802
0.404647291420057
0.8374809068207667
0.6527366754538686
0.2375229962873088
0.4599340224476136
0.5037544274417562
0.36953578140001087
0.5080190082258745
0.524494363275279
0.5825650570860894
0.7610716455368068
0.8453015276907491
0.586673345223262
0.36975471449711345
0.4715140409828988
0.725348299275745
0.8746222986930274
0.41680194143421584
0.3664849268617337
0.721438206137828
0.689489400285818
0.6049545685076921
0.626607185943909
0.34913647283317045
0.5673758136170003
0.016378881232379218
0.30732714376037834
0.052537848155212605
0.7744644782668014
0.5445539551508628
0.19050986411983808
0.7742897592133858
0.49078686416731887
0.7159621291726637
0.9196179033729945
0.14514305268889025
0.0834775697709469
0.5760259610372942
0.49240411136027024
0.31146470512575863
0.5885974321960693
0.6830978627175976
0.09083216726612177
0.402025595809371
0.9542671666822775
0.2417149815913656
0.7440011150071042
0.6939745679527248
0.9145722433436523
0.18952974726775693
0.4583735465056021
0.3984866313211095
0.36144022517939445
0.7385887029298777
0.6423338822255936
0.06471388964209328
0.6213510646009929
0.4753634619022164
0.0698380188837452
0.444510858808467
0.41282550669153745
0.48400680113562705
0.46165571002732875
0.055631238960346975
0.29217517863591186
0.86790817792597
0.8805790622436094
0.8028413613922635
0.004030016337224206
0.6364284442535807
0.050575042265303335
0.55554771130998
0.8345239693511446
0.8598881706906036
0.7413051209703594
0.3276768153476912
0.0972348394199495
0.8653208651961757
0.7021310036703882
0.48970321983043863
0.3801511725517013
0.1836795416023132
0.6560119723236961
0.48139094745460226
0.7057382482234816
0.15955307174215644
0.2822944893969766
0.25347851315898823
0.8577858396569329
0.35055895082189126
0.3954585851224599
0.5385673219297334
0.21498489936530826
0.3500211200811096
0.32032514879544555
0.13124333015303807
0.882292796171426
0.15123060186983422
0.2402339301788696
0.8047796020886077
0.6399630023487524
0.9080846505020361
0.7474991780762682
0.5261456270917801
0.6308673541015022
0.8812995193787813
0.04581141046002152
0.5045535569491185
0.3474732146822064
0.790407342486883
0.43442147513181717
0.03377144289228788
0.3654606445000815
0.6973613165922515
0.264045140307569
0.8981822837826978
0.5156449464574913
0.35469071869033647
0.10184309008556752
0.417105358472448
0.6927232248834494
0.728088224728902
0.45030445239658634
0.7933499770940735
0.6281237317204704
0.7709536154829641
0.5370355266377829
0.8297961272924385
0.3045788895370163
0.6958134352830695
0.713521283111357
0.7238559142444863
0.7606867187229575
0.6304188897771621
0.5213167230247152
0.38880890155516384
0.7468850292191287
0.5770750091109037
0.7911596453580594
0.42375389398055624
0.3693735004780156
0.4692417819880665
0.6021913446705375
0.47761081672425654
0.7443129921599746
0.3264721775297906
0.35314272787067713
0.0637056943080428
0.23784977752748615
0.7148339574132756
0.7902518593404079
0.2565489800518638
0.7763085337556209
0.20908904976432136
0.23085214163678322
0.6506079987459996
0.7208578158484246
0.6299662227373439
0.1375757616904584
0.46840622692138084
0.050621863372575626
0.23777986068695783
0.8209240394577824
0.5664596390525255
0.8900452570634382
0.7530260155850325
0.44359136078150385
0.2832894025171588
0.8724598593766614
0.41231048553608696
0.863125790417213
0.532225142985267
0.7041718201373615
0.23768835961469265
0.5638895847558028
0.702585181096375
0.6042325091441089
0.36220888073996454
0.24277098728047192
0.8594283095761666
0.631466381456192
0.8897674680407871
0.23555051558609755
0.5314150970578869
0.27623501857443145
0.7866653417037571
0.22255948747915708
0.659539802729653
0.4387075198232105
0.34260582501717673
0.15905820062157713
0.5367183316408715
0.8728787154860815
0.21639415840135193
0.6571901953407756
0.22104846230091096
0.004000576920815618
0.48631001193233486
0.14067797636061555
0.41275191032764813
0.7211292898952055
0.03337452635581087
0.4807047854058506
0.6547878602616922
0.5392910666543396
0.5902775003427317
0.21713973264698586
0.21879132697279566
0.22208355375373923
0.4100865282090819
0.6806195247922149
0.09977557259443967
0.5258749100861946
0.6556788255386132
0.4533363057122479
0.21698343292030836
0.7430939116971921
0.4628466376035965
0.44370972049999174
0.6441809010700079
0.6390059413325074
0.8933972201663275
0.504716879616206
0.7931650323995914
0.5167278861503188
0.3663709228371553
0.44258052711013185
0.4579853612890466
0.6250131845571544
0.877659507168674
0.7325190902526648
0.6374188753744614
0.4060881374103996
0.5708438853767003
0.2666088220602606
0.3818063750127156
0.8373397106156177
0.05427412414133404
0.43964337794785185
0.545280783244988
0.6045078381890104
0.8937712619130336
0.7677627451225486
0.45775354994546213
0.4913790092454906
0.5546034280386438
0.592272654945862
0.6228177635302927
0.31856135207998526
0.6703096994647425
0.1665745919462984
0.13276409828858102
0.9009723388416139
0.501909791633685
0.8535570263756656
0.8895183300570045
0.23700280263670692
0.3402825429742796
0.5040069256480704
0.15109880062210804
0.6571994760565956
0.6198206474580127
0.8950228247875992
0.8603381560360175
0.9315340311874657
0.863037175058759
0.34098593259679255
0.40193936162290617
0.5426981567268176
0.5726131770522486
0.31686062842713586
0.7246918094542768
0.7039601714066025
0.7453063006025766
0.897922229938648
0.9212958312166001
0.642640820734734
0.6607813040075927
0.5994379717509063
0.3123533716936852
0.16277631351247712
0.7417454026180313
0.8823220675732991
0.7477924836732813
0.5815998227026868
0.35487301000220983
0.40459786219091914
0.319895147369866
0.33639915103425705
0.7191242904699678
0.863232169195018
0.7919011269587957
0.35224271718878125
0.550815024757864
0.07759560783847225
0.7942125072167643
0.19957787725014603
0.09015330880959152
0.24915962397979804
0.252811808832525
0.5898405971563851
0.027939653883216075
0.8410966116595481
0.6143110417485069
0.02541295016823985
0.7261891585780578
0.7822426883605347
0.39479781644862283
0.7234690091365131
0.6904979910171346
0.34457049626528347
0.7697125093579753
0.44755827721094665
0.47248779018331877
0.694083682001675
0.6337090989636567
0.09035692548756329
0.1930951142264469
0.27810318176595206
0.523568344551771
0.5146821643066944
0.6652176047482093
0.5507522096394886
0.15935061648281842
0.11013679562552929
0.7635196888215839
0.21343438254879124
0.9110372379556914
0.6601660313642771
0.7230187020276291
0.0904873553841666
0.6148319340552222
0.18878672546856934
0.26616761404045036
0.5692495327042102
0.6653292248866892
0.5882554508675077
0.17202773699311918
0.3979585294571543
0.6563331868675387
0.5382934662396802
0.5870782058435178
0.32460150059504916
0.16064103871924873
0.5879847691885324
0.5248242333776951
0.8468184103226105
0.05183231755306114
0.6982038289468029
0.5712078412449216
0.5705961203780727
0.5073240960793063
0.7804085913506081
0.35122828660737143
0.4783631321641868
0.3391288362750177
0.583122539547209
0.49988587686624836
0.94370558276725
0.7412896683405517
0.8703081924202568
0.7551998327139292
0.7742836383940008
0.5044886925611105
0.22126734608247667
0.1372151811448542
0.748310207661362
0.3130191119347479
0.2576214276443592
0.48017877070516046
0.33743991004749224
0.716782932028743
0.43737273522403536
0.36691630039296275
0.5166640474297157
0.819196625955078
0.8303760624909766
0.5257096734974891
0.8022874505896034
0.2120091535030613
0.46799461648404933
0.5771654948827262
0.7972613050650225
0.7048276336442242
0.670430660054573
0.1229860958613387
0.10642033889004743
0.4297259594213002
0.7090979510961757
0.40366790031088656
0.08397287449011395
0.5884656717983581
0.8469945753923244
0.6495904740350046
0.5306017712174355
0.7566748757143805
0.6686980185997334
0.16765923246906123
0.0758043718122366
0.22350296405575995
0.15210525319929405
0.5106388957787541
0.5450618988783829
0.8388283297636779
0.8627981204168135
0.020536934814848733
0.764412263432919
0.3909455085105903
0.3622309288885197
0.6627705031443152
0.5856328342644184
0.45703104174620446
0.6493107498353827
0.6139670181552047
0.01639141756347742
0.28469103198490525
0.23063139450082742
0.9017249771986146
0.5574191547918877
0.1805707261986038
0.45403549882661404
0.5876436579054349
0.6981926124342502
0.5138642661106209
0.41380636978962637
0.29802800731200263
0.2495509166524051
0.4213791171256894
0.4809850806721892
0.20979462479934094
0.8015853489591006
0.18831171712603523
0.7910240695985518
0.868630866997523
0.6497636776724459
0.7715596971562892
0.7558220936235771
0.7436914312190351
0.8661682501801995
0.6120654052219177
0.9280637382350719
0.41519452822548203
0.6667567380339143
0.7224252098054318
0.060327078559168135
0.6080552269137596
0.6342499347945721
0.1346119793095957
0.15688920975530182
0.08391905883819702
0.3888007639405682
0.7443399260934427
0.4642695224920858
0.8413336588017934
0.9695852101762417
0.21560537901502042
0.5618288685654915
0.5474107966175404
0.8987880331804344
0.7837822145122234
0.2518690747993778
0.5988126648917039
0.16823468316771198
0.4252624583009537
0.5369536955885814
0.8066331088589704
0.12941179936848138
0.5859010452384898
0.7937697633420938
0.6716898210420867
0.3806215206439978
0.3076382513365222
0.8927992110853791
0.3083188237465889
0.1988869236957974
0.47426494122688273
0.018493914953527917
0.4145502533020582
0.4721693788881937
0.5973908649322409
0.6052689741670785
0.8844979593983118
0.6614672535704392
0.35455289050443023
0.6171512510640658
0.7539591553760304
0.6568029821269238
0.2863351789705863
0.7948426057893478
0.17758874109302478
0.7239619472657728
0.6733661714911086
0.041159758732665426
0.15417734952625373
0.5496897420892032
0.47054930220900837
0.726298327751303
0.5713436871952133
0.253563080757072
0.3436824610206498
0.17147777240268694
0.06730892919876019
0.4963001241480774
0.9584272545113277
0.940101270087179
0.3111018984438098
0.3949909989305128
0.7625686852162663
0.7499101609741983
0.40709979200445995
0.8637566191775512
0.12469396348550048
0.5839252611695532
0.870325140463519
0.8423277156323832
0.37474881542610267
0.5088470100225863
0.6766519598837816
0.9172022951007105
0.4170898593959062
0.05005233409009818
0.3039701263127757
0.5839109946143678
0.1966522783304662
0.9034304507081345
0.3480746164233467
0.19297038353740528
0.11204842118963688
0.4661017662957187
0.12487989801584923
0.7198897049421314
0.6898494338346084
0.7563662612908689
0.026276513685712422
0.4169047193721434
0.6627068151537846
0.6868114895375417
0.33294954444722097
0.6353325407794634
0.7784746051589517
0.13488033978715575
0.2703128577515425
0.6082554914909761
0.2393084908943192
0.270713654337971
0.45825937623274166
0.6136929760908107
0.7764349246730444
0.31705505536499096
0.7095981350336712
0.518304056535973
0.5255938985563353
0.6655190759669275
0.2009676880894943
0.00715489120063964
0.7602393222013201
0.4329358456260266
0.5339432740998675
0.7967894281905092
0.774415872354633
0.8238803337336
0.7099420350959115
0.6513438148761936
0.9446842690397849
0.42757124412261616
0.5545074150350906
0.7886514164207219
0.4795823651740027
0.6545929411167194
0.3817657668785635
0.45730162804190566
0.6364030546745315
0.6599991299550747
0.3948833771153898
0.5486546030483705
0.6637381600637691
0.4352413855775404
0.8371937319563351
0.393524639663944
0.5125882782140407
0.25713352006865353
0.06847372176712656
0.1387952703762465
0.11706357261882154
0.18992366725704285
0.2925808586075191
0.8166650740159941
0.3220827516489756
0.37518523153543903
0.605665711828494
0.3271816844602428
0.6766759343309661
0.6348699268024746
0.3583888410868088
0.4661376528129571
0.6589177313010111
0.9181704344564238
0.47742088420088263
0.4343481202334604
0.7604192482437343
0.828414761890718
0.5517869800529396
0.6480211275607763
0.369168195158621
0.7959602430954003
0.6764269802481004
0.09453431838209045
0.14031927473827388
0.21239444081421033
0.8654422986950004
0.7554786198901101
0.7212497764208402
0.5021442806727796
0.1518543517223701
0.6931403368444907
0.3768901107726755
0.5660262357222748
0.07178173319230215
0.8558784283619048
0.5024233078148659
0.750266458156342
0.7371999898035617
0.2180719206794302
0.4652044264395375
0.6748133488158327
0.30505657945714065
0.7379807479579378
0.7344990862690725
0.17032500666238254
0.3107970044015451
0.4914630668590622
0.8914703177515311
0.22684604851546003
0.32892163994317053
0.06828061448285423
0.3405233381172463
0.6028717825026808
0.029850060211073535
0.47155343583376796
0.520187599897798
0.8088618315586308
0.3483287603663684
0.4567505022863269
0.7160194150736671
0.9070313252094492
0.716795591117275
0.6300412351454963
0.23653258203152416
0.6124692357865851
0.8021570848495616
0.7295525172300467
0.3700337336076436
0.584303267372632
0.43748808466468864
0.34536059604442054
0.6303694789861997
0.6958607833770665
0.23234924627633982
0.1452185108781016
0.7921629226156452
0.3422690900466957
0.4877210559154858
0.7624146452194129
0.4339942879213744
0.44895029049405766
0.6800695093924898
0.811051996521667
0.62108587597059
0.7547023047465438
0.8009392660315545
0.3389534037388474
0.8845879943088928
0.08814754347865623
0.3666639460295352
0.7344976803628637
0.33788436351502066
0.7472057305251895
0.08197277554766892
0.5056394794015379
0.4013521087801608
0.3074573426908009
0.7733430986243055
0.6509936255809792
0.5857470278266897
0.15056068555638172
0.46200775596209426
0.8465028738306158
0.16916235134031973
0.41821585360150915
0.4547719190932966
0.3438698062051309
0.5141170561280235
0.3605555132745863
0.5988500510540141
0.7960156645242553
0.45133591372735665
0.24229035523839912
0.48015613443812355
0.22844405092805659
0.10807236629300732
0.5237315873565687
0.5316501260049095
0.16164825178759093
0.13185053815340775
0.3225357127991561
0.7335703455401148
0.8655437485289961
0.83005117697152
0.37172213679075594
0.09974733686238442
0.7072541676920544
0.41365818579027014
0.8679408509058206
0.09298018698252954
0.4429243624867654
0.5056965567649143
0.7123840424000346
0.8467518907214914
0.6819288445802857
0.16997012837114397
0.030528348887404976
0.7847700284874632
0.3440399176903243
0.8181479670562694
0.1585363530798836
0.5068492512754815
0.497195907950906
0.531222987438273
0.44997951999985314
0.5411401668850052
0.8374015443961927
0.5301539204892185
0.5502547058262568
0.14804602017357243
0.431146687034212
0.6848594250700034
0.9051617192898186
0.2588916832646799
0.5186171291278159
0.7376533974389087
0.41282014371252096
0.4573452842506444
0.647716584126277
0.9337291686882967
0.5538520397418576
0.6377643999387251
0.03034002291905693
0.816089907940927
0.9311622074771031
0.5280612401354564
0.7380616048728171
0.3742677594465648
0.39571517556980834
0.3788318277441545
0.013931899249375863
0.5362415569041726
0.4774568209143152
0.757361635823173
0.39373642902392064
0.7400882732854956
0.5073488495622095
0.2737734307839916
0.7624578917302313
0.35289614808580777
0.6752729021861131
0.459816555306664
0.46080294782158143
0.6155835597742572
0.24987515995676374
0.08042470538739178
0.49412925304404914
0.3008310083845498
0.5328426746742004
0.7394871332784959
0.7470565700292199
0.6148734334168491
0.918656187340332
0.09732646115344581
0.16044449075287748
0.8503672822214462
0.3917354871219798
0.5202446929317123
0.36225033233679665
0.058497302333360354
0.4582013774197815
0.06505368318340209
0.26221853218606034
0.28071457744716793
0.6041946087561255
0.16130944736604244
0.761983900660242
0.4910596068884542
0.6684046879259604
0.6123844220247404
0.4553945604756195
0.684247156575007
0.8453891929696197
0.8291330574640524
0.24773533364511105
0.5534129177733876
0.05488326548573889
0.2352514236759213
0.4103039135026042
0.2228551706519086
0.8347456773175786
0.32867240502988876
0.6149130660565314
0.3593266217057096
0.8889667813203478
0.42902938788887485
0.5579170008985244
0.777045582150237
0.06397497131200675
0.15513390584584
0.5113921299706915
0.8756583833663589
0.5839453111006858
0.3281229653194878
0.49938247334651326
0.12321768300274075
0.19882977945901423
0.7585040753969994
0.37079083730188944
0.5401966425903083
0.4262844856370104
0.16267464810005922
0.4447345216776018
0.7093989878606533
0.3963153786473265
0.5622719763191172
0.5721785936391657
0.31067877958091106
0.8616396164431119
0.4853541028610389
0.7287616016467335
0.18005425178302634
0.16744300136938295
0.32932571667310506
0.20504902559226182
0.8800639582708414
0.40049124695368177
0.6052845233997597
0.5123296742089299
0.06402015622004338
0.5212352978823233
0.07511003892313596
0.6201366950852403
0.47658198728836204
0.9034804257553827
0.6978400721758886
0.9459867853029951
0.9217164791672973
0.6156472798455368
0.8674540891885709
0.5904266407358901
0.7036172383492755
0.7207495605207384
0.7433682818747686
0.43410480403374313
0.5857144281113843
0.6056990912137592
0.055154628108055555
0.31178531163424617
0.3950171327248707
0.27890646665230706
0.6435565487628724
0.9415809138567552
0.33332907525705807
0.9101051968548436
0.27433640356187844
0.3102873660912331
0.3388926893024785
0.642410092093918
0.7388341398677044
0.7030108444311451
0.8270658467526394
0.9215629752790202
0.22735968548838392
0.20904421175157764
0.5264526017341962
0.6182780695859915
0.47072313450036407
0.08756990659573043
0.1683297889292861
0.741795616764807
0.7072650070177453
0.6289995854804481
0.6798922603081855
0.4805391973797515
0.2533494762239795
0.705457826935058
0.8268962668499554
0.5779619103430464
0.5629720210007242
0.6343513274614462
0.061947836482389336
0.16777887660777693
0.6126430869347441
0.5259805268361647
0.8282669789573195
0.7898185028019898
0.557776829301265
0.3470395228326778
0.6966422643852803
0.7056175505303504
0.4768764463415075
0.5686515702630193
0.3539387206699785
0.7437428732100847
0.38982287098007856
0.6613638015750453
0.6088521823290305
0.3222832943111097
0.0025177395455008586
0.016221635412778254
0.5920217643163078
0.017192878089174086
0.7765287994681441
0.6628825549415577
0.8129718871573519
0.17009005034932376
0.587172005532251
0.8028748977496586
0.09290972229571795
0.3462736439212514
0.29959704326909387
0.33239235614914625
0.4100197403286887
0.7761603449608426
0.47015417107035584
0.8318446040780577
0.47116890643771325
0.36919848615299816
0.17263275323171215
0.5065978368326405
0.4613058225093899
0.1855597106086286
0.5360033323099599
0.743545764179031
0.020355745550181777
0.6045178523577648
0.5592141628669312
0.40703094086884123
0.42072953015773273
0.44065682977013376
0.45784683721394326
0.4305049288824287
0.23753473923053994
0.418117723368333
0.28643138438272053
0.16355387394952792
0.3239173970759634
0.4699309950463485
0.8159459407314817
0.5859929863694647
0.7740208199599754
0.10153837544403801
0.5510035326651895
0.5620129531410955
0.8746823581701402
0.8197003834352614
0.30030351875634603
0.23941567797029592
0.157570081611743
0.303554341242938
0.30292961633891186
0.08205383929988283
0.3038020029108728
0.5579344790991875
0.5005611727792042
0.605387142691928
0.4358068588927008
0.6383757575797903
0.8090286151515901
0.3646890189046639
0.8017781652333287
0.5213916609231639
0.050896840952991025
0.41272552497023524
0.10942446332050591
0.38943422607390366
0.5332681949372714
0.7872449458399146
0.5326345318899007
0.6047398133185558
0.2669008801536118
0.1994282855948355
0.6725956817669229
0.8272713884501772
0.5211852164151023
0.8296565395107064
0.9371754260496968
0.05677836931144321
0.07182172910337425
0.29383000548496
0.6410236043927579
0.2554943446664169
0.42782092988466924
0.6097303950363586
0.5788002809012125
0.07963542039677465
0.639878003254314
0.6338078039735534
0.5453152770936849
0.14663490594209655
0.1235607182759001
0.8056227441216433
0.21212955980214535
0.35071054915924876
0.10620299562557282
0.17536179011757633
0.5356385262526705
0.6835905008997596
0.7239710500481263
0.930269676205285
0.5557747770409435
0.6621073417909404
0.5060408215608703
0.5732040045134126
0.7649249875763072
0.4519254190877439
0.4833883354678419
0.9099336942910532
0.7897879640524796
0.31164210680608884
0.7275634087124058
0.6634916506268073
0.5164729193597567
0.7959583785375652
0.283564062827076
0.5526896726380929
0.7226257019601245
0.26010485433346475
0.8790101791730525
0.7873721392934293
0.6289195545589861
0.8165696189639494
0.7092685191843565
0.8074145756812262
0.11156018771444201
0.3418764677155667
0.7961071733047059
0.36334513688943
0.11759254647180677
0.31447028681380224
0.06679482394744633
0.03788979713100964
0.5191623322410824
0.29851253012451706
0.43441108175266835
0.8943914441630499
0.536201361879755
0.8970186357266619
0.47800608480450835
0.310774531589844
0.32394170107458403
0.40986753602921416
0.08297552832248922
0.17688897619419816
0.14809878218010697
0.32173392931615363
0.23551533187406073
0.06195724208338751
0.2534517174689254
0.17597825269289025
0.803131046457943
0.3119127031309254
0.11337984800490072
0.288420444084972
0.6923124945438934
0.6369038788807455
0.7997913388877196
0.2970136750496616
0.8454842197342535
0.019329886093973285
0.3995697790843095
0.616399867874417
0.43571014265298824
0.03949037170186491
0.04646653346442878
0.23887914143730438
0.44266440578772354
0.12817885340329008
0.3923771000595807
0.7861652431118288
0.6895676783841627
0.31308403088991305
0.8922016470791232
0.7242882309535343
0.3426222123342252
0.7565348918417557
0.5737744336409037
0.753175053816253
0.22416414816841124
0.5851355694225016
0.766906633362581
0.5788319003501187
0.8366886047344344
0.8086675086657804
0.20846317985363075
0.8104789073859056
0.5057232335332587
0.3139634027908828
0.13580035315437602
0.8752355853662004
0.4783631321641868
0.4884845348689485
0.5967118315896993
0.34712236092766946
0.2665574064844701
0.901516221124579
0.22313770177574468
0.6188895296055793
0.3226870839127964
0.621735535105601
0.7368547905732932
0.8641343983787909
0.03154320976809119
0.07982734671353561
0.2382013175285558
0.1963235917753061
0.48033731988117273
0.3091246763318263
0.44784213186099936
0.5787321169629505
0.11151720387376414
0.6057684035844066
0.7650961994999765
0.512306230001735
0.49503060938072335
0.004847501944727721
0.5221928833298326
0.8491659859710783
0.5659810527803452
0.4475648049893026
0.7084386420252045
0.8228527677314804
0.11367863977932922
0.7062940894701163
0.34229503610408546
0.5822941034366864
0.8006427391466817
0.7011037928756976
0.07040537496168506
0.07582983881458454
0.4913096374052985
0.6771189753274829
0.7420951056516033
0.3210283836875087
0.682664886852109
0.39203739237073953
0.7726767319173281
0.24522482043778457
0.5632370018781621
0.12796353152111506
0.3351266034365379
0.5518941712504417
0.5218968755490108
0.13652860090873017
0.7482493016293167
0.713384127192843
0.06780585157274645
0.7094040058125359
0.7216915795103599
0.27603313510672184
0.4681764572203338
0.25469718409589326
0.7710436704522565
0.5735192931001449
0.10788875301361656
0.17600101950780142
0.5916636117675216
0.6381190064448048
0.8228336185049434
0.3958885618273507
0.46107963335069857
0.24694560343808677
0.21637444002960476
0.7422809806222761
0.4949175924062487
0.6989057426280005
0.16864040719607368
0.32036603453730644
0.7871075570149212
0.6535773118520283
0.5009322104464722
0.47915168202513414
0.7278116654618388
0.805063253335635
0.538339094859212
0.7996576126921456
0.6700675721691016
0.2576997789184114
0.0653614272771985
0.48431821605760067
0.035391888222834046
0.5501379866391445
0.5294482001659069
0.2748713430359817
0.4619723608938448
0.40638998996847203
0.8407670755179899
0.8015995313857706
0.3046633449478375
0.6352987601298082
0.7492591812233323
0.12211820285026659
0.7065439186280095
0.6230851186004914
0.054356818926661124
0.4237275754425488
0.3584959026929289
0.47704306219690873
0.5413810678189254
0.6284440475701577
0.5559657202161565
0.5177415454504016
0.49212995833230494
0.5583247278165184
0.47826834904900095
0.37321313797456246
0.674211029668161
0.7893515193031517
0.09902173024736431
0.34933103199535587
0.6000669594739253
0.2730008569842576
0.8956493600522998
0.45100918274413554
0.6718013382189276
0.5841662867892401
0.03505834491041051
0.5310396352311869
0.4581205369691813
0.5935402155042602
0.03867175531351907
0.5758556870120498
0.17469793344818166
0.6042660132976407
0.32770040452288857
0.2947504943465083
0.4792236531360252
0.36340353630372607
0.08864466443577183
0.08358567303098344
0.44317104119001455
0.07974872307271497
0.18887693843011413
0.3293626167950063
0.58126922209634
0.8328351392397694
0.6890911329797234
0.03158859503798055
0.3070841427591991
0.7474996326856063
0.4998700661708373
0.6486079033200333
0.7621187875351968
0.7390852319135818
0.7129159975617483
0.5217546984221917
0.17756223855412626
0.23225530791177895
0.19511235898355964
0.5387770662540344
0.44731726920322307
0.40153581602239385
0.4988345917307601
0.7502817588444035
0.43533654416915996
0.4498376875216336
0.2570935992599323
0.7715066711848637
0.6180645659687267
0.47664817756583455
0.29018040726176825
0.032752631136236415
0.37754533569294785
0.3722573860561558
0.3305048534056119
0.3006504217881417
0.7466527962151877
0.30510805167264515
0.51256861365172
0.9230305772186198
0.43859748045577523
0.7396896996734379
0.7950992403151773
0.3357738781174873
0.3004316909573617
0.6033929535168073
0.0527954761220679
0.43275429369385915
0.15846542141853184
0.38374742038233184
0.9176506761637458
0.5423827461451591
0.6642666392930853
0.7618935926327
0.5186601585245996
0.564948082881404
0.8116838814028438
0.5287810858115959
0.45516980191310963
0.9476255753129781
0.42038830030296304
0.7329330796266317
0.5476105955236238
0.9225755168775668
0.16284116916795816
0.430269271873123
0.5130005450636753
0.7213805302816665
0.3949388750892236
0.6399630023487524
0.24017624520340652
0.9524691998218289
0.6350720867085268
0.5594072227500436
0.7881305128558143
0.46513745552775126
0.8520464509013663
0.13788250446286088
0.5548606031878767
0.070636881579887
0.03515472142251451
0.8268316052285657
0.5457713410165357
0.6002096394142382
0.5117879264532748
0.5854360720227513
0.35460913045649983
0.8886327262388125
0.5135435492263963
0.4666800532803576
0.5039846262948615
0.3806215206439978
0.5047289608335183
0.6491812269086936
0.1845649261734008
0.26107319364103276
0.7640608736135773
0.8639849291799573
0.16962672250765007
0.5756533984759796
0.43401571173817394
0.6041623738600692
0.160325616561054
0.6688072089930293
0.4880230188468101
0.0608646798125649
0.4508007284448975
0.791901155272085
0.6412471857250676
0.3261775921146262
0.5283003825291855
0.8552567161908524
0.2108663809661876
0.7350182083195496
0.2539950538038165
0.6808166348135432
0.5322113334947132
0.22805126563780723
0.265731853414945
0.6292744537845646
0.29777628022488606
0.6413858896918795
0.1545117182677833
0.37056023732373633
0.6160993447714077
0.8416650533833245
0.8392464196609529
0.4112869180238697
0.5313905965086168
0.19008063914918658
0.9053799313284384
0.8046874191886445
0.7230609010507064
0.5509967219954535
0.41644218621286166
0.8781498729537919
0.8421892216631729
0.6234216680701781
0.6394650616207036
0.3274357346606899
0.45070965766520915
0.4080666112489717
0.2600657690483999
0.40894527181072937
0.8577634438245767
0.8138599702363867
0.9370005718148182
0.1625145518834262
0.6456725867601002
0.7134125619174416
0.6483029260180142
0.4055267819945626
0.5484526397377658
0.919417122225405
0.33360585878616744
0.1175241490889675
0.21842010665211334
0.24156892857415257
0.7448561019499998
0.788512693072005
0.46697378358744956
0.3415257952064409
0.357378384141457
0.5939958392473483
0.07955889013313236
0.8552011157115271
0.8912293046688103
0.13462763274842998
0.7605985862431801
0.57333618809432
0.09313577611838923
0.43531133593952087
0.8843430608473402
0.8656303178124907
0.31764898324532664
0.4681702824955192
0.46081249569361377
0.42224727441485554
0.38625992941048454
0.294779845564484
0.7228151658745408
0.42948089331168077
0.6792033462131664
0.29959704326909387
0.46442309726165415
0.29611230205113825
0.5806299418406646
0.6932024658977083
0.27507859860834033
0.08990673442688765
0.540131652864258
0.43217384977740153
0.8153937740591004
0.8142430085813761
0.4851370866006852
0.6519732404289339
0.39576359138243855
0.7591101291669793
0.42655089167944044
0.24450390625016988
0.8770170583769127
0.6243491496922587
0.8753108100623768
0.5126900659641799
0.8549726405795913
0.36957168329817797
0.5154915792974452
0.7841769569169001
0.2923740808092606
0.7719170390496948
0.6660493768225721
0.8601409717667864
0.3235142097027181
0.6160734906475943
0.9207772670565446
0.41085714585309063
0.524193498610837
0.4342955507720043
0.038571306129790484
0.27324596973505033
0.7552146982092198
0.5662087698304656
0.37960371760041656
0.4069927941574496
0.17749973936130864
0.23325499797545987
0.7928989851712853
0.7708958494357129
0.1004140586050099
0.47519663044657107
0.7899215490663964
0.11269577678005481
0.5113356517601266
0.581135838367045
0.8421905788444513
0.8409925459459368
0.5294164217808575
0.717822652382026
0.4480193747259085
0.7314340153318305
0.671944859027295
0.659082058378791
0.029386061223339022
0.6560595844904378
0.237255022171713
0.8415815682497401
0.612737830619446
0.2877517390332046
0.33373865979996814
0.654106122872902
0.6337182023061554
0.5329341632190444
0.2642721665452992
0.12233180621283507
0.6416643162273455
0.6145435802671896
0.6489784758978082
0.28601068381812156
0.3935647829880514
0.18147572534171608
0.438495308922429
0.6992606721467453
0.8449209688192231
0.5605691927222873
0.9172619427247157
0.012606163294370778
0.2708191347526306
0.7279050647922474
0.34463591183220105
0.6837970633691927
0.7208425862790541
0.9518628764404172
0.5044376976960051
0.26651407187566145
0.7528165384321527
0.3345744853733889
0.7734894134120591
0.5363369512865279
0.0996511832860525
0.32082947397210665
0.4167245705513861
0.7253158304197157
0.37540799595016205
0.46341032524173764
0.35323244365978895
0.4434375903001856
0.21993034905728573
0.41754698328381246
0.6122104239084186
0.4193584290738195
0.23773369599106775
0.17564204680261464
0.37060724871954104
0.46874289264582397
0.7518965292157174
0.5186148444691638
0.4579730822872812
0.571455162745393
0.4101636647139351
0.770388084603011
0.6162518207344257
0.24116344131527093
0.6523221315357854
0.5220714992049571
0.7760274988128993
0.4603160888409396
0.06407072987133214
0.6846799515295336
0.514866294405168
0.8701248778337832
0.25145995554686357
0.1522532942713094
0.857847603226385
0.7721935010263766
0.493551805791798
0.29637907183280626
0.5070766180180424
0.08701925489994833
0.08561063539797602
0.17859956508131233
0.43059691130329303
0.014154809322135566
0.21906973951160183
0.857648312837912
0.5036056535987786
0.7418763305019621
0.646080282984517
0.40282934547966387
0.7379591301093023
0.7145366446241682
0.8561997349412793
0.6803201523198564
0.8827439952690642
0.11292302090946893
0.32305212253144516
0.5695789699501
0.48957495861044925
0.6253830244866537
0.28938837943850243
0.00225132180066513
0.77587018912497
0.6497051773614294
0.6727634806130056
0.5072479373928694
0.42534605904698486
0.8404855735080937
0.8432125197919834
0.7050206737877853
0.3641773537016317
0.8190150161833439
0.29086171219279777
0.2073107627259722
0.30532277508892486
0.04730866221211435
0.33764776899001353
0.8964759083602526
0.8975851647132861
0.7863393022023025
0.8265285103521091
0.1354053345468393
0.03885445910673127
0.3485015373729143
0.7797676671351147
0.3001671506501737
0.2602605288791716
0.644241467375541
0.7283625642501833
0.45118210730168223
0.6678503406491282
0.09769806219890641
0.08846216995395298
0.08382488690747927
0.23930032649942742
0.37120050840815727
0.27166469600395055
0.8967894513693226
0.5816169131345496
0.5242045359613496
0.7315913428062215
0.8984962340655172
0.6949870434000638
0.25648048213542163
0.5332907961706425
0.04631424020866747
0.6873772584994435
0.5624806568533696
0.7196475348975554
0.21591128964049727
0.20135651551045927
0.5030482617611457
0.39112186902320534
0.2547056927235198
0.44415852527194
0.6942388499263688
0.02142641620246697
0.6304878083390004
0.7827084441623069
0.20695431914260473
0.949274761786537
0.7857572861145302
0.7008103172823417
0.8605642282369215
0.3880497331126489
0.14770400812416712
0.3475304199737497
0.32701624463932505
0.7587277177434568
0.3937842464109007
0.7628380136264725
0.4848627755282022
0.06258847467606866
0.6688072089930293
0.14030252739309002
0.5427112439772024
0.7332966478272482
0.4136993098699057
0.07359524033797556
0.485809559312637
0.4746270127654908
0.6633321664277012
0.9088684293198483
0.3838031615146212
0.3593319086402667
0.3853177617114414
0.5219053784453946
0.07204420446074028
0.46232834639350257
0.7198665439713239
0.8899027089122815
0.3310459526945971
0.5842212021483594
0.4744570917031301
0.49733426608900805
0.1326416787313835
0.22118742378700762
0.6520347121353998
0.41249922396326827
0.3013262304411813
0.8774015119063387
0.44101910970982383
0.9201815710435206
0.1469203430451455
0.49337618665055677
0.14224267729752818
0.5672851339665363
0.26391305655745545
0.41374869899102024
0.5106041046086935
0.5564946283630239
0.0028758114210502166
0.3699375243232202
0.38566071906962207
0.6750784525024974
0.8881277212126495
0.914695736155599
0.5814747046190619
0.72362565178766
0.4122533848692212
0.14760089329976764
0.5307980380975577
0.18844988352312833
0.8104257162876037
0.17934199196026998
0.5723709148606367
0.9164125527969309
0.8874072998245165
0.8918567832304298
0.33872525064508474
0.8919361760004147
0.2762402288210574
0.19706163353852868
0.437279080606619
0.6931002410361604
0.8694292000149758
0.7339334709498502
0.40971057141400885
0.023970069669082817
0.09866985375639231
0.059567061803106704
0.2990200556491747
0.49215196008689066
0.8861866775953534
0.597463152702667
0.24928200250253224
0.22455886709092895
0.5848922169751416
0.8708991824261538
0.28282403504629633
0.04736478768781068
0.7566742404327904
0.6036042826630522
0.6165884540701462
0.528863280596609
0.766006798552199
0.47857838107645834
0.5675362526838869
0.31110680179024547
0.43141332513118313
0.1209723787454355
0.41235200020576485
0.7882537508984391
0.5257290047740363
0.6688483142492214
0.4912530229816938
0.49760682862220595
0.2642721665452992
0.34144568725358726
0.5147740208726427
0.5136915503373967
0.6585037507328471
0.6407237879874116
0.8122209680276719
0.25003681495856384
0.6892661842541895
0.2771070543438888
0.8142822259239358
0.22225896515676954
0.29019109726318104
0.1866864244406342
0.6770626180917327
0.8364700068003528
0.08734362002675272
0.3544230799648449
0.71421676224193
0.433925308267962
0.3778722292375362
0.2306518279794648
0.7038492724148748
0.3650765570066388
0.29615033267840024
0.896833205347369
0.4450638424740911
0.3047822149936183
0.5729372893580442
0.3047195651578936
0.07076917422100948
0.4798404439723702
0.7716099490102166
0.6384998411601075
0.8476862892924955
0.3918333393467113
0.5830074822037219
0.5032729911082525
0.3126088874250746
0.1812090284598936
0.8826519347629747
0.1940378986218879
0.4339186501525757
0.6965732321767113
0.7624867713446739
0.7371890732218543
0.01697287638450735
0.651786106869473
0.7512879830607473
0.36839426348079163
0.5849522055560812
0.8686916430963736
0.23050573538862107
0.5107377670850132
0.4308761185993015
0.6782261539387563
0.0025959151991243466
0.3685827842283239
0.729783891997916
0.1782434929707353
0.7257089724078242
0.7646682519281857
0.4566201391492516
0.601423200088175
0.7772540095499108
0.6226019558453133
0.9091027064275317
0.34753270624640403
0.271946132201359
0.043133755049622094
0.6106377377288357
0.7533964105416977
0.29220091642601115
0.2914605748012726
0.5890055106373091
0.7618453690163042
0.13368125996888547
0.03192676215343036
0.008383559931185093
0.3651224768103865
0.28000438959509366
0.5193761592843539
0.7035223311560056
0.06470859919834983
0.6755388126909225
0.13658727669828613
0.5250040744685776
0.7369181398366239
0.627944105197475
0.8088798757980095
0.6018182857914686
0.8971651342724821
0.05427412414133404
0.1310641069923875
0.8339433931068546
0.40180756071890344
0.19970352252767412
0.6750049373150918
0.4704909866964902
0.7818721189250197
0.6713650628279088
0.3987357088614958
0.34291424100784584
0.3953294055655261
0.5073191787791608
0.25540875657082207
0.6308577251720044
0.4981134915875609
0.3704227358636636
0.6316295719275065
0.8923746654678367
0.10333930465955923
0.8860408048960484
0.5671320628147942
0.747338813445698
0.437508450337035
0.9713601493311382
0.6315343835535852
0.4687958477987856
0.014254674293700748
0.41429247697645155
0.5509729626407912
0.28413264425291124
0.7860758615091848
0.7915733056415829
0.7363336430666523
0.5354523217358548
0.35630324567627475
0.37475183579019283
0.41940667539879334
0.5678170374855445
0.07040537496168506
0.20803791917361847
0.7002984347833158
0.46079281301586006
0.7453294590323828
0.654653645705811
0.512857195450456
0.922529856239613
0.2476493201924678
0.6303876401829542
0.824834082551207
0.23308182836790917
0.8316081939808179
0.5628427702571743
0.8054020953374069
0.7535182513172262
0.4042971753212393
0.5952071938954628
0.09831653474437453
0.026951274378819556
0.8681376633649334
0.4865998734186662
0.6301594945652035
0.6253493075419553
0.4032583196365194
0.18292551621317052
0.15729982245422694
0.49420905959052214
0.6812680849959665
0.00792163486261582
0.23384290359229062
0.6285813673679235
0.33288897427847763
0.8226053904081139
0.25625531036157473
0.19575158064346992
0.22421950188605286
0.4702971654664005
0.6749051113475969
0.024525733692429687
0.42070218827936223
0.2397797022081719
0.48775877182134547
0.019150403389038135
0.06686811919842485
0.761544443728384
0.8611575185550115
0.7234731142317056
0.8750774931130456
0.4907797809032669
0.40353119370839824
0.32446334303877616
0.9178949074003383
0.9342080360334862
0.9234646875048865
0.32488089422203786
0.28100318806414903
0.688893080507786
0.0936832428175466
0.9118664171694473
0.2835248471816456
0.13001868944915881
0.3574881329245068
0.2990321169589309
0.7740003777000001
0.5630781316489093
0.6311130523254265
0.8574389425573068
0.15241164183587255
0.8201222032034763
0.5419356863643049
0.11252760368255924
0.8448550045502164
0.9404222793517638
0.6731702941153932
0.7462236932039549
0.4719677003773469
0.09051859984636261
0.6102129388645823
0.1549453608020662
0.8887720839128964
0.1486354773327984
0.32337841941593665
0.20235521819152053
0.4430730485207732
0.49021713462070027
0.2203706081133788
0.846347180845865
0.2790366810549408
0.8515609922274252
0.4471521018564915
0.04596110581016264
0.544765677612738
0.42425222019068237
0.6239930597972891
0.2877612677303732
0.30790676213936535
0.018861886795790504
0.6110084305067862
0.4869455847310544
0.3441878986051502
0.49730183985795406
0.28291182143574406
0.43318604920090825
0.21478329834958532
0.03241366926029675
0.36362237318234264
0.32716468745856275
0.4315397345179726
0.8512551162643656
0.46320973610171823
0.5839394025529363
0.7111462929809617
0.6445887609155028
0.5964336527229049
0.38536100985513266
0.7165852428573664
0.5631329315864753
0.7006926513966564
0.16276899895987493
0.21545513464873445
0.28947692894530885
0.44075346195049425
0.653183537350481
0.6246459768469959
0.4654894862378483
0.5060221690676072
0.11523317051096905
0.4550621443551572
0.5883183814624242
0.5615573797010825
0.14424070197830305
0.18553080595673802
0.8089172353610611
0.24955776116809433
0.4710289707157134
0.9520840070885389
0.26786470786522126
0.4093311256396013
0.6253030475324538
0.5410635372237609
0.5669212142126013
0.22708834438773856
0.5825975644498583
0.3465270259659543
0.7657623480544491
0.05889107098421348
0.7238832577028946
0.3602093212706077
0.6900357017690739
0.2713668692882466
0.6516276551537383
0.3268817226935067
0.46124411550813693
0.9033937138189366
0.2777920616740781
0.836722590743875
0.7238907991139091
0.46871822456079154
0.26923627567939257
0.9166976601094292
0.12225508521125475
0.05751352697853875
0.6994548033964991
0.4486883723282133
0.4644433266049247
0.5043530051022458
0.3960865386924691
0.8418043670233564
0.5133630424228228
0.22291483470368897
0.5018139245459975
0.24090001836388725
0.3208331719277603
0.31716923433791716
0.6735718075019053
0.11320629515372778
0.9511411571447705
0.04786431872951138
0.31034065451298537
0.3965941377652287
0.5205476462144486
0.41348976784752295
0.07421799831210601
0.6403627775222277
0.5156551545614813
0.9251146096812477
0.07166439078974338
0.28547607979289025
0.6099193917338267
0.4075382768133122
0.385982158553041
0.6763636479943487
0.30809308229284527
0.5600283917721035
0.507340543308294
0.4812370830586947
0.3305234999467338
0.41384108652279933
0.20132993549746764
0.09820919797662689
0.6478718704894034
0.839049541378684
0.8228425644147277
0.12563390005856695
0.6027391711373195
0.4697744102150422
0.6143960033518121
0.6664534766018825
0.22811118230935837
0.30848525563351054
0.43839886690353774
0.13305995644821741
0.8735830385052962
0.8287472542199024
0.6190635010669311
0.7198962844220037
0.6093290503900215
0.32427706448092736
0.36022735641205655
0.8810596726726192
0.35946796903705813
0.2231281768488058
0.7503778711417803
0.4355741298661433
0.1360688884400829
0.602499885646387
0.331244122518682
0.3823174039268225
0.3740684703624968
0.7390344408400825
0.7420154810727523
0.7283221350062671
0.8210954463173481
0.6980880943333643
0.6678506045016257
0.881998601957855
0.33414455780147123
0.6059351772446645
0.6403803071108372
0.46770487476507205
0.6355886512667606
0.5854598139138182
0.8196675525596517
0.3402316898039193
0.6010944938431388
0.8255152182563673
0.3792906669616442
0.01801521646621505
0.1493454977395225
0.42323469490862226
0.6056272436321848
0.5624197803881039
0.5244777087110792
0.4694329893161528
0.6405744866167408
0.7148339574132756
0.22133070207788955
0.13009548881800517
0.5573624463631931
0.5504296186849511
0.5008072116863661
0.4283189107500797
0.13293705201864947
0.852537660773466
0.7822869433301302
0.8031625056158382
0.03659983281880337
0.26863803600936376
0.30207263510571714
