0.5246550907008899
0.5422453075710814
0.5091735535307282
0.1426343387930397
0.32477820097978743
0.8915365499785083
0.4965962301442657
0.39456676128226364
0.4480857070430793
0.6983359927326444
0.8842542712648293
0.4999914792629381
0.40900039024771545
0.27505721765998753
0.14051329243274163
0.2921954542898045
0.23542779127950386
0.8304641363990521
0.08909343339901327
0.02802944176029484
0.449087385488581
0.6756636759969954
0.29229126663495264
0.23001872341983684
0.3644247129510258
0.9050535315558428
0.19471847679546103
0.42352382118672943
0.5612292850500704
0.6206236530787896
0.29039886280169297
0.8699444844231837
0.45878249831719736
0.23396171248375316
0.8589737973309797
0.6067395399156277
0.07909247084533615
0.8747783753644146
0.15692932661713788
0.24111195329641524
0.9171328106313472
0.2072994881469629
0.5668251564819772
0.5868526293474978
0.8297012896945857
0.8058344569894734
0.39102950517973145
0.8974370043110496
0.9004413919736177
0.18079840858196083
0.15816138232280308
0.5121211492887756
0.9378546104582777
0.7010251902785265
0.8772331722989141
0.17966895791566528
0.2901929095120923
0.7198569371269992
0.6724203165135462
0.4570003702324376
0.162387491144694
0.4238927192196116
0.8855584850632728
0.7344080542495911
0.7311178512921483
0.23290510148152138
0.3742395071635665
0.8196231340389282
0.4514327433293506
0.22798604029380867
0.30555613103781243
0.5590443286134039
0.03338770327076022
0.49187193114273337
0.9153743563609256
0.5689301883805374
0.4603229649903304
0.9305349614205359
0.7939168961382351
0.48329160758084594
0.924628841363932
0.5368821731740239
0.7026798415016139
0.4922648697932796
0.2434352247029396
0.7369461261687331
0.09422295108634166
0.214641989694948
0.4262280453069615
0.7035279773125176
0.07109395412246265
0.4977170313983278
0.4710633638005264
0.40970839159643757
0.7778686894801873
0.911985959659693
0.32016908284953505
0.2672620964529026
0.40289233005578345
0.31688619989944344
0.01216006091037233
0.06716190055471422
0.03776192831328652
0.567016068148607
0.06517773228788273
0.7622174038858831
0.30382426641323546
0.49077131342987645
0.475476078109432
0.8649952416967748
0.7327316512276693
0.7024632170250715
0.5664514920069258
0.3381471852269342
0.32280478643037763
0.33512286205097214
0.46954084936056634
0.08014692502084386
0.7094582414948682
0.04249854825662338
0.4077995047175431
0.3852237861128491
0.8891195412427775
0.5727610882830811
0.3813103125739385
0.47232369545516006
0.2549364677239878
0.6178876885479319
0.09385656169231993
0.7590331092815956
0.36115256859977124
0.4828162657141321
0.5334272645736599
0.6825942915758126
0.10890040736109981
0.873092492746185
0.3713145383510875
0.14431091903889037
0.7158130888571419
0.3074415543068748
0.6540841556957644
0.7343863490909779
0.8853217063615466
0.4495307482886677
0.28523098082403403
0.8603538641193369
0.6225439433190946
0.37063237511257163
0.14920118492995924
0.6158469207434843
0.7756810961792237
0.27054341567546314
0.3798100788134453
0.8627043321086005
0.277451770568051
0.4393516063258772
0.2294168295634967
0.5107884545696201
0.3164173126190836
0.2352488895100151
0.41372180211608844
0.17521424348717876
0.28782116050419254
0.7886040562548622
0.3544120645347415
0.442435381688103
0.5074549183841861
0.6146583633557944
0.03932517094097699
0.5963449970705341
0.488647007308463
0.581818407163442
0.6311779592717561
0.4017614707625489
0.8168143909954354
0.4817556887057519
0.6143751487354153
0.3347048935854364
0.6734501752258009
0.927371924364828
0.2347847644051489
0.41193457105331405
0.4339285652066097
0.6994643935267566
0.3840142097358029
0.7793906019664703
0.41117672862169047
0.7353450564554945
0.9043348963732264
0.29764101450320085
0.5309359436657667
0.14313508666802954
0.08554707189207798
0.10818519418991492
0.5340496744901685
0.6373917821244184
0.1682616656728225
0.1510551291364531
0.43330841309839957
0.516935492301512
0.23961918771933507
0.637733472041162
0.9032109008977289
0.4493996957843077
0.6320041395005641
0.773046034886336
0.2182857824953259
0.3803487113880278
0.2550772266706196
0.3402311089579764
0.2926745403275208
0.8339644925472735
0.7179977951196959
0.3033072124483801
0.9259269753742795
0.4792422329444206
0.309150660946694
0.15383440565231304
0.3593325532386276
0.8135582460598717
0.8716204771464375
0.6072758861401236
0.3008928325060794
0.48902034962625424
0.5755882458726143
0.6197472263733717
0.23103904619759433
0.43350029928344247
0.15380998569568935
0.9141107817589524
0.7035837564584441
0.7269477398995323
0.8322856104174523
0.5334270044174967
0.8481382438252282
0.4218061724266763
0.7022441126205147
0.010313904814714784
0.17069957751206652
0.3211452056622484
0.6818485586226699
0.4998899844867692
0.6696988393779774
0.14156933695468601
0.005803782899460049
0.8718212331983972
0.6252118976748329
0.10575722444847163
0.5411172594076298
0.6281884637693766
0.4472729279357616
0.8295526004040439
0.09723747735711905
0.5334031806905576
0.16466584895034816
0.7194305946743297
0.31240697588912636
0.09181358024427469
0.6549236390204842
0.838973759709915
0.32830034090519555
0.295822077047652
0.2760049660567726
0.8724462010621415
0.7655494164908413
0.5864264138099965
0.8401610257716425
0.05976458674955088
0.1449536940822906
0.1710868800119757
0.34523519851612705
0.7806992353633803
0.42554037663123573
0.45941004273485764
0.10249533256570499
0.8902672235747369
0.24069321447041456
0.4348251019286458
0.32893458290945804
0.554757512503986
0.3231938654273356
0.6606221612966073
0.6074569441802715
0.32593310937568537
0.843832714069418
0.49841447480509793
0.4961273283846067
0.5099938412993708
0.3340515101709679
0.781194183457314
0.7821357367060149
0.722043221073834
0.5269666911782899
0.7992604213177353
0.6472053055969245
0.3350740398631307
0.13854207302232988
0.2118140267647096
0.5099162175234595
0.8836656995867821
0.9018936852429281
0.612960804966791
0.7342659645919163
0.5174215596764704
0.8701808533447558
0.17234616732697863
0.40291364395369633
0.24540390273364876
0.7850328729781081
0.06522931978136703
0.0786038757651614
0.42204391923891943
0.20130071551181442
0.2820891027757206
0.4237534446565703
0.39402397342971557
0.5541652679069987
0.2287884982353059
0.6082426652706042
0.6873158594105794
0.215050845067701
0.5155700794260045
0.3388796989504546
0.6818663603942485
0.17726332785310053
0.920555385774014
0.14356918603351182
0.2070962673020365
0.47310046687759433
0.2508929982892902
0.11931153386970345
0.6291358476848549
0.8523255305482326
0.48243360538014446
0.37184896594309563
0.5644767902524309
0.46435673320045884
0.6282630987322723
0.7481073270593548
0.22530566090644563
0.5434948984125142
0.7538486108046969
0.6118638620384532
0.27147552422683946
0.39630871221042946
0.31653262542810334
0.5987475826955615
0.9059029625047452
0.3978347855682699
0.4056155512319942
0.8399405173723568
0.6458807367202772
0.23548338361878055
0.4600218135428702
0.526713643167735
0.36567830341993646
0.5135353564138879
0.528900934693651
0.5877437342249484
0.7590743396525051
0.8444255508966004
0.5671787260242537
0.3613580225885711
0.45914445441948826
0.7215334061940398
0.8812975414692222
0.4094124735713926
0.346975475368767
0.7232584035241085
0.6743467524045832
0.5778596519094727
0.6321431129565614
0.3495167052389474
0.5754846782739914
0.015824410931252003
0.3023779365657806
0.051849118081702054
0.7855300032167789
0.5715656659894445
0.1959770680666382
0.7916903610782909
0.47905538354007987
0.7201287658639892
0.9202112135473064
0.1465171012388549
0.0814482214696524
0.5706155285968947
0.4897466908273668
0.31721233041741553
0.5940808126195872
0.6671566355234305
0.07917450037891442
0.37738162144770737
0.9516473194237954
0.2396213037550969
0.7254915141702147
0.6992483005254728
0.902157319175529
0.1918735597752892
0.44817383314230336
0.39269985199503077
0.36295458496087135
0.7435543368296317
0.6296217622515778
0.06433050806530037
0.6189373753177607
0.47456926506915365
0.07030263960793827
0.4385678239616256
0.4299107092567855
0.4806557494802971
0.46594554684376954
0.05504123460141934
0.29859515020903854
0.8711234082068563
0.887307067582931
0.8035958873513805
0.002874230950010399
0.6375139301238786
0.05022380383332284
0.5585811731095935
0.8417585985418643
0.8510384644252712
0.7386939440641288
0.32860875510194565
0.10016800282161799
0.8616972383476516
0.6970773222297473
0.49911394305096396
0.38292454631813044
0.18958766950428896
0.6330505425979098
0.47627259296277874
0.7155051771087525
0.15997896274390103
0.29498855386029177
0.257127112048611
0.8593177547773112
0.35398597970217077
0.38466034607959
0.5466028684819557
0.21611576230189622
0.3544330675361618
0.2958990030018408
0.14405352744989353
0.8913494358899168
0.15684744473510037
0.24469578610154805
0.7913346023658658
0.6403536230047453
0.9138514517613548
0.7532754436082794
0.5271945506285035
0.6234258889885268
0.8878982293791678
0.04371748076617225
0.5285491889996484
0.3484867349728734
0.7737325416470314
0.4333800920618855
0.03827973829249325
0.3747492226633027
0.6937589901484049
0.2710362695980081
0.8991166397724892
0.5166886006959296
0.35388842088922606
0.10554345994652445
0.4268238240134831
0.6879464428554127
0.7278197355333224
0.44335487457460965
0.7902476302435868
0.6420410016539837
0.7850445129345786
0.5418433827680682
0.8294445357728297
0.2981055561128844
0.6815866870210349
0.7206484877952848
0.7233485021978082
0.7736873743228689
0.6269249528963505
0.511833677928129
0.3848781083858339
0.7480113555445944
0.5797351603984472
0.7764678219358007
0.42045178013112855
0.3598299727129854
0.47054553893009865
0.6098977155074418
0.47264707653293675
0.7483402336752073
0.32111055236706115
0.33313184801790785
0.06371352683817613
0.23549486087651647
0.7014432645819992
0.8059636919843246
0.25470847757947324
0.7726785023370158
0.20871427651379063
0.2442593791125919
0.6635884336036052
0.7171571876052657
0.624594449888579
0.14013931572233
0.47142038147639515
0.050845055774113176
0.23803914259963604
0.8231488327135195
0.5597867414457394
0.8871897857043816
0.755201943578501
0.44389074656298916
0.28218857936280106
0.8687629444195907
0.40429383347693143
0.8662847761714031
0.533848487825165
0.6913487536849191
0.237211633903565
0.5637216508141126
0.7054686116544862
0.6087478589361812
0.36269411207297875
0.2401071258073584
0.8586267544213128
0.63904987358617
0.8866932453002351
0.22668621695793187
0.5375130736206672
0.27609117185324605
0.7817674450769052
0.214641989694948
0.6716487844212562
0.4168280125805569
0.33774380618792893
0.16750653137521077
0.5369675857812396
0.8701427548596299
0.21848166548826892
0.6583037077424202
0.22101558311558048
0.001772511403521214
0.4988894617122866
0.14449120378753422
0.41923952052955565
0.719059617568609
0.03478966859385671
0.4840005610596126
0.6512943865913486
0.5291709553206306
0.5684492915339044
0.20852153934707235
0.2289637434074557
0.19990534305390995
0.39997022782914426
0.681902236424759
0.10077472134559509
0.5540380627253516
0.6554576040340951
0.43093811347430205
0.22567887214299576
0.7401323441430164
0.46837212454287636
0.44698083663244254
0.6463923773907363
0.6324974729022822
0.8880264429599865
0.5186220085727682
0.8018754107908216
0.522171508649317
0.37833468003320175
0.43446930042750875
0.47614605942244154
0.6148012667807323
0.872108992994544
0.7292080616976284
0.6371920723465739
0.422238610666958
0.5732137283626639
0.27767625609623914
0.3627446096255735
0.8349186154080056
0.05199451558594145
0.4396039208215037
0.5316650123888128
0.6093175434836713
0.8856539768516134
0.7715838478959773
0.45884844306101785
0.4871127968370697
0.550692479047103
0.5741730908106616
0.6478525053839658
0.32534661239692975
0.6581215932384248
0.16591935141950376
0.1194466241553835
0.8902887637653435
0.5295080359118091
0.8522870147600393
0.8837068847089009
0.2373480519458634
0.36681520162323683
0.4989471699047765
0.14705066535169048
0.6627143462335262
0.6026448684978278
0.9010112542549311
0.867551545592929
0.9313266444240764
0.8565554552204028
0.34308403300563417
0.3854331368514992
0.5298699102807402
0.5521968873276929
0.3134506248588224
0.7262295825293873
0.7191668795840164
0.7368483713831838
0.8956084451434396
0.9216852852439515
0.6265297857209486
0.6612033238350046
0.5925138636873075
0.3153983083315363
0.16305460301694957
0.7445409591146375
0.8901305440793077
0.7301334779097
0.5765965331352128
0.35179472269947876
0.3901378117900743
0.3093039242260144
0.34899559981462064
0.7204151515708863
0.8753358611500253
0.7942484623713112
0.32962947987788294
0.5490007739132458
0.07907658544302078
0.7922357886654573
0.19333297053188658
0.0987184283015051
0.25327516408352274
0.2532307588720231
0.59119502321946
0.02477852885142612
0.8373479689075597
0.5968516648683279
0.02594802350732568
0.7168672123216913
0.7716780576922944
0.39620506354236235
0.7046073055420704
0.6819812872781811
0.3510737506320396
0.7730108871639696
0.4416592392562745
0.47498371692462654
0.6895157412563502
0.6391891294795289
0.0895739004716121
0.19265077481423987
0.28848211144782615
0.5138396540527641
0.5069986446837118
0.6622060651012454
0.5694579630525199
0.15918118666599693
0.11915594625852818
0.7552435445309479
0.21133747573982217
0.9121629070561378
0.6613430537453079
0.7046621343142381
0.0920876988515816
0.6093787191497598
0.18455317717515263
0.26756882983807834
0.5818106743013345
0.6640855195115217
0.5778261816697908
0.18358877870571597
0.4081666098117754
0.6747304797062471
0.5418543895277962
0.5875737357585716
0.3241512813333139
0.16338448720669174
0.6048526154488265
0.5145381203793498
0.8479697974758166
0.05070533715329246
0.7202204269273559
0.5712083400851404
0.572749605621117
0.5009411023719251
0.7783534488265405
0.3527416983144686
0.46529351747758424
0.3384515994110616
0.5746085161919908
0.4878920803078665
0.9470928363208847
0.7309058864485588
0.8631333368496352
0.7682568856358392
0.7678651985316577
0.4825084894746795
0.22429749278288275
0.12670772932909263
0.7692782320836214
0.31842598530718436
0.2555054929991614
0.5009162943206975
0.33423419423398937
0.7143428611577576
0.42284594463587666
0.34829768028268554
0.5145211353561107
0.818182792634402
0.8292979689468609
0.5170959184845398
0.80520373152301
0.21778345643558647
0.45048136463112953
0.5838302441108986
0.8067219365117617
0.704537937373237
0.6769282359321991
0.12520436546971006
0.11406265181501629
0.42858997912719876
0.7232403164156458
0.4092851826655522
0.07828572181295876
0.5966995014808464
0.8462205776015479
0.650834732523086
0.5209348466986864
0.7500225523639101
0.6894216511395197
0.1680637811549768
0.0788027371297405
0.21443325180008282
0.15348028911155345
0.5231647580082165
0.5366862253527447
0.8450564538134966
0.8648638741902623
0.02056021750931867
0.77096924326682
0.3838488114924006
0.36269586639927887
0.6576080724025645
0.5768801183547234
0.455314878436382
0.6611726609669998
0.6251287024462384
0.016446192864392
0.2893888803472013
0.21043747604974627
0.9076425715335481
0.5623591932111303
0.1795652797578629
0.43788950900128704
0.6024049577701034
0.6692748294720928
0.5098174124261536
0.37346037384090813
0.29847996044864655
0.2433551386560044
0.39813163681987424
0.48057275194181104
0.21458691630266122
0.8158150330153521
0.19171916683174348
0.792006791517163
0.8826985800989178
0.6433101164526561
0.7587788627389264
0.7528425901707673
0.730954970491854
0.8611422623130308
0.6107455610481046
0.921578787929509
0.3925672741965161
0.6849342286236257
0.7082483356944909
0.05783593807795503
0.5896471070403745
0.6406285928741243
0.14143915207466906
0.15440787764481703
0.10979424501219022
0.38366331530772796
0.7501376677570654
0.455353362225072
0.8488633248842186
0.96991233459816
0.2118400123336288
0.5682306851394655
0.5364425969524633
0.9111117401788735
0.783687660615949
0.2525728540328656
0.6226752392001907
0.1680618311095811
0.42862734087692667
0.5445118357560353
0.8067371054240563
0.12784589620637105
0.6033992124646167
0.791367186398585
0.6681745981978441
0.38783564426764805
0.3109301431764224
0.8902490266801178
0.31240148237489535
0.2000357409534998
0.474255894490675
0.01812278598220329
0.4114945668494509
0.469287949081445
0.6048150922842357
0.6005769974057138
0.8774914124006571
0.6357640039467418
0.35771091510069813
0.6034688945877522
0.7706981766797896
0.6582927948039471
0.2847567235294533
0.7948503784516876
0.18221573184077197
0.7150832077565888
0.6772042603826339
0.04626072773490517
0.16087016126126014
0.5543579712517361
0.4737626851171872
0.7111870624705249
0.5674056519807289
0.256196250914738
0.3340383543034479
0.1795777187564869
0.06740483532464084
0.49856905864462947
0.9613527127930847
0.9394268528728771
0.3111179747955519
0.39728124928324665
0.76030571950316
0.7497571503996799
0.4250033754401859
0.8744232346137665
0.12810704675524207
0.585422208902224
0.865947547500765
0.8371333137513133
0.39607915420023376
0.5061965058777013
0.6742492707562763
0.932682061082569
0.421402854062061
0.05358143419824586
0.3040426585247138
0.6033457663376353
0.19379977633780895
0.9077708838996394
0.3560013987405125
0.18246858222509468
0.11471911611052846
0.4389676811903724
0.12124524164299733
0.7193310451665405
0.7054693738544897
0.7363594554927398
0.02370156415415937
0.38519686486097454
0.653635961874353
0.6667583640864141
0.32973907941544794
0.6411020497469322
0.7936735489130179
0.13904593101232415
0.28669934274459635
0.6116955942968512
0.22982373082176735
0.2734759232898771
0.457665790769057
0.5994752550589701
0.7715696224420517
0.31107417344649774
0.6857226325805715
0.525871830464814
0.5295767116261576
0.663332910333147
0.21227251382968984
0.0061655578309165755
0.75501883236755
0.4250796252550637
0.5560511432798807
0.8056268351435621
0.770984961583459
0.814833073055829
0.708527599841047
0.636737298264055
0.9410595465578345
0.42609274010838893
0.554617173514261
0.775964110626439
0.49421879431150634
0.6288491214207036
0.37351026932466647
0.45523615418782426
0.6402138696629983
0.6490802956284731
0.38236762451960016
0.5595336004983684
0.6639490258984616
0.42689899964323197
0.8284463870746802
0.38688379681143586
0.5247380430075917
0.25695234393461425
0.06593626763788861
0.1354730861151528
0.11631740494424533
0.20177250300417637
0.28749154368568475
0.8146507095799304
0.32445072741682246
0.35635410341027507
0.6053391435448789
0.32845002756147634
0.659666332290832
0.6276969502745166
0.37203812455377433
0.48962733646365647
0.6673858090116402
0.9144196844644441
0.4793219864339746
0.4560587978055868
0.7504254196347787
0.8275895926935861
0.541379395546825
0.654906675909805
0.35818413802580773
0.7980747080993746
0.687440983696416
0.09298332539527797
0.14668327494837047
0.19602341381776478
0.8842115102719018
0.7576016515804342
0.7248153104445925
0.506342170803944
0.16827710069596488
0.6912644016000914
0.39157543156870384
0.5568828666601329
0.0706023762243387
0.8663750203347069
0.5114867242358527
0.7477139648852223
0.7420941605010636
0.2311620551714413
0.46161713108437785
0.6735979016516208
0.3001711044102378
0.7405155350927943
0.7276694726462101
0.1638452273741606
0.3132830343445068
0.4871318889873797
0.8905804840508832
0.21180809569395231
0.3137970814224311
0.07086139446127884
0.32164866795215247
0.5813378831816416
0.03344727947557852
0.49183532590205653
0.5345442350062771
0.8130204462108681
0.3581328279331254
0.4447998054972518
0.725806672515917
0.9041325636489357
0.7134707694560293
0.636914050345058
0.23706553011118833
0.6004210633098539
0.7957970306890318
0.7178148952316891
0.3807969951122789
0.5662095738001717
0.4363528267933895
0.3669388800077455
0.6357314663896744
0.6881888491290643
0.22117263957412056
0.143910727964008
0.7715050774161633
0.3454736707274022
0.5046518167035712
0.7618365771546113
0.43801734010720517
0.4539219789519617
0.6639253947704111
0.8038684846887418
0.6245842755484703
0.7833678215713014
0.8057443848781909
0.3499672610986615
0.8794886967477087
0.08685129102034975
0.36718543033585327
0.7345226887735459
0.33510070212410126
0.727364220710013
0.08527193169511067
0.5033917304572805
0.4059797921169469
0.3145881199462434
0.7746420941679395
0.654620814815574
0.5896858772595726
0.14995527536128908
0.45481235116891255
0.8417429295299299
0.16737329921579563
0.415064263712568
0.46061539141012053
0.34264692968216154
0.4996345558669502
0.36264777124810665
0.5775820712472888
0.8009520259388133
0.4662363822061899
0.24895407173262712
0.4728137262332241
0.22506276221070606
0.10675872830775877
0.5294915914282001
0.547852319303289
0.16295596621234626
0.12465412930176367
0.326651555714651
0.7353115317951705
0.8631169117321886
0.8287257659409064
0.3854130054356127
0.09698273414949668
0.7240454706306622
0.3966806452346427
0.8538914242877386
0.09618975235910639
0.44112233214041313
0.5090538248190779
0.7013993903623871
0.8384916395646747
0.7057500391717374
0.18094652730113245
0.03666681639083128
0.7740914197322072
0.3360077114956523
0.8081378846057984
0.15461235387057934
0.4770376503423057
0.4920352866021432
0.5213702315711437
0.4407112856456143
0.5467006722886908
0.8349099862691134
0.5324003846805985
0.5526517228167185
0.1446773363331802
0.4497776851917879
0.6937167949960181
0.8958896233347229
0.2596224233865048
0.5141743217597832
0.7389000891980084
0.4199560422261663
0.4557589050409035
0.6446085255985692
0.9261213682403772
0.5667291832025465
0.6268768825847573
0.02928405606954791
0.8145195847167941
0.9220843545758662
0.5180927694865846
0.7346740588496423
0.3793313404880371
0.38157770763687593
0.3854990693091869
0.014432309073960052
0.5403568297422529
0.47103345022190934
0.7762529262245286
0.39472542992649357
0.7492484844181654
0.50747549581785
0.2812329408450757
0.7656906924330658
0.3475167302900601
0.6575081013798162
0.46968319321004764
0.47023465617029864
0.6324316777649673
0.2502988223005905
0.08415992954330076
0.5151786810296729
0.29735832915969534
0.5245791565494529
0.7453899040558682
0.7561741906838593
0.619678746494012
0.9130103293108124
0.09623096265292898
0.1567434673364804
0.8467504706111983
0.391614285834974
0.49578307913913905
0.3587616163416094
0.05839685504923092
0.45673567405145965
0.06654984847369641
0.2608060453616724
0.2682023994961697
0.6103855322006103
0.1680052883476163
0.7552874841221717
0.4926715223032594
0.671172806295758
0.5886879428005986
0.46013681435487874
0.6849357311744715
0.8438704654364837
0.821481515345945
0.25419326896220906
0.5491097761006852
0.05491449452999626
0.229636512501519
0.4057264958269324
0.21382963379887787
0.8367371563495796
0.325135183631318
0.6203348603286846
0.35567640440401843
0.8842992910830354
0.4300981923985767
0.5585509758455515
0.779874054995325
0.06501849174486307
0.14867423165894086
0.5246790340130849
0.86335499960911
0.576198168376774
0.30245462088675784
0.49981931078998565
0.12525819974868457
0.19904895792647462
0.7482140783112315
0.3631351288450368
0.5228179075186886
0.4158982865316611
0.16177417027548407
0.4569620698068585
0.7193235109746953
0.4009985910013706
0.5614507585769934
0.5754075955245301
0.29619972915666437
0.868853445750418
0.48242854599540547
0.7241750755593055
0.1879140637965616
0.1672925775678352
0.33965882428002314
0.2068707849244347
0.8771309610644439
0.4013381877510302
0.6042038556894441
0.521657172520712
0.06304205314002588
0.53171185241111
0.07476392171652797
0.6110832283893132
0.47036664422359314
0.905463035542601
0.6995137259741612
0.9460117294885145
0.9248028993478093
0.6265760146546399
0.8608858137974797
0.6023368586269082
0.6843475938946378
0.7153296811874235
0.73191592275081
0.43896449871135607
0.579342002552547
0.6162630978866357
0.053291262710610736
0.30362466623858547
0.401264731745983
0.27881711914939794
0.6446475314187492
0.9411550181252127
0.32279989476069504
0.9133960741938068
0.27362973206820906
0.3085074773095562
0.34106365320949095
0.6411450746022782
0.7340424470407967
0.7021295106844224
0.8264816689845321
0.9222159850648447
0.23205887957236673
0.2112537211239874
0.5227508297280014
0.6208557478722778
0.4689434698209531
0.08653612851947427
0.17238272951310143
0.7368979823711524
0.7023984783560204
0.6180843118180108
0.6972091064181628
0.483461227251814
0.24645513703113806
0.706356483786128
0.8277172200751355
0.5896536175737781
0.5735314647340413
0.6279236233966253
0.06669857779158402
0.16711751014213616
0.6222456699185311
0.5444682227587404
0.8224132296082541
0.7868882113251344
0.553267029889894
0.3415693776016889
0.6925289350201896
0.7067092199670185
0.4640199677496128
0.5595926446002606
0.34540429280482365
0.7298478632523182
0.3868038524323236
0.658646660615756
0.6104154156635923
0.32788118097418817
0.0019462319325803453
0.020302216384254244
0.573384021253472
0.01734330843303886
0.7735174921102677
0.6573190342626308
0.8247011036886096
0.18705597495628332
0.5779730849471002
0.801405805849623
0.0898835950991574
0.35453102270747083
0.2769377974186642
0.3317438833687783
0.400052676739969
0.77241953926042
0.46832448965932905
0.8254995470702714
0.4622783535168994
0.36831218787166814
0.1723667237177091
0.5048746816945713
0.4647878260578811
0.1768036312355485
0.5169557323205886
0.7391326034772204
0.02089190179801421
0.5812120873590523
0.5637910854282834
0.4218183987681214
0.4176751211649003
0.44081499615682895
0.4556709892951962
0.42433747202418065
0.23444015262319803
0.423931650442111
0.2915599315696641
0.16082222999881726
0.3209895348858917
0.47459705581827183
0.809754335535214
0.5715450696118044
0.7688107401316192
0.10087436349598139
0.5432877105825711
0.5499929213351767
0.878313659340646
0.8042607971568904
0.30090570023503393
0.25503052503315077
0.14909810262423695
0.30815282462144594
0.31209359959816174
0.08362149649140967
0.29227601736018055
0.5399231279180152
0.4997810288174571
0.6337222722551311
0.43614045953240266
0.6411417058937633
0.8119333936564075
0.3709785291525164
0.7941075865237207
0.5146408808205195
0.05108453054109658
0.40304315144901653
0.11040191131290839
0.39488553448034347
0.5519515345485502
0.777103663273972
0.5409460752895271
0.5924366249375431
0.2584205120122339
0.20121074626104266
0.6737587445309405
0.8276356491279149
0.5111218534709331
0.8281420128669779
0.9414638711472243
0.058924375715309084
0.07119833085122788
0.3101079253865034
0.637979610024759
0.24612636705350308
0.41720801145156405
0.618651619169964
0.5528638506188798
0.08234866880434107
0.6421450453138752
0.6172911101501533
0.5572034107336877
0.14647769199189584
0.12578468302858328
0.8045271285994903
0.2135522786335226
0.3592614801688057
0.10758514597353876
0.17681561497831802
0.5535628365144807
0.6920810098630367
0.7172739577937267
0.9326849835112528
0.5394173396759433
0.663718953907318
0.5124647824681637
0.5825034231421923
0.7660003231859279
0.4474422552030293
0.49842584557284364
0.9089372120026232
0.7830971051620793
0.3093403539405665
0.7344475241863118
0.6579454867178741
0.5240786984586301
0.7977405500630755
0.2850150045590407
0.5418273816058388
0.7230688200378861
0.25932807632837673
0.8794005882773637
0.7805637087766925
0.6266782008156189
0.8113595470645687
0.697839597625818
0.8024088824085087
0.10773792988668741
0.3455654347389384
0.8041430941618826
0.35976211976928024
0.12003613038937834
0.3263656952599577
0.06247893586837502
0.03869338346709333
0.5231055619256577
0.2944368451098234
0.4426435438548716
0.8882135540913157
0.550265047846025
0.8990292781644939
0.4836211920895731
0.3156252166163024
0.32919074557918465
0.4349326068922449
0.08108795641335768
0.1761402618987888
0.14969121927534756
0.3000952922699199
0.23651593315426986
0.06155163352967322
0.24148947479124583
0.1827363512475917
0.7943000382323558
0.27845716112953045
0.11596383453035769
0.2891064399955761
0.6959605370234481
0.6360864021159341
0.7951848395119883
0.28379029126111494
0.852181954475972
0.019688448482585066
0.4228931934321021
0.6079193489870045
0.4338115411489709
0.04165626143006906
0.043765438536941106
0.23158841067308686
0.4354860799277214
0.12569669240248113
0.39642277847057045
0.7711820736159125
0.6791886556567556
0.2978202897181658
0.8854638518502549
0.7259835874005592
0.3407645316234814
0.7570266608619424
0.5812177524307914
0.750278690453365
0.22341532754180965
0.5859561005022954
0.7721767367905731
0.5873560905305161
0.8235380789941898
0.8083612768340257
0.20619227639693857
0.7970636642885381
0.5087888452867556
0.3195291092992888
0.14704512222274102
0.8726675224552771
0.46529351747758424
0.48315938272218056
0.6084335901146999
0.3290732994894622
0.2687641288424545
0.9117116971136298
0.2051113658912835
0.6131285669450298
0.33241122416225094
0.6384018540701609
0.7226718050366453
0.8623134608975314
0.03164547846849148
0.07929493971097913
0.23583098552198156
0.19418729330620654
0.4920680205887182
0.3118140088570158
0.4511154149171945
0.5846281745264321
0.111169742943028
0.5994587130994007
0.7579377224839409
0.5145039643883662
0.46419384102592504
0.0027367538920733134
0.5154231753974969
0.8426430039429111
0.5863584788945821
0.4458948863485939
0.7162862420226945
0.8278660237954182
0.11948934336841956
0.7102336709090622
0.33356917258217755
0.5780959377071102
0.8118929167608088
0.705260542230085
0.07145229499142318
0.07644704767528458
0.49063371387310994
0.6652303528974515
0.7201464594834953
0.3273973707247546
0.6796546219317248
0.3821619221489663
0.7807017459136397
0.24809563158487233
0.5665181620412406
0.12923104749648076
0.3179278057435235
0.5405114345635859
0.5058493549247062
0.11591258122129999
0.7517091168547906
0.7290291121267382
0.06934494260497467
0.7263920702589896
0.7222548831446796
0.28632002873868884
0.479485149330575
0.23361338217029204
0.771338199878402
0.57172246748313
0.10765801606629327
0.1850713988508577
0.590060545133374
0.6574915360561758
0.8265382959952217
0.3937929525185747
0.47164050254683615
0.24161487278587598
0.21821348594453488
0.7422025269527983
0.4988112388736242
0.7053727668830057
0.16382783670858383
0.32149365321832823
0.8025469552979243
0.6503991994061334
0.5115062160289743
0.510883275963384
0.7411220739067663
0.8001483151922796
0.5291359084258258
0.799441109812176
0.6730424708152897
0.2495110788152251
0.06875304802782033
0.4949095808531362
0.03289504601421229
0.5365639639116582
0.510122504501683
0.2753174068147102
0.4443967772070515
0.39712211144145676
0.8473258903667792
0.8024502221505201
0.30402419190264646
0.6391225262073387
0.7645077703852758
0.12557564924336123
0.6934268857624079
0.6047199159432732
0.05689779014856353
0.41597805617455647
0.35795537945505446
0.47582319357449937
0.5620476296448209
0.6227571420818352
0.5580395694385298
0.5116294304317509
0.4948897852247638
0.5438835623687698
0.4690119424312839
0.38470560774128715
0.6914756103390591
0.7779276494662161
0.09364950846347851
0.35422873630725027
0.6092897584124138
0.27083307005561275
0.892280706951698
0.4521795953942618
0.6636391689235869
0.5670188223211513
0.041537920225292145
0.5429176025409456
0.451689288333522
0.596748776582405
0.03896216826165778
0.5738011076705146
0.17046471665674565
0.6159371273018526
0.31759028800068
0.29927000907550366
0.46226763344661986
0.37082521239539573
0.08421875659871979
0.07792333408684855
0.4249334046709766
0.07952811805606456
0.18780243239081876
0.3296609340341298
0.5869608502571787
0.8436497863449621
0.6905887281876031
0.027591149775054984
0.2897269459044007
0.7440556676462657
0.5020665174595182
0.6490788783680348
0.7676675489054192
0.7526223295547785
0.7241615915681213
0.5215599887885586
0.17564121731821325
0.24070237303077924
0.20001827835438696
0.5440868222346852
0.4461479232123447
0.4087345359572519
0.4824877771742394
0.7449705942570469
0.4152957508960708
0.45188779604556006
0.2648888308696088
0.7629703308979187
0.6080121907100224
0.49410730582579176
0.30318696741881657
0.032709069348830784
0.3872930334361702
0.37118387177518536
0.3342742358082328
0.2880159182004119
0.7521626754739177
0.30321875707238843
0.5289865859447008
0.9202851340523018
0.4280550237499584
0.7473978483389775
0.7831069551111879
0.3410678416380188
0.2986757266888964
0.613097884662005
0.04701401168414212
0.4317333508119995
0.15354162843512636
0.3852225502272848
0.9141307558767887
0.5241595671736536
0.6551598780369083
0.7720093033885067
0.5273311598134185
0.5649687125584922
0.8182345096888362
0.5304364482064957
0.44472790929002
0.9506813851240552
0.4095621262177621
0.7315541345175355
0.5479203842019711
0.9201466448157656
0.16855787178659667
0.4299519512044126
0.5106254628351767
0.7199912866166139
0.3792169685101785
0.6403536230047453
0.24322095252619402
0.9528096414057937
0.6289980016927196
0.5685855147219585
0.7846343092930279
0.46319556518289473
0.8555641097609099
0.13792221449154599
0.555403368725687
0.07594149261080878
0.04657405405070417
0.8390543342777889
0.5434580425638217
0.5910704898821467
0.5025439497637204
0.5978494032530335
0.3561985073784133
0.8883959997427471
0.514008385908288
0.469362237413909
0.5114975751264632
0.38783564426764805
0.4991006164496944
0.632673930185204
0.18449284516659348
0.2561906194267339
0.7818571654783965
0.8667641329857004
0.1596193349525805
0.5839962439953297
0.4330059262550724
0.6028377408664376
0.1559779705998486
0.6773788302251808
0.49846096522674677
0.05948037353092339
0.44522805960571066
0.8061693262501116
0.6616602355676076
0.32763527595085085
0.5348885203074263
0.8602673325705421
0.20515419820443678
0.7353965965730662
0.252603616234866
0.6973178325953793
0.5434176413351376
0.22546334402381896
0.28783749976729645
0.6124207361567817
0.2964758285345622
0.6510757243354769
0.1536761981251662
0.3735040626122076
0.6153987041334189
0.8399293903339802
0.8374171988810585
0.4091939941609635
0.5486984194560488
0.1817687538032955
0.9081382553254927
0.7985342898384116
0.7325061313278457
0.5469961572224653
0.4179689975691839
0.8716048680344876
0.8518725822280702
0.6076901817646834
0.6442229462442141
0.32614318692608646
0.45961764884435513
0.40857075885313177
0.259931252276744
0.4109336555470428
0.8621409765062221
0.8228572823602948
0.9343570693122215
0.1689125943598564
0.6394772030667919
0.7097719760222352
0.6512374686074529
0.40928679914210936
0.5452605247909754
0.9259461428405734
0.32272215425828116
0.11320510346329837
0.20907005466723308
0.24722629264374849
0.75041351891428
0.7819504850921174
0.4733459990205332
0.3422716406717213
0.3408546763940358
0.5873826458149618
0.08290681463430721
0.869619542262276
0.8850597969050135
0.13392026715025576
0.7574503569574101
0.5649660350205934
0.08738556627508334
0.44320374811047986
0.8784306600504238
0.8829071442831404
0.32790508379092426
0.46450197428141515
0.43864160066179586
0.4241950233947256
0.38438312674975317
0.2966982744746195
0.7171377879543703
0.43499862380394844
0.6786646538116411
0.2769377974186642
0.46038473829101995
0.29550213801897157
0.576667524231517
0.6772885801441177
0.2744246666915465
0.08957739921068186
0.5225038239578926
0.4146222353606177
0.8056174949432077
0.832735174326017
0.5003618546475903
0.6471849600260443
0.3861728022115572
0.7551034074304694
0.43662582258642524
0.25047218945672356
0.8682393949494428
0.6221985169578312
0.8759393896136587
0.5070488409535043
0.8596561846114049
0.3702128725472793
0.533210732268032
0.7897476575867123
0.2927460333288573
0.7852479001731576
0.6772173251285747
0.8493813006212185
0.31700708372876973
0.6174508600508909
0.9239746619097335
0.3985717624101392
0.5522285943777805
0.4414724842705972
0.03661976333673775
0.27612894724153364
0.743126533263518
0.567947773018776
0.36599854659325054
0.40257775589584915
0.18272996448434517
0.2456161071464943
0.8001897152093594
0.7802228696680101
0.10496114649463563
0.4793658876525448
0.7918885513685668
0.11253429799474306
0.5143576776023178
0.5823728616619104
0.8426596680065558
0.8367494684338952
0.5531208436719328
0.7132258092200288
0.43013781716658545
0.7198183310621331
0.6920934390439625
0.6645893737641836
0.039024224609761134
0.6556900844558694
0.24290964424965453
0.8487862411229093
0.596266645082098
0.27053275765319934
0.3459699317000263
0.6573999324099601
0.6356085988281411
0.559664295338488
0.27179237848544924
0.12314045773851236
0.6535598207021298
0.6084574691540282
0.6469682523285232
0.2829871222553182
0.39661166508155726
0.18211463527434216
0.43085451854154355
0.6681489469769402
0.8395504503325415
0.5819227595177485
0.9168851703923265
0.012829712776079187
0.27290287983064976
0.7455506021291517
0.33366447125531934
0.6771727255514477
0.7284867495125803
0.958154262970476
0.5049693270628675
0.2591289863451323
0.7475427180492578
0.3461104320635904
0.7721094939164788
0.5284035189762449
0.10043807337382027
0.3042219202478277
0.42014726787688506
0.7209278277892843
0.39119861963212244
0.4651346019349171
0.3420561283366653
0.44094723428497445
0.20536410058628468
0.42239376350428204
0.6221954222767528
0.4152655693789876
0.25176094990959486
0.17473839830009733
0.36575356135802073
0.44921846216486216
0.7491122800518919
0.5225044016633101
0.4752268501154609
0.5526924767771133
0.41064213138328953
0.7493554105907989
0.616740232104108
0.22702254623796594
0.6465497024319609
0.5186014740864785
0.7700577289613496
0.45367091308609087
0.06082800691082247
0.7025493500744597
0.5152911407936421
0.8699941294419277
0.25508492815972367
0.14944718368794704
0.8627440108036847
0.773419561385219
0.4706886818491059
0.2951562179506018
0.5066790392354421
0.08754770822955636
0.08507185458386747
0.1828880477463882
0.4331843317789812
0.01579220704711233
0.22856882193291853
0.8612433016845166
0.5022771468853405
0.7386918954737379
0.654125871275388
0.403240087257907
0.735354307415446
0.7212268994790746
0.8602462765413178
0.6758977501458133
0.8932833541817355
0.10976601556911453
0.33230800669867355
0.5770905514367756
0.5016171963658977
0.634279460936717
0.29181658285274575
0.002302089104546506
0.7883959673641924
0.6513766611772591
0.6706401988167188
0.4974138158547821
0.4385788028501368
0.8308141738318685
0.8580424140106783
0.6949895613372153
0.3718534597375386
0.8183881780118493
0.28159532193284253
0.21305935361067413
0.30847787620556677
0.04866121175363546
0.3489999886393841
0.8982922816132495
0.8929670803179082
0.7958965070168165
0.8142724728239648
0.1365241522244692
0.03747327038992909
0.34397595700941236
0.7762129073091406
0.2956712846252213
0.26348188522095206
0.6425006825121601
0.7219266917284538
0.4510906416683629
0.6755131451935112
0.09684028603380353
0.09002165820678248
0.09494763101147556
0.24117979466835165
0.3710282624602349
0.27560163795203924
0.9002891428637354
0.5781752060639707
0.5255400229035977
0.7582304008830567
0.8948956911480739
0.6999375904389378
0.253021823967415
0.5488212359232157
0.04743673973730325
0.6832707257043094
0.5821708351493675
0.7208207424149727
0.20457462195183537
0.20075253230615359
0.5048974782873125
0.40557277646221906
0.258397376759369
0.42306025132062375
0.7029194309563906
0.019577342443834165
0.6419291574808211
0.7908740674666267
0.21680067393088337
0.9466414156220945
0.7759942377247584
0.7073429549204729
0.86925596810636
0.3939722288229913
0.1423603803545017
0.3641477309173826
0.32494132180982105
0.7459397769639142
0.3881096041973077
0.7625387801330451
0.48195812393302695
0.07344481180001126
0.6773788302251808
0.15086440698641743
0.5391191299370177
0.74365814948115
0.4146857322846659
0.0754721202812361
0.5005176960395731
0.4827528294680385
0.6731956104665084
0.9099368100519972
0.3851396210213674
0.35566523878435585
0.3715096538019697
0.5286181280004573
0.07571655974010856
0.46483199750599336
0.7199430734387555
0.8931650984282309
0.3346929155813481
0.5767663641712443
0.4699167218348373
0.49418542150009503
0.13617195001189739
0.23093581556061385
0.6595254941014379
0.4024768199387246
0.29478225305126965
0.871346801726962
0.4586255395032983
0.9162649959016264
0.1444046696215365
0.499327571810709
0.13804838274441814
0.5654160486393409
0.2716366895775784
0.40425213021237705
0.5228717111458401
0.5438215156398328
0.0018940733890562306
0.37611864557187696
0.4045545279775444
0.6910504312089479
0.8923733406741646
0.915566492512929
0.5770189719027307
0.732611003677241
0.4191681909917959
0.1523896207554264
0.5211383903361796
0.1895179030832116
0.7982967574069751
0.1784704096885236
0.5518494686805314
0.9172266993633394
0.8799983025550181
0.8974784993059344
0.3366169463635444
0.8969361621431242
0.26761280256252973
0.19872461408906036
0.4278152481571016
0.7018736944110646
0.863237366615178
0.7155553584478633
0.4156085240314504
0.021470675795507144
0.09880776513236447
0.06009349809269685
0.3039786744467184
0.5094895528358594
0.8831689698881136
0.5856075479738004
0.24634765697870434
0.22666978816482455
0.5870007165760596
0.878540184631971
0.282960954136939
0.0537155476814528
0.7537073810992346
0.5876997891011335
0.6061230266988415
0.5415013495077967
0.7774199885374289
0.49474412400601264
0.5663774962950268
0.31120891243326654
0.4222922107474884
0.12852538212144093
0.409312784705446
0.7830150374104334
0.512451777166124
0.6607923349409935
0.4860685904873608
0.5157441720586706
0.27179237848544924
0.3445116271321572
0.513023614639083
0.5146019901707468
0.6596731326336989
0.6221439274543403
0.7985691322899147
0.2532020879304909
0.692733154970896
0.2594368983299239
0.8071527107071751
0.21751543518619834
0.2922465303654131
0.1636445639864721
0.6790147442337051
0.8315135206915482
0.0859529549020217
0.3551914835525756
0.714816784551649
0.4467832412553787
0.38769643727220976
0.2346322368278761
0.7056132827562531
0.3570473895233327
0.3027208449426704
0.9041887188097981
0.4567451413056555
0.3201624725851048
0.562615239618107
0.29600677502741646
0.06218100235413645
0.4791572880129383
0.7905604771817525
0.6282109489989505
0.8346630568379957
0.3933180153133634
0.6073173345827485
0.5056187994237895
0.3257989531867197
0.16534981698294327
0.8880011681706153
0.18852122148218214
0.39779748206215054
0.6962651177152701
0.7761868042543126
0.735688016207765
0.013796222594504956
0.6546130933354912
0.7476498575666479
0.3517965466135633
0.5910890025176005
0.8686697524612734
0.22611050679521683
0.5287096417875542
0.4270757062138036
0.6985265103585515
0.0030391823669629866
0.36741028413670795
0.7280209934778081
0.14382591201501127
0.7301697518386209
0.7615042281536358
0.4434495596532305
0.5931906560785245
0.7782310423332927
0.6239545911905668
0.9067147286624772
0.32087023042975954
0.2633884018330729
0.04113491594699733
0.6254501940588717
0.7527738064222621
0.2916890437442294
0.30569823611138014
0.6096795174680082
0.7661859236545099
0.13568240979844384
0.03004365813143601
0.008083504479106161
0.36710397692348423
0.2902048986378126
0.5331157160531292
0.6962502137507028
0.059948652620614946
0.6719178630790799
0.13547810624062614
0.49885867336997586
0.7381367351237706
0.6279805566590375
0.8251374908966979
0.6136486444126272
0.8953450886975917
0.05199451558594145
0.12019204192007835
0.8153838668730358
0.4037317132834654
0.20051808721022513
0.672765197484256
0.4713466834110623
0.7788463644424707
0.6730765751556853
0.40868317219180406
0.3374925520084628
0.3939795507773313
0.5035903170353114
0.25435220995946334
0.6273717869800742
0.5302420565258813
0.3796598524849326
0.6266948208741048
0.8879575458302855
0.10700119872174244
0.8892957054551897
0.5693186145656496
0.7395773318509415
0.44434411717116
0.9736108213728777
0.6348148866771628
0.4658587223748852
0.012565271335417577
0.4148617956542421
0.5579156513664761
0.2935686549215223
0.7774221619126316
0.7904587241009857
0.7292189394086693
0.5273917257265393
0.35250206075017126
0.38705155693898063
0.4211773926479366
0.574226235018938
0.07145229499142318
0.238904487847461
0.6915702333973929
0.47728301157117214
0.7351862618856401
0.6605713241796585
0.5082507562943417
0.9265157045066271
0.25646849419331114
0.6358126338915105
0.8166161662357106
0.23691139720553614
0.8363750468059139
0.5725883909856445
0.8252133415720878
0.7592213225630094
0.4078920270264003
0.6116372846538438
0.09535572039650439
0.026171465861488143
0.8529564710445241
0.4618709297208958
0.6274555890589993
0.6206928285410337
0.37997299554824027
0.1854296182020654
0.16596394422272506
0.506628670545127
0.6668494525023706
0.006640923989818782
0.23370805121354282
0.6215561797652425
0.3311584087371304
0.8257087987144941
0.25499935870633533
0.1945538920633723
0.22810919924602402
0.458969759658359
0.6756922134148559
0.022904220388767656
0.43006410413007107
0.2424314566761031
0.49889863800521783
0.018853217082506857
0.06675791130533516
0.7518841753077575
0.8537899540981074
0.7214666656119477
0.8918739549049426
0.4892487489371529
0.40690861460475136
0.32348774747799103
0.9115547624740875
0.9362941414949354
0.9309510307571499
0.3300242664197335
0.2874231332132142
0.6801629355073168
0.09533691047315805
0.913230586004968
0.29714845646388516
0.1325429955012997
0.3603474535921364
0.2895455490828843
0.7734443841421152
0.5981728749533803
0.6325527611853891
0.8443124735152631
0.13377261916116198
0.8213017429028537
0.5391279642841998
0.10137728285914029
0.8386745620697404
0.9423969593020074
0.6626269551506853
0.7394838907811154
0.48789722583893086
0.09109383298802597
0.6209041525972905
0.1520627391058837
0.8997100316987847
0.14982959522663947
0.3368140491457599
0.20291151273493988
0.4290575305458112
0.4858806066895401
0.22525034342007155
0.84203356187914
0.2786831924056095
0.8544962777764433
0.44651519209112567
0.04707774626598758
0.5485167418448084
0.43153170764272825
0.6206910506242166
0.2960462654832929
0.29761052951317835
0.018945971669798944
0.6121718375381044
0.4731520311371046
0.33416937246202566
0.5095537118351183
0.2820742450733465
0.4356837499284893
0.21647031737430403
0.0325900358247885
0.36359421243798723
0.33932700562700047
0.4305340700908818
0.8439171623331422
0.45729224221185855
0.5813842121454614
0.7141421244547845
0.6601339131905348
0.5862660635249777
0.40740786934373036
0.7054176341804264
0.5574118314306762
0.712482265121887
0.16256530909652486
0.21348129951982037
0.2953532621359877
0.4332343116910156
0.6502650738016543
0.6242337222512601
0.4514914786359144
0.5025522954873607
0.11682936497645596
0.44744023066463895
0.5973729932764525
0.5775080652217361
0.1441720450889827
0.203250168605559
0.8142226601266629
0.2521887219934792
0.4666791603736322
0.9533487472825162
0.2600014091630916
0.40919178321500005
0.6278048132745484
0.539912900667597
0.5901757044516803
0.22647519308151032
0.5733550156160159
0.34026988120210416
0.7735177239993454
0.05734650862907951
0.7247838585151164
0.362673462978687
0.7001862550168481
0.27185184032201126
0.6662784678967786
0.3216946553683436
0.4547225949804657
0.8992649427268588
0.29145059548818386
0.8366646321851262
0.7236911257150991
0.4692064184509884
0.2645543379684636
0.9206840816494799
0.12718440730814945
0.0581901925731029
0.7028650472656882
0.4523606216590413
0.468004436492322
0.4999844545674951
0.37281891113847004
0.8441559578435355
0.5214383014052762
0.22157251800630473
0.5002147826817562
0.2545376829132527
0.31107140443029435
0.31535672280447646
0.6996030332212739
0.10652927108349698
0.9404273033694986
0.04769590093722078
0.3269741406249976
0.4008612748910463
0.5141294870080304
0.4099510512821383
0.07455717364597195
0.6364093423877448
0.49680338010741976
0.9259516930559513
0.07183196798355353
0.29098878729482514
0.6170694280615839
0.4186485907218881
0.38760097591316434
0.681204650866885
0.29879985501420264
0.5383077483829383
0.49873026318705643
0.47961008433094066
0.33011846137649253
0.3917867508733791
0.2064962584304721
0.09862763221375487
0.6346029486104448
0.8426507170721579
0.8359078582511417
0.1300319726522916
0.600592934254367
0.47130205557975874
0.6378437506213815
0.657036466808254
0.2195829944352908
0.32113055926220246
0.43813418710170404
0.13358496276586837
0.884258367225992
0.8298573854546086
0.6052177764319375
0.7411941910425085
0.6136473352445332
0.33158982100087525
0.3590310907923036
0.87533161586365
0.3577745683022598
0.22754340175929225
0.7357173895166941
0.43827154250692907
0.13686947352303455
0.5980159966247659
0.35747414433846764
0.38232917926175336
0.37907965928979387
0.7411790037035463
0.7457781363416541
0.7475114378423495
0.8266345740273562
0.7172723769247871
0.6797316573325942
0.8781509983050302
0.3332820454340348
0.608836924392474
0.6421675816346194
0.46510152655074855
0.6385291306873506
0.5851535898571837
0.8176509992264089
0.343708672200514
0.6091298848073935
0.8232882328597637
0.3967000884010177
0.01578691459040634
0.1636109090736908
0.4495494378937659
0.6167571301783881
0.5530389217178882
0.5350011877710854
0.4569157818077128
0.659349687526676
0.7014432645819992
0.22609199297894203
0.1302283905232339
0.5716421702546542
0.5204794079249729
0.49114991561871135
0.4307940350731332
0.13330780044323337
0.8452015740436932
0.7695690381904374
0.808732679507185
0.03639556833040408
0.28576337216077546
0.2957347719267092
