0.5344554779389896
0.5271885550238122
0.5007326376179694
0.13311866002811007
0.32377928525103017
0.890325141843448
0.5068444510782089
0.3794873102095011
0.4617052106705545
0.6881159573716462
0.8839071707144744
0.489889842300615
0.4294398379058178
0.2771393864859959
0.1460940639217405
0.2877508342658418
0.2514286369491987
0.8269115366760801
0.08701951146214154
0.02808672305395395
0.44451159802625245
0.672285427797541
0.3002274223359548
0.18223120479236674
0.35390418735457707
0.9020281457219604
0.1970293882608579
0.4316596332336968
0.560850397201893
0.626002868760041
0.30821298585404167
0.8658384528615155
0.45692325437435494
0.20438955761561814
0.8439666259279291
0.5765897203230776
0.07830984456407196
0.8633931896608383
0.15354332392463804
0.2349444814443679
0.9157268451050997
0.20196946327630422
0.5702877026002003
0.5867220148032172
0.8163416029656503
0.8032993882833029
0.3806272429796802
0.8929388802671403
0.8971672372165985
0.17766255442609288
0.15836540682115582
0.5350242345246536
0.9391455655721643
0.7113768577866226
0.870930298936524
0.181847594878553
0.30701370290222113
0.7125309040140763
0.6965317603476401
0.4477262875470091
0.15934835621514173
0.4155299993594441
0.8955604584250956
0.7282979800985546
0.7255601999200479
0.2475128753832559
0.36942591305070244
0.813979248474201
0.4274049565061997
0.23809994876048401
0.29577645263196267
0.572100659886788
0.033884360189413175
0.48862113505832955
0.9096353329487623
0.5680290772115895
0.47080694369178105
0.9327445674475522
0.7933532302863673
0.4882517327542801
0.9120245509229573
0.5397492165058031
0.6966356597357743
0.48960457118514533
0.24482428333012848
0.7254115047511519
0.09050978300670402
0.21560438070963406
0.41940599906224074
0.7216722643806114
0.07540958281857026
0.49425570889512976
0.48067132655847467
0.4225124056429343
0.7791770778271315
0.9081908485581411
0.32973044202022145
0.2542914467777256
0.40159405994224256
0.3056010312037079
0.011885360839484565
0.06486343965472953
0.03007518847534464
0.5629806523205956
0.06460552102788669
0.7672685825976125
0.29783154902702214
0.4908989013055231
0.47710219788255037
0.8721709813838648
0.7372307801743758
0.6866333599057171
0.5578877915366638
0.3368941879910188
0.3203481545652012
0.3325067515133552
0.45818822800959647
0.07973982409241423
0.724205958666573
0.04397148623824336
0.4036096021423962
0.38112230246699813
0.8961058805365467
0.5677217362812825
0.35196727608201933
0.4626266835431621
0.2450416147888308
0.6099726801423996
0.09943619989115769
0.7718695252970343
0.36516674264735943
0.48673627601023856
0.5437154488823708
0.6817305271313271
0.10756300701561386
0.8797829847960663
0.3732269266674207
0.1518524935612094
0.7174634053794551
0.30169646969971003
0.6574091053733621
0.7341345176943891
0.8783588372128656
0.4494661694501661
0.2992751965299
0.8587819197059868
0.651149663496531
0.385258466757107
0.15353190289117893
0.6114967189979059
0.769335705900604
0.27046772785896384
0.381842453693846
0.8677438133232691
0.2722132744226217
0.43778079568175193
0.22941521566773915
0.5125510127463982
0.31312979007401437
0.22896059173000918
0.4211675379802208
0.16988533119034982
0.27640419310743786
0.7721731251939417
0.3465117395503029
0.43953985794577694
0.5077272165535841
0.6163214510818156
0.03834488780923879
0.6024486022486826
0.47154583763736696
0.5813546520510217
0.622089844410534
0.39378754749525074
0.8209433217346971
0.4938864944586724
0.6105710136969295
0.3406373652406108
0.6941811152889297
0.9251264894639964
0.23649503831085233
0.4179876919485773
0.43259926054602366
0.6923389719089111
0.3796156996061075
0.7933435016347584
0.4102842006868866
0.7325527235336363
0.9022807558819018
0.30484942359395184
0.5244717197572001
0.1401825552456974
0.082973758127084
0.1184219975491643
0.5359376093717418
0.6233860054942679
0.17131890372002648
0.14284314750980923
0.43537225222146986
0.5271960774921254
0.23481362951551737
0.6361721673768725
0.9046303720210417
0.4321867515226063
0.631106688660357
0.778042484461799
0.22879433804784463
0.37817870762026035
0.2588329906167461
0.33203414610185134
0.29331127767097326
0.8374928738390313
0.6905643523895199
0.2945219521797586
0.9240555028720222
0.4757135540532243
0.30189078603535235
0.14944370272721963
0.36707593101075425
0.8224686342420247
0.8718038900773456
0.6016125900797588
0.30946601468835777
0.481802063014088
0.5699344886523002
0.5861582643999
0.22796681109055775
0.4471883479602404
0.14269711439796431
0.9171869180206151
0.702135450495912
0.7220517573480815
0.8282755744418155
0.5456817563893935
0.8416515340229161
0.4472228207685116
0.682643089963236
0.010925594273725758
0.16230516829339992
0.32243656095066775
0.6775636406581652
0.497363302735518
0.6685901195464582
0.14461070643456522
0.006134865027095287
0.8741864597825116
0.6351547978774305
0.11856994943133693
0.5358140880888386
0.6199245369594258
0.47482721695985664
0.8333955211720966
0.0987784379760176
0.5382130210413714
0.16433309012640798
0.7210040532353862
0.3119422533232211
0.08924226152743196
0.6514200092653396
0.8415338503854984
0.3327184523763754
0.3006425143659445
0.258830397248026
0.8510838561123956
0.7581537932043158
0.5764140978906969
0.8334858533330614
0.06152171595034041
0.1496884717340019
0.17628792493837084
0.34247593656243225
0.7807988187287732
0.43546079981190594
0.45962956545631856
0.099053226128365
0.8904458994640777
0.24489760495439825
0.4432267334547115
0.32760587216329
0.5503955082536028
0.3281362520132679
0.6594840346484092
0.604719743459388
0.318848252518697
0.8352936530416503
0.5167033104304627
0.49173067174777174
0.5171071680834037
0.32172823389429017
0.7829661116648163
0.7943229249874777
0.7130577857345681
0.5392348556638636
0.8017608105428362
0.6552629817714272
0.35195664300282264
0.15776230004065314
0.21859544476692208
0.5041968489779064
0.881877843939507
0.9023777368824757
0.5988856669959677
0.7284125812423123
0.5113906450228525
0.8676589749202986
0.1693755997503518
0.39795156728530734
0.25013117541988905
0.7762565487922811
0.063919740288626
0.0760515547137382
0.41696988176259714
0.210620287134799
0.2883989067114436
0.4275269144031561
0.3772431542282229
0.5676334610111378
0.23326976387374776
0.602027185420804
0.7100190860796349
0.20815635198129778
0.5200644379874622
0.33704344814452725
0.6727950117650806
0.17634678031778706
0.916875666482191
0.14428621720896745
0.20655127919500574
0.4767598096279878
0.25316864606888256
0.10491461201849954
0.6320315050781748
0.8543859688234838
0.48251413200263243
0.36156364739202485
0.5782459928617949
0.47910401765292626
0.6134801397742894
0.7537751950921281
0.21848118298590413
0.5644104956019245
0.7716151578542343
0.6006931809956126
0.26492611740476496
0.40843183754212736
0.3094034832701612
0.6005798716495169
0.9104257741476929
0.39393338492596014
0.4005314340148591
0.8439480333906288
0.6583538472897574
0.22585986247535572
0.45436674892567347
0.5115875987893418
0.3709762715115361
0.5087620700377283
0.519993909758033
0.5865379508446229
0.7562397608604469
0.8380358388176102
0.5817004440698264
0.37220934333962885
0.4709724584114915
0.7158389784610278
0.8778746053923503
0.42252783085780427
0.35661280163093173
0.7191773887188636
0.6816929450553595
0.5763981310469468
0.6355372175757075
0.3464386824075406
0.5618040516792069
0.015129300257278065
0.3099541084465127
0.05246390997113023
0.7964511582657544
0.5360660685935736
0.19196556257079028
0.7825634505927558
0.48910045176710365
0.7327534770504199
0.9131358921263483
0.1350577059355552
0.08258707061251562
0.5713939151791729
0.48244871570320363
0.3043865481458677
0.6190308002024207
0.6680575160516906
0.0830032422377184
0.39028305914049005
0.9524046433976325
0.2332282495804384
0.7432314628711653
0.680189234495465
0.9177478496449825
0.19190771087824737
0.4284086883515966
0.40699665037096416
0.369613557825669
0.744214201153983
0.6314711186845033
0.06984497595486179
0.6208403147955194
0.48072663910860564
0.07051638937891212
0.4614710673209766
0.413585609278299
0.4690905150841794
0.4543842913291619
0.0598467381089933
0.29707186009442316
0.8736062535857086
0.8802187462829236
0.798643881839316
0.0035543298094981236
0.6287476798289767
0.04595893109182348
0.5357204713423203
0.843329162342814
0.8476415382839722
0.7550128066088863
0.32358231110558333
0.0992457721913696
0.8583657392245676
0.70019130613458
0.49376960569125017
0.3732728613546035
0.19596329280285976
0.6654300137894976
0.49062284085817426
0.7172293643682324
0.15797399942998516
0.28294786446919207
0.2332427946166725
0.8623163776308618
0.35086601716375526
0.38908235015735837
0.5639686798505434
0.21696839373958296
0.34820447319575165
0.3052268910457065
0.13987796751610643
0.8916567377239748
0.1416976121014495
0.23804528817030796
0.7945922362909038
0.654809932597031
0.9120648454079794
0.7507089037033292
0.5464284160604845
0.6048317458255772
0.8871343133700067
0.04210235781395799
0.511018810614907
0.33584301727254
0.7857989241186166
0.42426148481053483
0.03354444620694513
0.36420805545464474
0.705598080350362
0.2741664667715911
0.9011743146957742
0.5182877245096388
0.34816666704363936
0.10358976783192135
0.4210400612782682
0.6908432648564737
0.7349661926515877
0.4555280427771868
0.7868649624801651
0.6484208657218921
0.7741882258532181
0.5354536801502024
0.825426890254454
0.3034899587830631
0.6844511268292304
0.7089973087014301
0.7078714678661508
0.7693261737115874
0.6156738523369715
0.5178585448627802
0.39977348857027634
0.7562464738313388
0.5758086619125142
0.778782294566047
0.42134231562555924
0.35657151821619765
0.46535909377651036
0.6124804889074055
0.47645199640411334
0.7376389831340108
0.3215616986679795
0.3535556009614201
0.06704993828748743
0.23965217613596712
0.6964102148724626
0.8003472822764921
0.2644089891411876
0.7661016541428232
0.21327736476689338
0.24041656778837875
0.6449704866038427
0.7281678793349939
0.619063531734949
0.1395602456530324
0.46215582375889364
0.05193881824119371
0.24023344946490752
0.8197201282976343
0.5651028795277678
0.8947543901576189
0.7673784751189183
0.45631169196469423
0.2800645727715542
0.8718169993932349
0.4130072065358198
0.8681733489358864
0.5410812844531722
0.7076312741099092
0.24018596817756144
0.5642729356908064
0.7044005361072535
0.6050715801571284
0.3603128470623233
0.24938142213326162
0.8596793118867422
0.6557213837973611
0.8782524061950929
0.2284875496715074
0.5221418232702085
0.2737815716425571
0.7758072543077158
0.21560438070963406
0.6623036325883529
0.4144746504293219
0.35178034113339796
0.16324109442619325
0.5413192316346347
0.8612152628496775
0.20832115611217558
0.6616178326286491
0.22720631281492448
0.0016369260401024857
0.4755737604592656
0.14604903459497046
0.4277016100403499
0.718999480416874
0.038307478697323726
0.49232356345360023
0.6441692622058868
0.5334867382681725
0.5720323228096534
0.21040051047776673
0.233856782564156
0.21930235135996198
0.42261309438222405
0.6766053168326926
0.10440469900244446
0.5306312701881253
0.6400830097385778
0.439364272868946
0.2179533648207336
0.7324906331480671
0.4656806176209783
0.441803676964542
0.6245288182401297
0.6279549300296775
0.8870172415435483
0.5102031444998189
0.7861616238786239
0.5113145088350141
0.356241046559417
0.4440209904169302
0.450701841024773
0.6227885369030586
0.8732707711127118
0.7341359810162825
0.65631577328373
0.4186380978582528
0.5452554586616907
0.26723337566316996
0.36533623582946706
0.8343069507460864
0.05293069799399214
0.45856168378449375
0.5510844256546862
0.6048868437322026
0.8818924818114889
0.765804210343846
0.46034067336655105
0.49379717421116504
0.5538031249297104
0.5822922705306531
0.6497120412805097
0.33070634797232207
0.6721076770182334
0.16195008926051052
0.12736850777905379
0.9032029106046224
0.5218634314579504
0.8549423428569428
0.8847191217085797
0.24207020764690038
0.3532794350399526
0.5040497887845886
0.153901078143979
0.6580014540296415
0.6157449866107277
0.8987910248937528
0.8565863672837739
0.9297825644907941
0.871589150579022
0.32788562891922146
0.3804754859961479
0.5487324740477303
0.5942328572525859
0.32023425592455096
0.7246106040916858
0.7030683077332177
0.7373684379917235
0.9050947114484459
0.922499539384729
0.6216827828127214
0.6593031213188376
0.6000903629927062
0.32142668819582687
0.15940942909094025
0.7418062997613867
0.8903134245024821
0.7384394385317762
0.5699750638396378
0.34539372841649413
0.39357717323336344
0.3169362007276035
0.3408451598383521
0.7368392995360067
0.8683984198683915
0.7978081199920788
0.3472097794290188
0.5477303095296651
0.07912952183224892
0.7996805094121908
0.2034748170171933
0.09513966606204749
0.25001995061343646
0.2561210209598048
0.5995680909132335
0.023539900039110478
0.8393030789945333
0.6144948942053629
0.023890013265558386
0.7257991895225687
0.7829009625554856
0.39144021776949184
0.717414612744488
0.6936532508834563
0.34553003678060434
0.7686082713295356
0.45521742078959887
0.49175189903607636
0.6952450626856399
0.6444029611053194
0.08794448051618403
0.18938735642648016
0.28839885796349324
0.5217943636766783
0.5223598169843277
0.6705222022113575
0.578083688004354
0.15790661096861272
0.10648276660438365
0.754322978574827
0.21276719520667958
0.9082178131900862
0.6610562947207356
0.7270386633552827
0.09151850703733407
0.6035938061082133
0.18397426589503643
0.26667368375831774
0.6014888725594681
0.6511235498923506
0.571420413570383
0.1596829418882779
0.3999555641656286
0.6518886254273941
0.5269604785977982
0.5835532489350471
0.3359584767888778
0.15865109160464527
0.5940450789358744
0.5143083831827133
0.8499532969142709
0.05035672063669947
0.6996989698115224
0.5592724424298431
0.5736423643600275
0.49148659331196326
0.7728048818020802
0.342492749293539
0.4721371067694293
0.33590568890588773
0.5733423448394348
0.4956815845287236
0.9433424748709199
0.7220154772668181
0.8705752193351395
0.7560232902108828
0.7615815080533621
0.4876587694449231
0.23572914469798706
0.13439619949848455
0.7307704395304638
0.31859793239004564
0.2631479978933492
0.4755557762735141
0.318722609485417
0.7124379755215153
0.4189413425097738
0.36862106493783064
0.5209206250604824
0.8265149799794725
0.8480326526498153
0.5265743224148778
0.8042852941006498
0.21826114284403875
0.4503018118787235
0.5711238945174234
0.7967860471903562
0.7029366932976749
0.6816243653084143
0.12647475220884075
0.11086441283658588
0.4277253744553717
0.7170569286243883
0.4023840920429644
0.07784226845327019
0.5787724293986987
0.8490208421137558
0.6560204787356639
0.5238006755562942
0.7612615245870803
0.6710411216901768
0.1616376614013959
0.08200723799147885
0.21914637632045403
0.15068358503262347
0.5258753159712237
0.5495234986728774
0.8447421187891047
0.8663944428466951
0.020111626203000995
0.7821031489548202
0.38725322704714515
0.36394051639066455
0.6570050113233113
0.5760975062727813
0.45373862372371415
0.6483016081969826
0.6227344654801394
0.01644880025032901
0.2892183016779269
0.229218921312728
0.9032505206688525
0.5621355262005651
0.17748031028111177
0.43960948204029876
0.5939519260938722
0.678681646030862
0.512339742955182
0.3777185520929276
0.2953444072476665
0.2346806197892478
0.41460027102393515
0.4782819765590383
0.20613293931983606
0.8046704576860596
0.19025498939308677
0.7977557712511661
0.8822509083834025
0.6287085051116796
0.7791536910992202
0.7428715431982669
0.7365071634531318
0.8599508427970834
0.6057196969999451
0.9258724248934835
0.4069815461363269
0.6728008724692791
0.7078797808508509
0.05706652939693716
0.6153050900973663
0.6400705077022109
0.1436900270049359
0.14196331743131962
0.09294500186019412
0.3975873271952714
0.7340327409037619
0.4753117665195202
0.8484614918855833
0.9716711612112414
0.20424508892971777
0.5642065348005866
0.5393362598682038
0.8962797399492297
0.7844081376889371
0.25263269413905476
0.6169595930117752
0.16899061775789265
0.4353715003636938
0.5394738289361534
0.8089997181434817
0.1307140843131368
0.5943072401039816
0.7969140973946487
0.6578509124070842
0.3838833457916801
0.30827971681065053
0.8923648886889362
0.31209803289637217
0.20019173519334704
0.4609085408300557
0.017796855555023066
0.423969368593687
0.46936051802746337
0.6002091211288106
0.6026878242815454
0.8752742282101974
0.6377774252037706
0.35681358988188955
0.6013302427637793
0.7768157150238898
0.6514078969320155
0.28375543559331995
0.7965187778551479
0.18592061928056
0.7179428757216083
0.6810379937201435
0.04150389215238369
0.16051012840737686
0.5530460609847389
0.4761076591152306
0.7399569069712285
0.5795821966323852
0.254225458641143
0.3356006047877829
0.17265620591989578
0.06710421528144922
0.5048063778511928
0.9605776544754498
0.937077722167198
0.30491522266240983
0.4125504816330105
0.7519904354241579
0.7459997838840049
0.42256327854965703
0.8712135943145286
0.1324630476491137
0.5880654419408025
0.8691203284521454
0.8525750265846954
0.388793097344271
0.5207864609402337
0.6639519367384208
0.9285645233152535
0.4029993694474537
0.05451356678366846
0.31013355037698226
0.6019277928662772
0.18838073252214801
0.9022062462581424
0.351805153266565
0.18850583712923666
0.11285809853107032
0.4689596619798641
0.1214426922383954
0.7198326450019322
0.6833391866257996
0.7318323882564831
0.023611435795495947
0.40542196411818043
0.6576171147947074
0.6701110802000201
0.3257986327661769
0.641048953633301
0.7778546601073995
0.13503704726425217
0.276507980756517
0.5993584982790481
0.23051220778370046
0.28507156171741527
0.4723740273501722
0.5948474140073227
0.7611190450387958
0.3226372587244295
0.7112964462780011
0.5151765175764361
0.5464919844555917
0.6577706913010984
0.2004052839471608
0.004164384850482295
0.7622419310650436
0.44548946309067233
0.5477822259726743
0.8048377128289802
0.7709271202158886
0.8233887659101197
0.7201465489469677
0.6405866762499061
0.9385267043694615
0.4419549368636387
0.5497426788747325
0.7798265672668765
0.4853406207917857
0.6511928670797319
0.3829079284581436
0.4539462712511314
0.6349665947360168
0.674099618018659
0.38009963141608594
0.5615427080566948
0.6673008579772706
0.4289349740754849
0.834189529260728
0.37796802168772653
0.5131808713590342
0.263196048600315
0.06625783583590651
0.12507523019091596
0.1303502568771868
0.19899262143641674
0.2825964654496814
0.8208452118620032
0.32731826904715655
0.3676658033158582
0.6074189086038563
0.3225289528713151
0.6532037891342086
0.6469459044467419
0.37643062989496223
0.46318723426251796
0.6691731545287083
0.9134279372318823
0.49225553112933845
0.4557151697255667
0.7524155465622534
0.8362396750861282
0.5439451602294628
0.6548152924431057
0.36315113496430607
0.7994979874669463
0.6640049737285603
0.09418846304840799
0.13788847562466033
0.20287202935474347
0.8801373457462073
0.7480687644496126
0.7166475201565667
0.5055929112456268
0.17227041596130369
0.7084294027897229
0.3868088947310418
0.5664090674577789
0.07778157765459853
0.8622271054058841
0.49981210773008866
0.7455209536055167
0.7458668315890029
0.2252854547745147
0.4577701140744315
0.6786344542451656
0.29899332407763207
0.7418140849665334
0.7443978211773208
0.16781113663566216
0.31432590068212407
0.49683765635000793
0.8972869475207158
0.2184802473777477
0.3252107469410024
0.06658105579515847
0.3317118753263156
0.5868097137831122
0.03147124320068166
0.48849847367331867
0.5253691788440286
0.8052833219781486
0.3547193872247354
0.46052860252382
0.730125743948174
0.9034448896230138
0.7126389060050429
0.6213292775761455
0.2446375919501959
0.600806845338156
0.8071948090390197
0.7253074263241555
0.36707065167185987
0.573080184523207
0.452560745911328
0.36925247812184553
0.6415698538817994
0.6853045845758196
0.2632323194309929
0.14247949796147685
0.7981619537685644
0.3405323476582097
0.5099728782748457
0.7704003432533381
0.4470076684742796
0.4448026140288639
0.680658033648209
0.8031134990830253
0.5945916823164273
0.7707079314673101
0.8014773034865526
0.35384182136825654
0.8742079616641588
0.08712117078295442
0.37052071879672893
0.7274719834370479
0.3425754683000249
0.7273376407337689
0.08236147633327565
0.5053080440887082
0.3955216879373483
0.30716831613597
0.7802722096264757
0.6496986600858812
0.5767043648469304
0.14956158969754224
0.4509718426021963
0.8466565082008642
0.16635211488583965
0.417972209582525
0.4432332419417581
0.33831153427825483
0.49368163235121165
0.35823859663319396
0.6090389525049525
0.7843031061691536
0.46782146348991555
0.25125823146773335
0.4551781931305928
0.22430956539500285
0.10588020045345296
0.5105670689974616
0.5431389099370191
0.15926247665490498
0.12822586574229544
0.3195667515142946
0.7376190600708159
0.8570370906779219
0.8313349445733742
0.3746681460898647
0.08920874958821581
0.71745763479619
0.4042852736759206
0.8669194168045007
0.1021270555940118
0.44724716463920056
0.5053442274174312
0.6960251468771921
0.8432408115827548
0.6847639151729626
0.18544433958308787
0.029279473088627505
0.7682459429639216
0.3273013069180619
0.8146895260675929
0.1460262532543361
0.49563989144941795
0.4891354373282447
0.5286509913408786
0.46435528123824643
0.5406420197810525
0.8339180986517605
0.5391747016313694
0.5493814614577408
0.13608994991771442
0.4477708869770185
0.6717951672160799
0.9037891262497746
0.25980493037766866
0.5131411958621106
0.7431242793277605
0.40779777653279453
0.4441106020156257
0.6457670392682382
0.9372925642314826
0.5554669719673203
0.6262059994318795
0.029196127595254882
0.8201790120391111
0.9202964182763361
0.5128659157647166
0.747328900777866
0.36889168745343975
0.3809524161128018
0.3905882317219045
0.013046900522603957
0.5425062631326348
0.47315314228830274
0.776866059413516
0.390854748458495
0.7303376458000205
0.5026638120574284
0.2760502301033701
0.7711643142322474
0.3394618370818869
0.6506845679995787
0.4593464137724174
0.4494505849356385
0.6058993734412336
0.2361581001480507
0.0818431781240066
0.5098692685439443
0.297459456044563
0.5301932582649178
0.7401804078848992
0.7410051660750508
0.6186459041488622
0.9149655486567998
0.09655982956089747
0.16269117181560155
0.846757025655733
0.3928556054504078
0.4895849497218266
0.35847865677751234
0.05919984860933691
0.4510845889687935
0.06263655463151814
0.26306020770867106
0.2800660100659988
0.6296446601298207
0.17850002261804482
0.7428138657951292
0.49651245041301106
0.6799454755016903
0.6068135502347044
0.4404432574354209
0.6892311215671212
0.8474561937672657
0.8202996756655899
0.2553517750702895
0.553237365243274
0.05343400743474956
0.22618413040729102
0.4212083015179051
0.19862536943655146
0.8279395634724219
0.31403608792288606
0.6200621809211374
0.36756440070983243
0.8886708742782047
0.42858592067467316
0.5530002045581801
0.7868953703471057
0.0673872170571073
0.15486536863578132
0.5173462194464435
0.8660497427265692
0.5967716626680186
0.31431358754896
0.49998007512031445
0.12990683750301463
0.1912170475459131
0.7445150820591183
0.37494983002837307
0.5232794082712575
0.4138903334433366
0.16270715738753166
0.4378392925338759
0.7122209642880107
0.40120214180645647
0.5504090618225126
0.5721433462807123
0.3080632069130665
0.8684405604248535
0.4894359336644966
0.7274903877131708
0.17464181877454793
0.16647150260993027
0.3356711392485284
0.20579354377238013
0.879723556974677
0.4019192302764915
0.5966501473530607
0.5076944949682385
0.06132392001684953
0.5396243347594106
0.07334254049756754
0.6241912106479162
0.4794852030891958
0.8982322393810382
0.7183438668651869
0.9416095313468105
0.9220158400470023
0.606366662394804
0.8600537190646662
0.5956819885822306
0.684822637050377
0.7137423601171199
0.7410143514641422
0.4402418860242445
0.5802245280558171
0.6121581279064524
0.05425590905856222
0.3043534684067875
0.4104387055389348
0.2744721411642939
0.6455089501020849
0.9424434419859917
0.325872164987812
0.90854873171106
0.2733252298305095
0.29799365224857194
0.3448901137134906
0.6434341524864198
0.7379684789648157
0.7010827131273609
0.8362504589668109
0.9208480648452533
0.2307437191308975
0.21035882463825983
0.5344181722594117
0.6200697724329649
0.46852566267916496
0.08598113519232833
0.18444323427224985
0.7356864908665638
0.709461576379464
0.6137388526013219
0.6878846145329386
0.4755866800162562
0.2388539600850688
0.7161469922280186
0.8412972042643956
0.5858916744566945
0.5662988679146214
0.6252022947177699
0.06227589108993545
0.16533682590096058
0.612665926614713
0.5287379316265318
0.8293813567454913
0.7902261467711134
0.5373460023978446
0.3276965341100787
0.6934235995244896
0.7130046639151972
0.4602831474729162
0.570548122457478
0.3477154116105883
0.7381465875066278
0.405033213487394
0.6572619918838691
0.6113162041897996
0.32581585970171906
0.0017487354092790995
0.020411629679600852
0.5512902505654466
0.01725035493455238
0.7749742242593837
0.6868301312032224
0.8162710145767131
0.17371935268848832
0.5820630325391123
0.8090930105750511
0.10173066168070079
0.3513968445924508
0.29041848791071984
0.33695784833542386
0.39683985779139763
0.7637927156901727
0.4657580940579052
0.8262351939056641
0.48581423794419587
0.3714388770091343
0.17252559439546505
0.5058214986815965
0.46768457694057175
0.18229523156543828
0.5149559423205585
0.7189378276002666
0.020992263807111007
0.5815461468102298
0.5815593245301486
0.41668587274006863
0.41818867812270205
0.4441506868681736
0.46652344172439497
0.4316710582775967
0.24454086067071426
0.4276194201287716
0.29744053371717943
0.15723126312929417
0.3326443414445007
0.4738437990179485
0.8113082272562128
0.5731755640358981
0.758680830864569
0.10193693316130994
0.5384835188430984
0.5583214506004781
0.8792800080529218
0.8116702640612896
0.2934971997463753
0.25774966427712975
0.15508268144175896
0.30228703746782637
0.31621623394873016
0.08259802959140654
0.312834452432266
0.5665150843710244
0.5036217692705889
0.6212715178170631
0.43105496172160435
0.6385645409432007
0.820440046241115
0.36984050224541776
0.7866711075957891
0.5103459543710123
0.05510493506719121
0.40167160474207814
0.11033307969122151
0.3949680650694007
0.5265717411281429
0.7746271146208221
0.5474991328849959
0.5933463781749971
0.27243718402005634
0.2016452422183197
0.6834312475710373
0.8289371104012255
0.521028538909325
0.825902779054464
0.9447080006208989
0.056018801835843735
0.06969632734357294
0.29871098550975983
0.6231552751896063
0.2493520670704766
0.4284786933433887
0.6101479961455955
0.547471142263556
0.08319883122025871
0.632517162330199
0.6331562970619676
0.5687816482303255
0.14522021875568084
0.12547575168445899
0.8166316019129137
0.22724731270939144
0.34004891166779344
0.10717829913168382
0.1764148425335292
0.5386662297543637
0.6899307066140166
0.7176400853960635
0.9320170481074398
0.5546428375758905
0.667330753758818
0.5120389890948114
0.5752712258640438
0.7670023694212186
0.45230433985750634
0.4949362477330132
0.9109289465263997
0.7784796974473213
0.306290176978254
0.7277014793923369
0.6531277241485455
0.5260786490533036
0.7893702502327988
0.2863480144793116
0.5399137482497265
0.747658092919242
0.26053415504339034
0.872278047984163
0.7788795541226141
0.6211855909447112
0.8121040995411591
0.7032945206277077
0.8043636120840112
0.11084880244832826
0.3419778825145099
0.8054082954390545
0.3575661785666427
0.12096213033569117
0.33525789630110253
0.0703866583102642
0.03767822785256348
0.5239815470131298
0.3044148104470779
0.4516559239109503
0.8911179417605938
0.5390914896273847
0.9061579455911356
0.4868729948151169
0.31589818098009786
0.3419627631061611
0.42984308637803914
0.08039615207789483
0.18125351295034442
0.15299554348858121
0.30573312026742494
0.24458155238991094
0.062280566190275735
0.24303623548149628
0.1753023828402303
0.8104182866999039
0.30745491297335137
0.12093452627641847
0.29858014573442726
0.6957453192081224
0.6340762144828042
0.806243572637947
0.31661798574713995
0.8496005691257532
0.020085764646507142
0.39289192788709654
0.6065336154351716
0.44306736880301684
0.03816164768337801
0.044727851866607715
0.24727179078949998
0.4372241354360476
0.12307846749091125
0.4081603127826412
0.7776366075997676
0.6881610356380434
0.3056637942312218
0.8853699444436933
0.7245891263313132
0.3498793122922097
0.7618813425339622
0.5864677582199267
0.7496808585566692
0.22898511282382783
0.6142455206300801
0.7792995585729063
0.5743818195637349
0.8202258633300026
0.8121505963326514
0.20793154988382062
0.8001373442850039
0.5021085802432058
0.32252833848910506
0.14965491401988343
0.8763131299277491
0.4721371067694293
0.49122108407667797
0.5867298837645704
0.33996658347263464
0.26550437445292036
0.9131323863989363
0.21930497892776454
0.6233665144845868
0.332594857523913
0.6191388120466622
0.7271430268917993
0.8435060455264827
0.029695612118532208
0.07479666326307727
0.23420915825409427
0.19576467746281853
0.4823758957620617
0.30662812498821823
0.44886220270769756
0.5887602122995551
0.1076536307070458
0.5993704797095043
0.7650827368370957
0.5100517143121146
0.4744968835354995
0.005963270880110889
0.5271744372149407
0.8415818580166557
0.5674791559650199
0.4403334835929808
0.6884351083825664
0.8266692441697379
0.10857685679739512
0.6872548686373277
0.33602487024058525
0.5734376873881956
0.8037313132597839
0.683982911860225
0.07215315859524336
0.07912241808439714
0.4978004372891969
0.669835313430643
0.7506988786401627
0.3205836740957012
0.6729144003801183
0.39441807379772514
0.7791029779416971
0.24449846328063782
0.5585131997779671
0.12687002428174543
0.3226942884648251
0.554996499628581
0.51051997289363
0.1347143110119357
0.7504408403927801
0.7218821173565677
0.066490515899474
0.729000662737391
0.7306085776834197
0.2927413295042363
0.47530641248334404
0.24764008105792426
0.773802921590787
0.5763440719035992
0.10518516213592201
0.17985083101623528
0.580638595211472
0.6381749659046917
0.8145389164365463
0.3935305401542201
0.4547897255007642
0.24302055068998765
0.2111968167278408
0.7435146212836327
0.4950003908308947
0.6986888693258982
0.16131672654267185
0.3199114757779263
0.8013391248638707
0.6726519183511173
0.49531560842619593
0.491245238319031
0.7300398902265276
0.7941425613979745
0.5308317685540276
0.800906212304975
0.6715156981665946
0.23944718930480835
0.07345751635267757
0.4868899178221366
0.033009316271043566
0.5467823814738934
0.5221221246342639
0.28360952657817395
0.46062614121682177
0.40198977588919493
0.8409353699370233
0.8106370073354521
0.3101848465060661
0.6382444003037295
0.7410053410153157
0.12840905505380018
0.7019287436092049
0.6161148273011016
0.05436252311085699
0.4194841481745391
0.36017532946501135
0.4759384424221234
0.5503762468698693
0.6274062765989702
0.5563066991199441
0.5283098666931524
0.4855015300486895
0.5621453359577884
0.4880452267599555
0.38817362251779536
0.6672995724943915
0.7804173884615042
0.08735945599305603
0.3707478379570216
0.61376092001252
0.27005151993831344
0.8942978698978968
0.4658399641192461
0.6720084227439511
0.5844756714689319
0.03423659434382839
0.541534045895588
0.45422036070614785
0.603155982927677
0.03940355139128678
0.5880307529254312
0.17173217315299744
0.6058454327430645
0.31445293788777795
0.30329075928218036
0.47920657076844086
0.3628123062201066
0.08803868046989201
0.08250561758675083
0.4357123932706399
0.0785172513715567
0.1936028950263996
0.3271049762705139
0.5834445879739382
0.8352251519439078
0.7018264262242443
0.02863280192358388
0.29283769327098264
0.750408971225354
0.4939741984877085
0.6529078190948361
0.7526418471723186
0.7507954892906715
0.7186101879084374
0.5269969720924913
0.18068194843141247
0.24492965108190948
0.1986461725874901
0.5402641068541204
0.4632992022891934
0.401704630437029
0.4972021542190297
0.7561522427078983
0.4157138386293556
0.4599162939255546
0.2504312884774796
0.7726925960709127
0.6171259534401968
0.48745160550592376
0.3073269246505091
0.03337727673599026
0.3765453914731777
0.3693323257354307
0.32894114711138334
0.3289449190186265
0.7562306635749158
0.3170952365816382
0.5143128814424331
0.9220879984654066
0.41866870740646395
0.7501795796438109
0.7872963413110864
0.32976301697066335
0.29951219324756473
0.614723565401745
0.04456669781573033
0.4426523517206455
0.15732837737844124
0.3867058088301648
0.9221632516418184
0.5329865441921323
0.6680147253488047
0.7614883005442763
0.5207236830502746
0.5689091482023819
0.8205413300952358
0.5303826504888172
0.44498275806597215
0.9499115288853051
0.41858409323961554
0.747674373788902
0.5511685782335314
0.9146455206491317
0.16719645405508635
0.4434380022289267
0.5219197303767863
0.7205264836772424
0.38825826741442204
0.654809932597031
0.24550204880888865
0.9499129525413629
0.6308396302606283
0.5671997564529628
0.7943964988872307
0.4617371614347854
0.8597768092564334
0.13729133011219988
0.5546537042777623
0.06862222563223452
0.03950338082007344
0.8329172331894067
0.547002222769237
0.6005989644231063
0.5079745182091178
0.581383229255992
0.35415177519150864
0.8942592650006777
0.5062253001622613
0.45701055994897594
0.4916249570157941
0.3838833457916801
0.5070736885495015
0.6394261530176936
0.18596032822667624
0.26339093941726377
0.7795078803494145
0.8655922238931445
0.17599510165619164
0.5761513588304294
0.41094293751610966
0.5990623759753344
0.1623995613376985
0.6879680732018126
0.4952948113335941
0.060527697852048874
0.44724553114575655
0.7868516796101216
0.6681478513098189
0.31960206946499603
0.5400577586674487
0.8526577607639929
0.21433493792797595
0.7226822907328599
0.2607659699306365
0.6635196121580611
0.5319088246142307
0.2312851922554513
0.27018003585961836
0.6293594174942937
0.29831987468998594
0.6562864208698929
0.1494581646360554
0.37057405092545037
0.5956917888605795
0.8449079511177862
0.8403481291963667
0.41639947075899364
0.5372137092558522
0.1865986293518115
0.9095165890649833
0.8085322375798658
0.7274807694007467
0.5603178398291203
0.4209929343117284
0.8680717229802
0.8371077056124256
0.607782698440316
0.6376169046863541
0.3105216717179236
0.4528469800577318
0.39897594718453844
0.2638914987601798
0.40999303904620576
0.8592256985279656
0.8190596665613328
0.929668387567521
0.16427269365323746
0.6361344689438216
0.7094912752075957
0.6578911858585246
0.4006043632432305
0.557051871571478
0.9246036546617512
0.308326904160395
0.11974656826129595
0.20670303855396574
0.23615404306006868
0.7483748520313881
0.7820613627683852
0.4646014912811914
0.3376568962691549
0.34255285724359247
0.5741332948695067
0.07992237698960772
0.8656469812390204
0.87640928822515
0.13208410005950438
0.7391637202188311
0.5833689770497862
0.09252958290715145
0.44841363507844084
0.8902726604863881
0.874299743106637
0.32514071360209007
0.47136468655644115
0.44196867474473245
0.41378135441073405
0.39032733986884277
0.28718047293318544
0.7273283587230025
0.4356269376855061
0.6892953065466506
0.29041848791071984
0.46053726420101704
0.3145090359080324
0.5927581922173011
0.6686359264122923
0.27817292639159413
0.08854503122716607
0.5413570602795176
0.4220753548290121
0.8099564021279134
0.8206918414098326
0.4947412881745222
0.6471730903671576
0.40217764777938875
0.7442709793345165
0.4406668681727035
0.24784417245677348
0.8715992314088289
0.616435700245104
0.8712097693276357
0.5052690867189424
0.8612608940882539
0.3637040709075648
0.5303552165895942
0.7995270373277358
0.28986322987962715
0.778105844601376
0.6682670751418632
0.8518360132808421
0.3237117688648661
0.5980101460089566
0.9194183366894055
0.40619231069266354
0.5417591969609018
0.44474600480393744
0.03803859641616706
0.28232937064137564
0.7359886685894411
0.5684928804562236
0.35872720173211753
0.4095596855223527
0.1802065014206536
0.228447006060164
0.7896343204799565
0.7800169959852888
0.09973637359149369
0.4556160669744182
0.7821293223261306
0.11205659569540717
0.5105798922670937
0.5718789288827419
0.8429032569293414
0.835062773167617
0.5507453475381405
0.7224007552263148
0.4440369230883858
0.7314636554125029
0.6666957767912318
0.644272454663305
0.04134853070539972
0.6652254003708294
0.24272166996719968
0.844748349344518
0.5947128355036623
0.25877896451492644
0.3405925468743046
0.6569665863759686
0.6379890825272276
0.5355757936445171
0.26783408763826805
0.11901809150856274
0.6382729460179289
0.6154144617796234
0.6482393921290853
0.27971892882145705
0.4061570747693605
0.17842149303816135
0.4402382610552502
0.69575729211879
0.8471775903078951
0.5814156044555232
0.922383905266527
0.012792433939945131
0.27267224301992393
0.7149735672894625
0.35125237853567526
0.6843427128079606
0.7168811065598757
0.9532619176053599
0.4979215416813382
0.2682959385828039
0.7422582751325807
0.333523967755339
0.7706743953247385
0.5304867745863344
0.0979849878701785
0.32023762914464426
0.4178792413717983
0.7260943890836536
0.3859729702826914
0.46238383971089964
0.3415878241866493
0.4471195969419775
0.1912008505413808
0.41566866306636424
0.6173806242026038
0.4260082551170397
0.23027536798341902
0.17190785336363384
0.36455012516825047
0.465835422950031
0.7744300353253153
0.5175661240219067
0.45765997388360297
0.5564729029889827
0.41041167486798774
0.7611833252937091
0.6095895898661704
0.2364085871846743
0.6469365718806006
0.5340368320921253
0.7749469490159476
0.4542638692852396
0.06096347367579939
0.6802388405615016
0.5162649355407305
0.8710219111989498
0.2542363412642726
0.14531795964772676
0.8563039351564024
0.7672397476778661
0.48812303365217974
0.302952462977575
0.5035324399796639
0.08703994273071096
0.09370281613294305
0.1897914089656453
0.42777522358247455
0.008676618965267929
0.20721381078752524
0.8556807219734901
0.5015329250872346
0.747218941879295
0.6603527293718277
0.4107925449768891
0.7321613701742966
0.7177391462276433
0.859939728869089
0.6839165955972697
0.8864972425246104
0.10766876802797339
0.3202526598919722
0.5736964015023707
0.4863510023373965
0.6226343770610958
0.28874673856158306
0.002485008897985796
0.7811410750969142
0.6459145501461484
0.6708125766011852
0.5000176566631713
0.4490996598212311
0.8412315783533688
0.8434844711308747
0.7003533840326351
0.3789001102259013
0.8210827320769377
0.2943583303058797
0.20710511427111475
0.29570966882853295
0.04957287843170024
0.3570150025880971
0.9029597139377643
0.8936894508701203
0.7882079976961662
0.8163152992638247
0.14182235301171328
0.04098524768599511
0.3499453221807969
0.7781294878002621
0.30831234160158505
0.2596052779538331
0.6235381124035532
0.7286229949054552
0.45472130475336264
0.6701996923908429
0.0924212879471803
0.09615911280559465
0.09240002229968894
0.24277851691275545
0.3747564882842051
0.26491944903990466
0.904741833462054
0.5746253044263167
0.5246991913061139
0.747630930328893
0.8997518076435086
0.705339291242235
0.25179572605597245
0.548777858435623
0.04962678285278534
0.6994232838737585
0.578161446212454
0.7326863075053289
0.22549924528643936
0.20306139210352267
0.505272804652268
0.3955512010873475
0.24714237896706603
0.4487444860734486
0.7071323432456394
0.02221806185450133
0.6185327348848357
0.7992643131103898
0.2194472955883159
0.9445792731672389
0.7849712934532597
0.7009098274631346
0.8727598588616897
0.3698127364853246
0.14909322541883502
0.35958397536131986
0.3189459403181267
0.7638673477077536
0.3908428978030135
0.7688796819840015
0.47651567411516194
0.07057482163313789
0.6879680732018126
0.14639249782601776
0.5369672629876222
0.7244494195616729
0.4164712587578643
0.07596170487753565
0.5015250636899931
0.5040479559232552
0.6651207297556762
0.9044167439086153
0.37596254064985235
0.3531412205650756
0.3698718735283
0.5212498361110992
0.07074200347304185
0.4564997948142571
0.714490155793614
0.9019829914087826
0.33626893642867933
0.5774232676491012
0.478248938842508
0.49280329779063864
0.1329398560774028
0.21755511565942368
0.6708768448649917
0.422642196210197
0.3025013673726208
0.8803498854931014
0.4523340917173507
0.9122377972016457
0.1372456111986903
0.5002888068607769
0.14223498851710445
0.5567025259320821
0.2717125486327157
0.4034579584134562
0.5235684523375074
0.544724230206246
0.0020500933402778036
0.3733928879241678
0.3946538743943841
0.6817532440212183
0.8913372699065535
0.9154214166680006
0.5929507439646379
0.724375532630655
0.42881064560255483
0.1520187919130009
0.5273249990289344
0.18710740259634676
0.7946393728647319
0.19027024396012587
0.5708913559517556
0.9209228579298224
0.8789052289376328
0.8993032727066739
0.32635511241054466
0.8870751079847624
0.26887182797201886
0.19522974969358353
0.42510114360464246
0.6999967262412488
0.8596924473229027
0.7247118664813009
0.4087382579311547
0.02193283262642077
0.09754331138528355
0.061942095597053194
0.30596394817552847
0.5174326571243523
0.8911134188223485
0.6014932433196466
0.2478826316516359
0.22597077921704678
0.583024913433325
0.8705411377383558
0.28536640423691556
0.05902732295844342
0.7592799923096655
0.6146773633206281
0.6134529141978196
0.5357984933421169
0.7780019450446674
0.4843886931515034
0.5563511614928441
0.30199362676941865
0.43256590027666897
0.13148473382527742
0.4029498732056394
0.7888719350962622
0.5212031065918927
0.6611708007348759
0.4838447392689445
0.5030961020077095
0.26783408763826805
0.34940672697916964
0.517725098344086
0.518963069610952
0.6611315171002282
0.6334986797927388
0.7961938374491297
0.2488324075722906
0.6907755868138896
0.2703781288932909
0.8046927879930599
0.22103626105887206
0.29461595972501314
0.17009229055509073
0.6910260985705904
0.8391492668951877
0.08680150386479227
0.349153752239729
0.712153782229715
0.43178441243053417
0.39451173112757126
0.2340776058735471
0.6987877535892852
0.3645349714813181
0.3127158345339368
0.902142574295907
0.43924457316956683
0.30526630800312343
0.5708159658594627
0.30486100545759603
0.06380725556652446
0.4682565780944073
0.7795645676842058
0.628583308487041
0.8504318324906591
0.39759386081717835
0.5925437144594359
0.4976000731691309
0.3413672934042638
0.18049777701580316
0.8788910096580543
0.19462028638838344
0.43213508710490484
0.6727068824850183
0.7770448252793181
0.7406935068912144
0.014723354512745472
0.6454183206607077
0.7652839567791202
0.3583088575559648
0.5871716179101513
0.8672040691861791
0.208435926616329
0.5120246624114203
0.43038207229382747
0.6884032581711339
0.003066260948730024
0.3802048355739731
0.7250741054800907
0.14817658341395862
0.7218881906814808
0.7527890644606502
0.42862003036829815
0.6155423507614172
0.7777708626349422
0.6169478133886962
0.9076508107051012
0.3190260828028795
0.27628503658871284
0.046944007334550515
0.6143148620737483
0.7598621353957089
0.290626182710089
0.290814273196489
0.5896850564949412
0.7799092834148132
0.1347619641039848
0.027756049718128256
0.00821705688992533
0.3836694214220897
0.2619245157923901
0.5317452451142839
0.6906538631799006
0.06427180684653148
0.6660965501155264
0.13442298014107973
0.5151925635864013
0.7433191683980338
0.6302230935283969
0.8129907985841062
0.6131728139123441
0.9028374338319795
0.05293069799399214
0.12426246501897825
0.8317962779743654
0.40104503158688315
0.2197043616552714
0.6792788073695271
0.4757221248192912
0.7799530816025609
0.6828162555118784
0.434843095327689
0.33542551773874363
0.4005317491230162
0.49489387912799565
0.25497050674566474
0.6438621815808543
0.5169934544390457
0.3856481924440297
0.6462170798007276
0.8939638943582828
0.10100862194574085
0.8890058335938186
0.5554403778502638
0.7463798633818639
0.4462746167145564
0.9690778806643676
0.6024246636562581
0.46684651027095675
0.013101687947413008
0.4281320673053182
0.5559207686761795
0.2865255607777368
0.7856240462712047
0.7887026845192514
0.7602465743608471
0.5427067587399254
0.3639527102126536
0.3754350883788624
0.41257475665926346
0.5598964259774708
0.07215315859524336
0.20260327644444265
0.706568497925458
0.4626015325497995
0.743576476969577
0.6628456224343777
0.5116587463863932
0.9184545127072065
0.24635819229193018
0.6313577905354515
0.8258487318023501
0.22839062998497825
0.829603748734368
0.5736068452227802
0.8187838952597774
0.7593271517138795
0.41969190154525954
0.6078162802926924
0.09616482656922883
0.02850811745348247
0.8567256485921976
0.46582455117331806
0.6390546411498066
0.6496996086072934
0.405896095328295
0.18319677992799085
0.16900088903799323
0.5003425043341357
0.6905128884764236
0.008244973783519077
0.22923893920471644
0.6319585385221349
0.33223914702335094
0.8275601777408839
0.2607994372651517
0.19148789742016947
0.23127230083237
0.46186413514657576
0.6697301896208616
0.024250989622160112
0.4187845987498065
0.24805285271938396
0.5055718397393049
0.018153079774504813
0.06729187791285078
0.7392763641113952
0.8492582764606215
0.7271376905193278
0.8736305892666811
0.4880022961295089
0.3930721864775801
0.3366639232061392
0.9180698157711401
0.9347825085950027
0.9246160595366238
0.33172384113455833
0.28846830959338976
0.6950986637747102
0.09400669647567197
0.918744960456314
0.29199982908444916
0.129302039491265
0.3593483240806535
0.29486290905904744
0.7689720179728108
0.5861609730489129
0.6374857301458416
0.8520795253650395
0.1471002244460271
0.8305368950636626
0.5454780678887522
0.10702829617413835
0.8478054870376618
0.9409179391743422
0.6678174290994286
0.7464050712411543
0.4780653101415163
0.08845865020011727
0.6090102041301381
0.15567309637698293
0.9014306185765837
0.14576300478651644
0.3350482175256968
0.20311219571359232
0.4679186558953419
0.4973395217546897
0.22299586891217013
0.8607420639469505
0.2783299589488164
0.8537990411173064
0.4461223174145861
0.04798542584749093
0.5388234835388318
0.42346901873063736
0.625179404372503
0.2845216498872792
0.28933248004988316
0.023022541620662133
0.6067124747781188
0.4835228483289976
0.34109338046709176
0.5017635818853144
0.27268148148074706
0.4397520661313101
0.21393782075799317
0.02699775294184631
0.3551668256160351
0.3212456511699064
0.44285159484963105
0.8563020165239011
0.4599658858811945
0.5705459370341721
0.7186007257371009
0.6570218325030502
0.5980241373576067
0.3914089759461228
0.7232632063572865
0.5656721029643145
0.6955249414835374
0.16387151858020196
0.218791181522239
0.2942251508746823
0.4267682110305718
0.6438978612103774
0.6207171616375515
0.4558092366558524
0.5084728050564681
0.11499022583739318
0.42785541580308006
0.6041597491709102
0.5840752583154468
0.15583076612290084
0.1905654352907821
0.8027825152817023
0.2556518285709264
0.4692843984733639
0.9483544442454082
0.26167686092701625
0.4045293589527775
0.6179642344495758
0.5413806085703499
0.5703912471125892
0.22447297948570524
0.5820621909162476
0.334907270226246
0.7746769303995122
0.05990184020742114
0.7242258047326913
0.3617470242975329
0.690088860195298
0.27513582499378697
0.6540871065131801
0.3282177812327669
0.4565095155545114
0.8960159499577679
0.2914036827904853
0.8364563300156714
0.718697821238036
0.4747345942965616
0.26371730091998435
0.9191667572023223
0.12324984603954472
0.05779923802799897
0.7040086542995235
0.4471576405591426
0.48865737584764823
0.5069945908814895
0.3904157573890822
0.8500178967728621
0.5201424746112987
0.22801832957773724
0.4842758930255807
0.24869807782818384
0.31665500301128985
0.3095808130225412
0.6869927621066393
0.10597541971151883
0.95361204347188
0.04757529482152574
0.32617414836756276
0.39943757296871546
0.5040879445895579
0.4163792752317971
0.07495844072438473
0.6238873642616649
0.5056787271521723
0.9274761740683044
0.07253398469479189
0.28630487794726506
0.6060615888719161
0.4176459088907541
0.3905584120333517
0.6715988200179306
0.3154811139150131
0.5539638883587483
0.505657061850105
0.48615122673003935
0.3263857145782463
0.4069737346402414
0.20368078563665357
0.09931756985995265
0.6519007352237033
0.8437061157459798
0.8418059299861147
0.12610939101341936
0.5872288531428741
0.4480184485000311
0.597438876431299
0.6717579107100474
0.22581612110124588
0.30755224089578
0.44057104013808196
0.13336909047946632
0.8687759448312327
0.8322282868269854
0.6146004660367999
0.7217807531437964
0.6128579127156806
0.3230306296543573
0.3610456965664995
0.8779487809511157
0.37934104199063196
0.22564259115885782
0.7477210010414077
0.4538252103595175
0.13804524418964198
0.5850923559036394
0.3560219788380892
0.3940937506034564
0.37423374673410587
0.7365401371499104
0.75398349934381
0.729371538753967
0.8283145585082102
0.6998458500345983
0.6686553736887118
0.8729422162410775
0.33059767493142656
0.6081415164331961
0.6481089643876494
0.4685004392738537
0.6410591424764126
0.6019130270425956
0.8257174045796947
0.3349483868617417
0.6196607873199865
0.8221458031877997
0.3784728227917847
0.015108498802989987
0.16082794711349724
0.44169957465579524
0.6117159326049197
0.5639814354082587
0.5146353021185368
0.45764795446018885
0.6594436592536255
0.6964102148724626
0.224691722908742
0.13147187779838643
0.565326757540775
0.5231326642745218
0.5111439610910079
0.4312723278616236
0.13269069277278442
0.8527261521939183
0.7690243947775199
0.8017420855958137
0.03427132885954059
0.2691225391290688
0.28326072436068217
