0.5227970348512181
0.5330305529650319
0.4969287646012849
0.1345597416182498
0.31526873662351995
0.8889504954947989
0.502321985068231
0.3973708758763456
0.4564121298362094
0.6993127318290133
0.8846978992273742
0.48936821335599234
0.42962102688605736
0.2709637888607874
0.1460587736295445
0.2936583793305583
0.23839232641974825
0.8352401594392712
0.08673452802224081
0.027985535793392493
0.4425087408769585
0.6744896262953783
0.29648262831864525
0.21511532986387194
0.36151724159759047
0.9002629548571737
0.19857607892915993
0.42410244114268264
0.5601462852712584
0.6235970601644263
0.29558002528915306
0.8597732252569064
0.4523394438735507
0.21442606423655536
0.8594041390586294
0.6023023057175085
0.07903387250428943
0.8624945609067143
0.162311803918019
0.24541739105331645
0.91134777528088
0.19936246660864845
0.5681597945083326
0.601508169711968
0.8208685196383262
0.7970678071366706
0.3834005797615726
0.8934854917276134
0.8973218989295026
0.1736385484867558
0.15824801655881093
0.5210579289503917
0.9390460627632344
0.7018910789435676
0.8699062445134015
0.1846487148373648
0.29817926820411766
0.7059993000386267
0.6983353131291495
0.45266164735376446
0.162314544858737
0.42077720112157874
0.8899228293192255
0.7289649951873513
0.7268900594616923
0.22492946272540965
0.36900180060137505
0.8179404337562991
0.42778908205161426
0.226168945158207
0.31164554917943055
0.5602961823477496
0.03317373476367477
0.49465391873486514
0.9099218191938331
0.5633351614285111
0.4602895750249841
0.9297519152753829
0.7951997823793245
0.49009763646659
0.9144807367830116
0.5420213788424133
0.7029566437992175
0.4892081302968575
0.23356119182098614
0.730393001455413
0.09051321026552833
0.21308971214936823
0.4229640264876916
0.6973399551110429
0.07532169777582666
0.5013390723237053
0.47968035099283424
0.43339073006836837
0.7755700655285612
0.9050212772427738
0.31994503751565495
0.26273036266839433
0.4083990303328856
0.3140414560588308
0.012174696547131514
0.06742056763038791
0.03369890389826168
0.5799144221303923
0.06320417504526109
0.7620345054773404
0.31386627318186505
0.5017204005299227
0.4714471234375373
0.8687651020996704
0.7359194948472779
0.6961991024198734
0.5702865089273856
0.334967868167667
0.3193180327367429
0.3321635587762447
0.4616533540456485
0.08000824598479403
0.7281476733487046
0.0447997369938426
0.4011589257986364
0.38409586959122294
0.8971054613625042
0.5656293304522007
0.36626298150630726
0.47676162708358644
0.23901054174215167
0.6002531103603042
0.09563119741777179
0.7734103735755259
0.36602161426855206
0.5090412469378808
0.5370639288491434
0.676885524839266
0.10519924764930319
0.8692219995553361
0.36980359661292156
0.14574499257865584
0.7213992572767465
0.3088339176271875
0.6518993951559501
0.7373305386176913
0.8892841367179458
0.4403923080225162
0.30382857839694183
0.865450564284125
0.6469842143660317
0.3833224927478536
0.1504807769572208
0.6165041812949961
0.778224967045825
0.2676026611427883
0.38059234213741006
0.8608590069803737
0.27560739199828715
0.43074337033212107
0.2299698666910538
0.5095690604965938
0.3193167600230414
0.22986366214051587
0.41866584759083675
0.16305130215907945
0.2863382336406599
0.765979671256016
0.3488345757653087
0.4395061053990157
0.5098404271464722
0.6186692374068002
0.03864695553639367
0.6099691198734755
0.4846847624894197
0.577166546387389
0.6204145488967426
0.39850408505183166
0.8146650934944148
0.4877810342330915
0.6132571960448651
0.3344924879738243
0.6782425104879249
0.915646554395436
0.22652713324572665
0.41732361092374676
0.4378634344544938
0.6931367066367978
0.3762266983199312
0.7757039565838345
0.41166464243811324
0.7376354135053371
0.8995655505317834
0.3046118247081476
0.5260359701276731
0.14392905211941665
0.08307668150780069
0.11046710620160552
0.5363709582528365
0.6244059173262517
0.16920607831559317
0.1518698005237424
0.43176453186448494
0.5226590895989087
0.23550721513935202
0.6351784000917198
0.9051675151682538
0.4481002609796077
0.6442641457432086
0.7746018277554539
0.2216526310422465
0.37137153608994644
0.2553038662817605
0.3424650083840815
0.2940468881003568
0.8244429776594189
0.6998881586109038
0.30601509174267255
0.9250425710735647
0.4697001285289815
0.2994503929561088
0.14764065602437118
0.3541742440436265
0.811052441262147
0.865005850811371
0.6130031888631259
0.30975205729178085
0.47673650529181716
0.5760177771837061
0.6028524866376622
0.24038439382667082
0.437337429962879
0.14160089309451004
0.9141089868929388
0.7078453111904749
0.7294623277218231
0.8242205441325812
0.5402490355169763
0.8346386608026378
0.43939577087038834
0.6919389154518517
0.010143916874685419
0.16358197987408649
0.3161345829388036
0.6654997658753408
0.49797166971962875
0.6686404403559615
0.15088602798968093
0.005666421841272605
0.8680020065700361
0.6295459289229209
0.11058098858912989
0.5247485144288536
0.6329636135458033
0.4648037029529631
0.8384689625106932
0.09546695946458089
0.5345963834868642
0.16213431825896676
0.7166062680952962
0.31154661610853074
0.08649282413368269
0.6553088808948366
0.8383314210920881
0.32463365353970186
0.300801033321718
0.26410198471132346
0.8532553321126084
0.749513062903581
0.5960162329811058
0.8327157369670809
0.057929472506286904
0.14717477951941466
0.1749993626610051
0.35242787531913244
0.790752525161663
0.4323400757552925
0.4614486109784226
0.09453272272300095
0.8964067414455866
0.24346157306039862
0.42539927929275534
0.3289087043187861
0.5624292814211752
0.3149432456552659
0.6610058393735679
0.6225138764426578
0.3217961754920712
0.8468123301050652
0.4973461447539508
0.4843575662911758
0.504324246970319
0.3307365018334104
0.7804038848321798
0.7876696733735388
0.7281158025375246
0.5276443791440055
0.7993795287228422
0.6567784638513307
0.3373112446901108
0.1542722272826803
0.2167879939703392
0.5056564637551624
0.8845331263310175
0.9028207975252204
0.6124347980919963
0.725363858227834
0.5152629125289743
0.867568678200283
0.18201439309601802
0.39932259653704577
0.24241630704848782
0.7791716661700562
0.06492122729060892
0.07302006353390797
0.40667058364048025
0.21360385190605935
0.2831654366367448
0.4131968904677395
0.39818354150899865
0.5646977494934035
0.2369623526624991
0.6003408869671463
0.7086436064982985
0.21540218505001293
0.515940142134291
0.33125983223104133
0.6713990780659028
0.17962015996712896
0.9209493509723716
0.14784443399130626
0.21014999748297672
0.47098954992967934
0.2548110987079286
0.11355495606047945
0.6289431584241298
0.8470381700367166
0.47632996818951734
0.3738325826617453
0.5701310994810701
0.46369816333771313
0.6270866134447723
0.7475498461631523
0.22634288298002253
0.5524604373065548
0.7618655356684674
0.6172399657127194
0.2647410828580015
0.408429795772006
0.3113240406251001
0.6015357639583728
0.9104504492941928
0.3978967053174082
0.4012450691840972
0.8384160996541116
0.6443146617458563
0.24063246706652688
0.4705786719932242
0.5135643362111896
0.3721380802729618
0.5037795135240459
0.530066331875992
0.5794037562295052
0.7568092425721823
0.8318122666681081
0.5834032974133546
0.35888119526155937
0.4617864178033699
0.7186147077384673
0.878974197488508
0.4092666123821809
0.3607505794035554
0.7210253028631713
0.6796750822899905
0.5764155562781482
0.6261950140165986
0.34041991865999266
0.5659949829697719
0.01641270020605366
0.30109776380538583
0.051771900551843913
0.783702411073113
0.536343626727891
0.18969954175188425
0.7752371566663839
0.48020829363670137
0.7166888429530506
0.9137187728398863
0.14533165850960497
0.08062108576071482
0.578444310385672
0.4836624407716839
0.32258616156516184
0.5953033601661931
0.6696970509322043
0.08697008023272025
0.3930750078977408
0.9515533934302369
0.2310600270465483
0.7280783319496154
0.6992001822252807
0.9009243718347777
0.19319222114879825
0.45666999920274054
0.4086627403726353
0.3653380993551152
0.7402197372968043
0.6383948444905846
0.06762086097532828
0.6119753489520614
0.47184616394540013
0.07049954454184869
0.4506451498353672
0.4231110272681274
0.48054527810038383
0.4500687106080002
0.05742271350262984
0.3054547072259455
0.8695645752433883
0.8888671493018051
0.8116377023947319
0.0060194355098526844
0.6386542912609527
0.05253254386129365
0.5529988799428565
0.8427583023775056
0.8530360463189026
0.7436900030140927
0.3376112184500475
0.09660133715855489
0.8627816559769589
0.6950776137753532
0.4876510563653461
0.37969868659491757
0.1978589126806552
0.6540909351755546
0.4949938442295071
0.6995049578529431
0.15904603459980457
0.30441108951613105
0.2412525930652536
0.864995888823951
0.36454300243863297
0.3815999650160338
0.5569756089457198
0.21153454235695301
0.34519351360602135
0.2955484774617933
0.14076500553284774
0.8934166053158197
0.15301633658326416
0.23371309850918137
0.788333634937762
0.6503367534555586
0.9121366580176034
0.7506261350106529
0.5263277478423559
0.6217179716810357
0.8879546319123394
0.044767453895011265
0.5088255661230272
0.3503240987425303
0.7876674913558305
0.43557556508518824
0.03557705419282326
0.36375663345627357
0.6918832062617178
0.26699538927688016
0.9040035205178258
0.5143772896327065
0.3501137348949976
0.10755027589403983
0.4211592648222606
0.6904783720100569
0.7218419117814177
0.45077026716837587
0.7886897622519257
0.6466784850860521
0.7770915658901989
0.5408736651786009
0.8271427524813818
0.30490053791860605
0.7072248794549874
0.7127081890935886
0.7147219422313813
0.7689408237298658
0.6353551197959509
0.5186757560913222
0.3857407758366466
0.750891398397182
0.5821714267250214
0.7763818530101149
0.4244826694605672
0.3588633034378048
0.468660421220044
0.61206274254456
0.4839732041553922
0.7369642337756475
0.32473767252071106
0.38143206178904043
0.06335253512224027
0.225283765186138
0.7083965160106559
0.7988308743526772
0.2611988054392881
0.7669501898840659
0.21039736718530505
0.24052193964531499
0.6424633055466953
0.7243712827139994
0.6278854964988021
0.13659301432643253
0.45629949077692433
0.051428460426785325
0.2390329482840193
0.8232826748449316
0.5595422703630297
0.8927134464481432
0.7510973543164775
0.46753868091159895
0.2781537488871269
0.8705864459596092
0.41441017748439263
0.8656926082941313
0.5334257205960752
0.7144579226510147
0.23542348402095942
0.5636174509185287
0.6988755199842145
0.6050864365449785
0.35330271813765335
0.24327479462577037
0.8587609591450753
0.6474788958113359
0.8826862561336514
0.23004883656037098
0.5376598647766838
0.28159059926155117
0.7866443407345924
0.21308971214936823
0.6637072046736131
0.4259288311269032
0.3473049014180962
0.1605306505224185
0.5333346310758773
0.8734079294961435
0.21198364028143332
0.6612053830402425
0.22863430795817213
0.002514951660479541
0.4944796801140864
0.1459448112253998
0.41619389289688313
0.71745415940163
0.03675326764889372
0.49056375146398157
0.6474318113366083
0.5452735934886918
0.5788994914310052
0.2118661055426906
0.23180343488813976
0.2011188439831798
0.41991977697157057
0.6850931983921877
0.1018436131397059
0.5456975766610033
0.6473679212527951
0.4474881542220177
0.22366622124900715
0.7397438820169202
0.4609048865324325
0.44767671767944195
0.628329677772015
0.6322674049519484
0.8912065751358178
0.5159162235587446
0.7992328699953652
0.5042522003361551
0.36642020513304246
0.43803175839563074
0.46343138115288685
0.622784302058182
0.8750282152829868
0.7335550647881428
0.65540390276309
0.4105857981579812
0.5585305650357999
0.26564822607017735
0.3727319087384367
0.8325602169908316
0.05266588205261267
0.4455539817565734
0.5509765090751073
0.5959133187329374
0.8883776252902013
0.7783544272013553
0.46176815788540887
0.5045872180044685
0.5537517252621066
0.5810583751610437
0.6377064115072146
0.32503012361674033
0.6721346200017995
0.1658024437085658
0.12177246643776254
0.897481752813212
0.5089357836768045
0.8525420844528308
0.8934155864248318
0.23964454330600082
0.36517103680118607
0.5086703469766161
0.14184428957403192
0.65694827774685
0.6071624583015766
0.8977321275561525
0.864436292757021
0.9328005226068794
0.8664818169956926
0.33341339342443344
0.39164703265201156
0.5384748935471682
0.5923679968285749
0.31601166359856864
0.7198875488150851
0.7018872202243616
0.7494632302152447
0.8981503040647262
0.9234400941898138
0.622010945618901
0.6656667142139275
0.5938362596056204
0.31577497732353305
0.1654755765067283
0.7412278411615466
0.884280083866099
0.7451784005598016
0.5758511958279908
0.35601761651886027
0.396270563787464
0.3191792936784663
0.3435056884075239
0.7258365210361084
0.863389874622224
0.788873599007612
0.34162444913572054
0.5498870983047377
0.07998901482591007
0.7869175818226727
0.19577191390427096
0.09702824625584215
0.24803889152394706
0.242952323824111
0.5949358890297953
0.024676965507799502
0.8447374577880851
0.6167355120313546
0.025024031907104
0.7226221006536989
0.7828898286573819
0.393354448081602
0.7179768737923148
0.6944580650314414
0.34430760709887864
0.7717440063425423
0.45897066105491235
0.4865372869994039
0.6840378024303809
0.6280209202466801
0.09023929989004598
0.19091434009739908
0.28362969946181293
0.5198925616650742
0.5058447815248641
0.6607483433455369
0.5637498865474995
0.1617889421528395
0.11173085349910566
0.7562932422734091
0.21340641662752705
0.9091748756499389
0.6699896477027383
0.731265859616518
0.09239965368674695
0.6038079720909568
0.1931853258001837
0.26155394414228705
0.5776570171921279
0.6511754284090215
0.5668804609017257
0.1769575142385298
0.40018418521582205
0.6604819667157055
0.5352879525415736
0.5879097963279525
0.329274625159146
0.16325607014174806
0.6013564974479332
0.5250630181619383
0.8432111909976685
0.05042359471265289
0.7077440826832317
0.5587063584623447
0.5742767344217522
0.5065783651590485
0.7909412270411867
0.34561500454865596
0.4715873890622745
0.34112910911939404
0.5805701175976011
0.4921280957783823
0.9424418508971637
0.7292822362938188
0.8628421637012278
0.7535881846766092
0.7695968860776387
0.5004818294122182
0.23887839945167866
0.1399899917796629
0.7432415748937452
0.31379611737773144
0.2582149012128393
0.4880431845213407
0.32837671406510704
0.7112498467977668
0.42171281883780853
0.3674906885614475
0.5186149007884792
0.8200610592981142
0.8354248074567348
0.5145890010078822
0.8079714681632629
0.21709421021527964
0.45175457472034664
0.5752280314209176
0.8105459686817776
0.7028379884570141
0.6805700593583395
0.12333893628490072
0.1086364513231596
0.4248167632599828
0.718229216342049
0.4027202102364535
0.08130298417250471
0.5867983048855211
0.8447565548533146
0.6603220063180122
0.5276069444147767
0.7517076237158199
0.6873558844839762
0.16486988742935424
0.08237063829193848
0.2131712083458953
0.14979445156201746
0.5225653255666485
0.5491829182788156
0.8385585403635795
0.8649472225214112
0.020298405360680002
0.7748088329011846
0.3824200248183085
0.36441750608400264
0.6585394420977333
0.5779041011280652
0.45503339764722706
0.6457983178659216
0.6090887282595485
0.016341823701029014
0.2893474835788889
0.22425744756360408
0.908304179089241
0.5577085216401751
0.17958653295508262
0.43388886262090165
0.5892316930741417
0.685163462347559
0.5096757708243965
0.38073846725693095
0.30006308313031665
0.23902574851306402
0.40642527267347855
0.4799992665270948
0.2170850049923837
0.8041935066309368
0.18933641867255044
0.7996392157708148
0.8752336559506136
0.6343813499689173
0.7677789039390234
0.7634534043181757
0.7455480815666059
0.8701236434108675
0.6087884688751725
0.9235521753665091
0.3997858813454865
0.6721208201404175
0.7191993126951037
0.05709260092445579
0.611056889925486
0.6346259155733751
0.13322967322688412
0.16814473294970234
0.09564730466610313
0.40084047550289237
0.7439876929511838
0.46970674750508257
0.8405019600977742
0.9704139462577929
0.19746897080160242
0.5767640504719195
0.5467610544611371
0.902252478852343
0.7848707982201893
0.24847465827056406
0.6156945077554397
0.16627942481221072
0.428643969040491
0.554392447916467
0.8046036250904371
0.1284221495626875
0.6004691860269346
0.7924122751875803
0.6814521542632481
0.38413407076509054
0.30886298569732046
0.8954985899835737
0.31115163549831737
0.20066725477076847
0.47394514594559656
0.01795574095888127
0.4147902648968578
0.4702764000737861
0.594883630813143
0.6037314446910653
0.8726593135829591
0.64873024392336
0.35054006614466526
0.6080496836839587
0.7916962382622855
0.6594672860936965
0.2849417912645691
0.7985320623977668
0.18493638203185217
0.7225024073615974
0.6804104453379071
0.04623381130886894
0.16008240418758107
0.5484240296516898
0.4746585726614472
0.7297875738115829
0.5747499022228794
0.2588306189732811
0.3238519179787918
0.17013705428827305
0.06692510569927254
0.4899095041224499
0.9601807105117797
0.9414804258839711
0.307354616366813
0.38472310390736913
0.7592659183131741
0.7557839940315435
0.4183334535599974
0.8715139487294837
0.12567121049875743
0.5850802313911506
0.8684206246119838
0.843143918516174
0.3755483111184106
0.5171668972979293
0.669835640386282
0.9263633282000915
0.41383716134501425
0.05178864352585906
0.30420338403802144
0.6081376682760776
0.19417908714715396
0.9072772148428944
0.3595466673724803
0.1933400476195098
0.11548545460643667
0.46022350354070524
0.12083489069976526
0.7168975056482164
0.6929525007326742
0.7469674826859017
0.02534839522202835
0.4058470116321148
0.6585283915548197
0.6772908783821739
0.3317748971596377
0.6317073346209549
0.7812769119251802
0.1372566488573079
0.28282331691087864
0.5997178601593602
0.22402858860472946
0.27821104666186264
0.462829143039906
0.596735010342809
0.769385065574021
0.31984043097790243
0.7254050407151995
0.5244433476825574
0.540418472207607
0.6616747416826485
0.2169291902388216
0.00415124979517402
0.7593307834557894
0.4318523834369549
0.5493955662415968
0.8000101153568181
0.7770777279721287
0.8225350497439579
0.713683405513458
0.6458625818658601
0.9438549918695154
0.4439523759614121
0.5557201786533891
0.7848328528290972
0.49115969051511466
0.6402080872317055
0.38521426021505917
0.44942680004825697
0.638913688334269
0.645877045753985
0.37933226616379084
0.5587096237932797
0.6683662897607877
0.42415393328734385
0.837450522308896
0.3773049965248375
0.5156700745945424
0.26038684032444215
0.07203671815634553
0.1347868685606205
0.12931393972020594
0.19778730934105967
0.29733003585889944
0.8124351048627558
0.3330569836801041
0.36217108184926444
0.6073408367234417
0.3277982978527974
0.6682436928677077
0.6363199479542496
0.37229161142654194
0.4695593989043529
0.6611324964849189
0.9201878229056567
0.4911549146882297
0.45453056555507015
0.7539369014401098
0.8268130102373364
0.5419317642092009
0.6564565101312143
0.3628317424656334
0.786147369050419
0.6835626156687349
0.0940413800455305
0.15295282408172658
0.20630434910286605
0.8881381229438934
0.7512453689812626
0.7271168966678772
0.5068305097921475
0.1584686887410446
0.6998881414323024
0.3927594491869391
0.5535560019010465
0.08027573072277569
0.8647363524193366
0.4958977822686562
0.7425592496029042
0.738937802060227
0.2229731046711247
0.45509537379153325
0.6798494801483312
0.295626016622698
0.7398276205116688
0.7397657007527086
0.1748385896425317
0.3165986111445268
0.48858518463074035
0.8917367695160485
0.20162619666331585
0.3312206971331943
0.06694704800911752
0.3346697378736925
0.5905430686902834
0.032001728220956094
0.48949336757792816
0.518930496943653
0.8052566004012179
0.35037484358295623
0.45259412132966353
0.7208208314385636
0.9097115232102911
0.7129143699521556
0.6197500366054799
0.24140090570550465
0.6052665091943004
0.7996688476510742
0.7192873211479068
0.38934593614211505
0.5643815592732756
0.43852805048836924
0.3672357912224874
0.6384925328239974
0.6802004008204479
0.24547941283348065
0.14186798803537498
0.8022320611098628
0.34451700039702315
0.5012039656454643
0.7723058639502279
0.43917714403764296
0.45606068472144967
0.6703354049640025
0.8007625524277165
0.6090057044601825
0.7764445252118893
0.8114512580693642
0.3493476497365086
0.8842644321698149
0.08683423822068355
0.3644428655967441
0.7324391389321758
0.340230829521998
0.7049187545295147
0.08277978082247175
0.5072022597346011
0.39630885612319594
0.3052941111608991
0.7725410678030397
0.6466956592565531
0.581514986711038
0.15132155259335173
0.44383880791722735
0.839138394887279
0.1743720124730762
0.41816832453751746
0.4509002586931296
0.34091090653860573
0.5008226379582396
0.3612689534309751
0.5789166878350591
0.8018192580545557
0.46071645487038937
0.24724582996306135
0.46682930530631644
0.2255931615868688
0.10166856917787277
0.5227993794043011
0.5391155497212319
0.16126364421566064
0.11450389644963165
0.3279326729613697
0.7293939398130763
0.8565216648803052
0.830732430262489
0.3698353110392493
0.10121309557478309
0.7144934974951748
0.40739248688039076
0.8564658390561601
0.10179215527160551
0.44781191652330643
0.4992805648927653
0.7052709777252287
0.838333211145197
0.6785094381678816
0.18371989112268053
0.03407897999403915
0.7783938573862409
0.3326396411349374
0.8133900665459586
0.15699254935160156
0.5050221894129516
0.4858402763100625
0.5266760233050597
0.4529804163849169
0.5567552419409548
0.8344576069051957
0.5266777343680185
0.5485324612949085
0.14615695890525915
0.44264802996997504
0.6794867493866563
0.90649426788177
0.2595035231209785
0.5141549544413494
0.7290169015291453
0.40595949065592557
0.44918150847558097
0.6423710891320502
0.9339292587175964
0.5597613494252874
0.6428056318017199
0.029908252424937627
0.8198565668083806
0.9268588916937907
0.5072107493231496
0.730789780345159
0.36592260339206467
0.39410234797929744
0.3845049545922669
0.014618788495451469
0.5428429192035134
0.479883932168672
0.7687958576597542
0.3825527643704291
0.7372630879891129
0.5080699044513683
0.28287823216553865
0.7788136644025823
0.3572788756641338
0.672273380863246
0.4548578896293914
0.4398225783985858
0.6289326314379436
0.24489232760560015
0.08198046569722589
0.5126058043384978
0.30082912111605864
0.5261946971684484
0.7416303245370753
0.7509493524615254
0.624358831301126
0.9149449379685766
0.09632555265434876
0.161223962779026
0.8471920137638401
0.39215100893041777
0.4977392036165797
0.35740418979464234
0.05925987225345585
0.4544183768085052
0.06227883715784451
0.26235058613018286
0.26171620698018583
0.5954675733278869
0.16307299005334694
0.7538123144572967
0.5089524970692206
0.672219552892146
0.5970935846233546
0.4567021909309015
0.684658437273802
0.8499056111691432
0.8207417225223033
0.25201826216713513
0.5534140699083967
0.05616725151144253
0.23184268834754196
0.4161046501371249
0.2075648524278306
0.8370791701261873
0.32478122301432766
0.6234173977364152
0.35762475687886247
0.8842703579028952
0.4381640102613328
0.5631345676291737
0.7873539639243681
0.06591482719559333
0.1552651893389922
0.5225767460798283
0.8628928412028819
0.5851513262517134
0.3033907834392859
0.49860260203452406
0.12666463298101788
0.18735157334959268
0.7496039209469171
0.36891786616002437
0.535499999520454
0.4128819913594798
0.16479482431123316
0.4423275197631818
0.7314904583480313
0.396707720798018
0.5566138672866789
0.5758187308962599
0.31216991199773914
0.8635230873664899
0.48629028184837036
0.726660126628162
0.17460076705699906
0.16652388590013142
0.3369387732722735
0.2068516097120832
0.88417672480495
0.3992859756478902
0.6061644015465096
0.5187270840156293
0.06349147280189503
0.5286813698933559
0.07191868917732347
0.6387175340473742
0.47866907543637055
0.8995578006670677
0.7090234684813336
0.9429840736276017
0.9229089075170746
0.6107145302787137
0.8589255474841411
0.5966684118150097
0.6896886071139231
0.7120289522291884
0.7422196987832731
0.4433832121101336
0.5983153009633495
0.6127998114412131
0.053749238569159107
0.3063053826963302
0.39843394855289554
0.2740541538153693
0.6396019939933332
0.9351903990891294
0.32493307874358873
0.9055641615568564
0.2766205857364221
0.29906569203408667
0.3376596725166396
0.6383822638351931
0.7348651922755057
0.6964525306916347
0.8359366179621371
0.921894403985667
0.2335908542790431
0.20704724390645016
0.5186178038896005
0.6133074476924798
0.4795370213710026
0.08726067853822701
0.17315160760579068
0.7534287040144484
0.7142593969063129
0.6059979881798637
0.6893647994753981
0.4754320741295445
0.24645658607921922
0.7043025590825461
0.8311176782706644
0.5847698170176043
0.5593239649952062
0.6302162675817081
0.06461446943321031
0.166816308012163
0.6145268995693118
0.5378183782953947
0.8312335120240288
0.7874499259553449
0.5486145298475593
0.34193953720312387
0.6918810050797467
0.7009258053054087
0.47620758094766774
0.5570191458085605
0.3483957733909521
0.7407790985242376
0.3887220571799397
0.6537652381745939
0.6173692657929436
0.3232789490933949
0.0018026343311811897
0.018372556748892845
0.5605318903445675
0.017379850333994806
0.7822759535734927
0.6670986535447937
0.814467040345745
0.16552714346186792
0.5799423838069071
0.8039291714132552
0.10378605087495735
0.3463896663241831
0.27764564468887964
0.33254083312465393
0.4019649655309697
0.767625399654874
0.46722247404561634
0.8348799042588131
0.4769747284071242
0.3695120124943141
0.1760354400069298
0.5070200209587078
0.4615742568532834
0.1843124364678063
0.5148049045118388
0.7275359887629675
0.02160884525757797
0.6069896785535397
0.5767574975762202
0.4205050487799243
0.41652175910535033
0.4361457928533247
0.45292468778174827
0.43005627866993096
0.22964717209360705
0.41808668721226383
0.27862530343962516
0.16441456557938858
0.32517218536171255
0.4834565886674231
0.8130658223605868
0.5721154717527924
0.7732186159859366
0.1050090177448421
0.543904921681336
0.5503761273076004
0.8749992635775425
0.8119799434473464
0.3050263927866233
0.2551062567715851
0.15180656009852123
0.3198886323030092
0.30448759176044604
0.08298016171163228
0.30472021183782044
0.5544868562342926
0.5017078286853018
0.6215481949708093
0.4401622920067995
0.6427654672603058
0.8115988390359546
0.3761051685573172
0.8045526768116953
0.5118168421865751
0.055125444550923414
0.4195765857070283
0.11230550242408388
0.4072225848841009
0.5295318086322642
0.7765043366150729
0.5318732946642596
0.5926126472877136
0.27101479201686574
0.19789447913105376
0.6759765822938932
0.8242461307956165
0.5143078406048883
0.8301290691347755
0.9371434322695564
0.059836520289655123
0.07272255182921547
0.31146406569505014
0.6312643028353206
0.24379952842516736
0.43102778353250026
0.6079797142729759
0.5729785795553046
0.08042650820934248
0.628249328122046
0.6473471706182318
0.5545000673193268
0.1470269835263951
0.12511610567453327
0.8059836346201575
0.21198521925924013
0.3505369907522981
0.10968989728932006
0.17290464194011285
0.5420694733236515
0.6974255326765721
0.723224415429927
0.9331801769811867
0.5317795723514154
0.6654819312504185
0.5158303339619152
0.5822901256759556
0.758924663371097
0.4507916162321316
0.49304505647348734
0.9075646345633004
0.7783277309188011
0.3074809760658579
0.7453045809249769
0.6560644920295889
0.5231162751262565
0.7969653900717156
0.28435143652226985
0.5301121875888262
0.7395296261980746
0.26124690865562733
0.8751783247357703
0.7660403450402354
0.6305571602351535
0.8064234844248612
0.6902793273694879
0.8078893290838992
0.10715102239525648
0.34012020759776196
0.7932550494872044
0.3606040783980681
0.11690711617764345
0.3160794271825453
0.06707098080125366
0.03810764448743614
0.5138380811150149
0.2945095912869439
0.449463961125087
0.8909579142518809
0.5412542140381741
0.9016234864331151
0.48116396599203426
0.31090865356116526
0.3357768924202259
0.41807675338384737
0.07994466438534628
0.18190064517082719
0.1516757586729282
0.3063455481101996
0.2404452075210576
0.06147620476416198
0.24570983603903734
0.17127027069466602
0.8089980158979526
0.3123413367512514
0.11871514926257866
0.30069000432610327
0.6989552525250304
0.6384502316389751
0.7948367549558666
0.3038877728052122
0.8473654087764608
0.01772279453764009
0.4039940425095201
0.6158172362659087
0.4322648626846199
0.03800670541449815
0.04301621346115193
0.25306684083631503
0.43890559916019034
0.126101382975167
0.39936490085056425
0.778460322031079
0.6882612445716879
0.3005345839352845
0.8878027793807228
0.7270553414718439
0.3403473436369189
0.7468861277316273
0.5835443025617733
0.760649755798247
0.2280298210832245
0.5944986812926146
0.7691160472903441
0.5743880409787269
0.8229653079851857
0.8050789576386108
0.2063908625686156
0.7976690626721112
0.4915219661337843
0.31494127776569936
0.1430585121659648
0.8607106320455652
0.4715873890622745
0.49313999803780323
0.5942170524254873
0.3321109297165458
0.26632952118550574
0.9114605843870712
0.21899234135199
0.6271620256447118
0.3164797649658569
0.6342686817289399
0.7275324435217231
0.8533589656881105
0.03061220804434568
0.078143204982161
0.23289467455825655
0.19312917804257873
0.47932113319790903
0.308373604728097
0.45219456261093666
0.5859810256061558
0.11283196898957422
0.5944559731963567
0.7577931906880686
0.5159146559343444
0.48209643837768906
0.0042023696541921935
0.5124347068927321
0.8453742135278776
0.5653482721436058
0.43716223379615904
0.7091830031779911
0.8259269279886997
0.1226277936897574
0.6923881429847287
0.3371054300216476
0.5805609298152952
0.7958787538845762
0.687123524860416
0.07151041586063302
0.07475397274891091
0.49689209655044736
0.6753534830156882
0.7480051271381273
0.3225663795026494
0.6837443016251371
0.38615378852692817
0.7648760871703684
0.24580683604498282
0.5669922740932211
0.12704471735738948
0.32893310844955154
0.5524428883257423
0.5115841637515702
0.13743638170330677
0.7472917543592315
0.7132780431953604
0.06656303744706982
0.7243627998262002
0.7178351030119927
0.28534161606235586
0.47739889300088595
0.2547067250582971
0.7765298483707166
0.5672607288808567
0.10803918357586066
0.18530245076092197
0.5975232680122143
0.6454098223411949
0.8252625234472523
0.39794612707807
0.47078940621559423
0.24595198509964328
0.20899755848657886
0.7490539203187736
0.4836347974790778
0.6782383252471696
0.17039677910303275
0.32028058896843464
0.7935517946348636
0.65658832028244
0.5027590772800901
0.4904111257110349
0.7384999257688097
0.7985397698852698
0.5266285597961644
0.7955496941266192
0.6591783976988869
0.23714032760954304
0.06806150865738161
0.48427085399910147
0.032587102294341204
0.5522737669665305
0.5296793952310049
0.28039485868737835
0.4604947410702896
0.403801718610474
0.8285435720276939
0.805851041432415
0.30794203293690264
0.6380808560007211
0.7517215519930087
0.12274120177963728
0.6933896801936612
0.6147676968421407
0.05469192542882322
0.42434475427705387
0.3636844697160427
0.4768118116692606
0.5411801119218742
0.6255125845712346
0.561607643150772
0.531155082238095
0.49312622574219894
0.5418942498780915
0.4875886954833644
0.3882073981554025
0.6777339910560047
0.7793526063954883
0.0852540703526897
0.35590113742600843
0.6196516329579107
0.2766438590583998
0.8937804784356164
0.453494333912302
0.6621323644691645
0.5787565493079563
0.04410157088537504
0.5433640011335922
0.44649315495466013
0.596213801414075
0.03890729521527085
0.5794684751078057
0.1713960261904435
0.6145904746693807
0.309596436176668
0.29230009818488617
0.4783651193412717
0.37109664780499385
0.08733272606629601
0.07794430102492858
0.4370392289911291
0.08240827023679492
0.19040488110354153
0.33930791759882
0.5903343273561766
0.8450043753736127
0.7073554220174006
0.028601492531578045
0.30546727674059454
0.7418741451412211
0.5082431532407595
0.6617283225472876
0.7654506014210991
0.7494793129973059
0.7223761033576004
0.5223478050978642
0.17042996837785726
0.23555220974337387
0.19590379849192907
0.5337233135682475
0.46114634019563794
0.4127644318736921
0.49322342589448875
0.7535297217246663
0.41989932136121705
0.45871121144640137
0.25519601009328774
0.7647395869085568
0.6112611798560516
0.49467872979456773
0.2999048328816991
0.03271848518098129
0.38094535718903444
0.373165505231507
0.3322694434208028
0.30845743378562385
0.7426308232694593
0.30667869987092
0.5129939083746696
0.9177301689222215
0.43071671940308287
0.7396726382425165
0.7947980288594169
0.3276377608228428
0.2996404167114568
0.605968344667221
0.04538456804276671
0.43589046631538514
0.15616423641408014
0.38060641249272814
0.9258666604186852
0.5407405393665365
0.6472303667691061
0.7641979866529284
0.5239271904288629
0.5667987990681214
0.8088848108655806
0.5286724461845219
0.44057086410982715
0.9501684823854325
0.4198532831107183
0.7392848599527969
0.5472107609681239
0.9232623675744102
0.1705138697420497
0.42944337134979077
0.5067790453617268
0.7212803205793384
0.38855903271745124
0.6503367534555586
0.23572637211233569
0.9524063094833752
0.6282123638563012
0.5782611420759219
0.7907452353018651
0.46486851433200815
0.8553428914284508
0.1364535953019814
0.5595356239183761
0.07490187960926953
0.04356181211084658
0.8264042873830498
0.5568289711838993
0.5885705004616311
0.5066074295950668
0.5988068708088584
0.3617712156630227
0.8900556934832065
0.5170725826919285
0.46890800740306315
0.506459875442846
0.38413407076509054
0.5124531209846312
0.648130157811203
0.1912275398143458
0.253372364991477
0.7774238643432845
0.862546807769966
0.1727384545211156
0.5760602598332187
0.4408509042613391
0.5966696617984663
0.1667914308559825
0.682171767166186
0.4741416809683482
0.05893222306663761
0.44853317306387647
0.7990060606491312
0.6524956127981191
0.3176588205002826
0.5480405959852394
0.8587714089660545
0.20849989436135602
0.7347101758982603
0.25955140596267284
0.6856274920345473
0.5225763244155783
0.22256911584836042
0.27100680343096956
0.629070777884407
0.29581707603518825
0.6483453802688642
0.15253152724220137
0.3811254371339798
0.6156051742995127
0.8405852920535707
0.8362440045600181
0.4074130368664626
0.543976393776818
0.1883179371888076
0.911300616912066
0.8081151283590072
0.7250197748291479
0.558328314776682
0.42071523199614763
0.8695363241876006
0.8413390552462293
0.6089530652158216
0.6311822905944039
0.3197424987362416
0.473496411061049
0.40959570000229256
0.27346861121644356
0.41232493223252414
0.8635385542997968
0.8139833457702199
0.9354685869523481
0.1629779255939334
0.6463565479373581
0.7167910621184271
0.6535026337083782
0.40141766592478345
0.5474858549631961
0.9257776746842311
0.320034660988085
0.11806702820755485
0.22051158174898422
0.24488536426013
0.7433618034125514
0.7799484300604013
0.47205844038935324
0.32750939926320316
0.3578548760217044
0.5874704048850379
0.07933899042112252
0.8586533308805802
0.8839587810352353
0.13241189089498465
0.7466333465933349
0.5743357525385385
0.09318252444370245
0.4472080783063944
0.8801272055965256
0.8742554093674874
0.31870977860918753
0.46550441469873627
0.4445370985935319
0.4196558510548834
0.387258487665189
0.2926298186646605
0.728574699716819
0.437165874798519
0.6762821055654794
0.27764564468887964
0.4594432467484728
0.2969239896482065
0.5742305739359111
0.6750811269770668
0.2772444889524708
0.08938115080985584
0.5495750471439768
0.41834115911229064
0.8197713485534337
0.8138947563682907
0.490415051188592
0.6547856328280529
0.37195460852349704
0.7525981902413023
0.42653863849964196
0.2548685875125899
0.8738464607050873
0.6099358812520991
0.8757023694994878
0.5202571850350305
0.8584385403006913
0.3742237406446918
0.5277682405307654
0.7906426160929501
0.2935515841253536
0.7840796039104613
0.6748266522419967
0.8506198109996257
0.3143804318850231
0.6160829597012716
0.9234641852862652
0.4007257342260273
0.5353199843376811
0.44682302765226845
0.03910083337764301
0.28440851969496445
0.7382038709237001
0.5603910094968992
0.36905599949764145
0.40565648029384405
0.18373303091879215
0.24874916237102304
0.7949608532120824
0.76694088453768
0.10031794615216888
0.4671281511110283
0.7781879590359531
0.11311149489718973
0.504682646480249
0.5757122550115803
0.8403380354936059
0.8311976412008792
0.5528410579813117
0.7137951020298529
0.4472727555023625
0.7233260439933823
0.6831820362979064
0.6616761549156043
0.035115877202375544
0.653276007715974
0.23897475215918842
0.8457255145547474
0.6088135776785193
0.27049850948988297
0.3415646099047093
0.6519233944793982
0.6261484498727234
0.5403164416626572
0.27737360412046674
0.124910872509534
0.6413542866460531
0.6126883827018038
0.64412037645364
0.27937403138827616
0.4093708005799127
0.19048137087155678
0.43403253237075223
0.6823046667942536
0.8359810010764963
0.5646275764058405
0.9199459875968037
0.01289183975271289
0.27254239007146003
0.73559763522809
0.3473382893280292
0.6777234190330789
0.7212444323304348
0.9595698152487115
0.5168134838028209
0.2673087847042851
0.7428066248260601
0.33830104061552563
0.7646772761984387
0.5380400707887572
0.0985549153471792
0.30964841642676555
0.41802052367283765
0.7178638996135511
0.38357083582923174
0.4511077170659628
0.3517651602008743
0.4516481163424195
0.196408740462515
0.4178479185136606
0.607363752483133
0.4270043699462575
0.24494328420004574
0.17621239721612872
0.3635386428768221
0.4609458575695213
0.7632046646408974
0.5203231688202496
0.47066804278104796
0.5642378684403061
0.42180735447316947
0.7637597444729445
0.6106234392847804
0.23335621204928858
0.6437919495496596
0.5386934789402522
0.7705009564800318
0.44764422077688953
0.06281604310441594
0.6769543050839234
0.5130546078742425
0.8714279538742019
0.25357085561419085
0.1503983569490601
0.8591905196340154
0.7572434234062573
0.4852873926899521
0.30038295883557725
0.5052831170969245
0.08672265849644427
0.08836818128629942
0.17693743199317993
0.4336470481585621
0.015388795381431624
0.22650635799197064
0.8619543822170839
0.49239685545993817
0.7502005435368121
0.6558671015359834
0.404254863550267
0.7363391722791885
0.7153757918579299
0.8462507272746416
0.6821710617704592
0.8970146159631949
0.10964712382440146
0.3181667492755603
0.5638643345591651
0.48762764245742063
0.6174341285193251
0.2900132397083742
0.0025444517830821097
0.7852415324539268
0.6366333354339516
0.670616256944735
0.5034665630909538
0.43121089596846124
0.8317954042646817
0.8476823590816744
0.7076052040615164
0.3735185639168467
0.8214605043433045
0.2882020036977831
0.21425394835525197
0.3032161731515689
0.0487048872640801
0.34699009759473354
0.9011346241117106
0.8975820177935528
0.7869196043765223
0.8204769119117199
0.1427962529287709
0.03856676615079604
0.34764507922764776
0.7778504435901443
0.3113628087098779
0.26045377593177715
0.6318535989197255
0.7216410689820585
0.45428295818021436
0.659307333194816
0.09935248052443996
0.0978256039286547
0.09811047659154692
0.24778987568203553
0.36895120688479904
0.27270721386429825
0.9003455232242941
0.5881565924655644
0.5219283696422161
0.7574066886314291
0.8913071202335413
0.7006782640258002
0.2558809207913316
0.5347894449539728
0.0517311381255382
0.6932398564088638
0.5662514501604106
0.7246442362417639
0.2135526452778072
0.19793767691393047
0.5175031587795463
0.4042722353648203
0.2538717691070441
0.4448804923463674
0.7094107067169209
0.023368142433081832
0.6328676316246448
0.789973341474772
0.21662161914268718
0.9405737108220303
0.7782937945095815
0.7024385806846908
0.8666725636615031
0.3777919554627417
0.14909272081108102
0.3519370914289938
0.31793017203795393
0.7599968095282266
0.39432264576326653
0.7606959923746658
0.47421424596291045
0.06559455654771676
0.682171767166186
0.14488793090698607
0.5378481503193374
0.7165997846059842
0.4159168057281929
0.07578452507046492
0.4972735335540234
0.4801869481299713
0.673025531585008
0.9066115659790116
0.3711628876614995
0.3402342048146212
0.37671836360404176
0.5182732089927269
0.07122863617548818
0.4580451411338191
0.7208776436844012
0.8949732979217595
0.3271022505886136
0.6127505544383174
0.4674775782489244
0.4902289206418322
0.13499257269793366
0.22394578358649797
0.6552814008456541
0.42182240828818834
0.3041439301455741
0.8794979839204773
0.44684950100531473
0.9198402694139423
0.13412929930102485
0.4989499693441979
0.14369146273494976
0.5670355886256199
0.26204487306963736
0.40023012352048876
0.5245319078569489
0.5410188072376758
0.0019295253086982695
0.3723036319890354
0.41196448116552187
0.6843622543506762
0.8894562843295437
0.9122781950739909
0.5807210363708701
0.7262888640096751
0.4069586716914973
0.14880844525584674
0.5265843835772723
0.19094468762276826
0.8015595930028901
0.1890479764300117
0.5655421805379304
0.9191242687244296
0.8851932779065588
0.8959071661766097
0.3296080253389346
0.8927200909738646
0.2694679458587754
0.19425264306272533
0.4287256784225761
0.696197784476089
0.8617900439011724
0.7214493758860785
0.4121477163895481
0.021877022381641898
0.0963406728870428
0.05939666745859086
0.3026086575816863
0.4954649825589495
0.8880690010336513
0.6020895783995664
0.24850156062948905
0.22453768671684915
0.586496884188893
0.8773680385492836
0.28866475612274245
0.05592137031794869
0.7516422346000639
0.6130833765735381
0.6112735797963027
0.5399261244636843
0.7697532695774639
0.49421653152552597
0.5604729204439427
0.3047715916092435
0.4293629015234892
0.12942438970044948
0.404070095326919
0.786451005420317
0.5223824320346788
0.6742986382070562
0.4891626354805974
0.5051379882018171
0.27737360412046674
0.3430698959820575
0.537253973616019
0.5134622662080048
0.6616703105661131
0.6346346483989664
0.8004517819167782
0.25133438661996343
0.7048694225581069
0.25504884124769306
0.8097420560081515
0.2202765106113623
0.29387366839342616
0.1724367935935802
0.6827500303029114
0.8333467466374588
0.0842854568820985
0.3556494851188373
0.7122680324018181
0.4415878373700039
0.3834983379782333
0.22849896597951
0.6978227267184003
0.35804597285841305
0.3003142126338459
0.9053981742754517
0.44351586019307127
0.3095943650742647
0.5535965740624049
0.31198277504697164
0.06055085843135679
0.48012290651586725
0.7835124864750885
0.6493517827338876
0.8493331682283177
0.39686836044383184
0.6082838964122549
0.5012362398302149
0.3267726152965311
0.173552197069245
0.8849833024736006
0.1945877564982978
0.4279733062747418
0.7097117707306897
0.7784160551134373
0.732179935276756
0.01660536302090151
0.653530069644904
0.750133487935459
0.3587876904285744
0.5951117229161101
0.8746233415197677
0.22481600910955493
0.5156194089916442
0.4312445915152263
0.6904172290812676
0.0037768508779845635
0.3732998684623614
0.7289706571131452
0.15553807839751496
0.7236055559578938
0.7653727199969993
0.44907962243104027
0.611671005638402
0.7780166435468361
0.617327425307264
0.9050073961275396
0.3379529421108542
0.26427184527180547
0.04181471876352507
0.6184209316533977
0.7421988490699587
0.29786027518999486
0.28725383688470724
0.6019009064035428
0.7642334219670979
0.13521279984573378
0.03344349295935199
0.008361369815530484
0.36334336556993996
0.27466427812930005
0.5228566555873981
0.704505491894072
0.07062533018135381
0.6752696413599514
0.13603334730833197
0.522547520873685
0.7363770698484614
0.6238867342975619
0.8149036959204916
0.6051055097789338
0.8957874439961662
0.05266588205261267
0.12239199097459472
0.8201528306248861
0.40210800969822913
0.2101098158287265
0.6835298729945648
0.48390083364496816
0.7833936907708637
0.6724222770936497
0.4220751427889633
0.3439257866181289
0.3962457883858345
0.5047320643130728
0.25238765257630963
0.6243402584542989
0.5131555041347422
0.36900197537029567
0.6416420955082404
0.8945407110038803
0.10337525003564625
0.8874182191762742
0.5697405500902182
0.7551246320325598
0.4453947079405523
0.9724967269830429
0.6132894989403429
0.4717693551096867
0.014980791164541441
0.43008664499917626
0.553786910205881
0.2780857704498916
0.7838820942158145
0.7894390845606223
0.7390278499651926
0.5259127029340415
0.36455279055719375
0.3912938386817525
0.414345038899486
0.5701979500329066
0.07151041586063302
0.22116450741044752
0.6941386806131774
0.4640902593645033
0.7411238213081731
0.6472999609235724
0.513699121978951
0.9233342679254866
0.248656184145631
0.6225971242571987
0.829499148307355
0.22896727893747187
0.8335849006449814
0.5603813953239715
0.8150336953520525
0.754961463686698
0.3943788725954053
0.6075108753993473
0.09848434736807908
0.026985419948887417
0.8579257545924
0.47678884849429326
0.6225920640308579
0.6285251338063024
0.38502022210627435
0.1848801773460591
0.16258909386880352
0.49820798307349495
0.6613659710993373
0.008196079319846138
0.23560978961576973
0.6244466012449239
0.3251435318328085
0.8216878849764068
0.2701272636700748
0.19075588839694035
0.21808681241212505
0.4664878780122139
0.6708240043810133
0.02593584049521705
0.4167864702730141
0.25054170636100764
0.49610189875983424
0.021018842525967738
0.06730510260774271
0.7470666147269056
0.8622123040315782
0.7218763223615382
0.8813344116996032
0.48650236915404155
0.40190221111398416
0.3361857135202242
0.9132189095448956
0.9380356950090328
0.9169455288581819
0.33383202664457
0.28908387297818505
0.6829074808364848
0.09395480392043792
0.9161480330710101
0.2821274281077441
0.13462507193806958
0.3567671912212402
0.2776508593135036
0.7815056980121483
0.5708632561615196
0.6420211675401528
0.8450973585082541
0.1449370109184825
0.8230091559834616
0.5421342299992821
0.10707167786328024
0.8467787716616371
0.9398747822698617
0.6690323138979342
0.7376261812743051
0.4839195700868226
0.08896544368587275
0.6147775758965386
0.1495133555275199
0.8972204576347046
0.13864549539421747
0.3353732368474177
0.20364871775678287
0.43946870301493407
0.4982153142144101
0.21665938443349747
0.8457013243487208
0.2789864713709166
0.8613593490633268
0.44639113694529203
0.04657918475353873
0.5447477639881527
0.42583393525987956
0.6232813433722745
0.2889870227862997
0.3034296249672144
0.022682159902030694
0.6216534379705936
0.47790156282105817
0.34833271565123475
0.5103033284966011
0.28771591018937853
0.4341662011452458
0.2185715100189243
0.030515457810911174
0.3650482808457694
0.31759448389569356
0.4358748753496813
0.8515325420144487
0.46367017468718713
0.5671674515501344
0.7066883221769834
0.6508254638200268
0.5949329995845485
0.39711989096616995
0.7133965424947999
0.5709027908591624
0.7033658070533783
0.1627990631690592
0.21476338581518392
0.2952690046090478
0.43501095080067226
0.659058227626942
0.6167524449223302
0.4570895319293762
0.5029996562791448
0.11308054925203512
0.43889685917893223
0.5960207563462164
0.5834933572587431
0.149733398617412
0.1828989275220934
0.8067138190753488
0.2547062771466804
0.4744655047524889
0.9515515633908112
0.26255328186212995
0.40651714198637423
0.6170486066802885
0.5466040431382267
0.5741812019521418
0.22672739681410356
0.5776470679998003
0.34328303309936525
0.7681591874608302
0.0553344035483953
0.7220256855933096
0.3641607608378949
0.7011770728717209
0.269752528961039
0.653073885962471
0.32166913475131886
0.45902988420359114
0.8984635626052861
0.29179314823459335
0.8321495137030505
0.7304863693644633
0.4553539092781769
0.2772938636258955
0.9199881596045386
0.12323132943259739
0.057228105420144275
0.7065318499355601
0.44842859623395276
0.479300754070943
0.5028201024581093
0.3934839541384686
0.8476092232462978
0.5137275432567038
0.22503459730422243
0.5015020524948711
0.2445205926963841
0.3248594120849708
0.3126320193487292
0.683641342884234
0.10977322441035729
0.9506854474299091
0.049701606107545725
0.31373381096823627
0.3921590865417655
0.5091994717931979
0.41172355250165094
0.07467885168761655
0.6400299726754439
0.5186592258967894
0.9284625604545705
0.07179577228875052
0.2904240410888353
0.5964286591288867
0.4104357932778774
0.3888367925383629
0.6722865850953981
0.30126774836651843
0.5516755491229026
0.5032807022462463
0.4662868746178886
0.32841001941061426
0.40234741675825403
0.20245427892776538
0.09941302920830537
0.651703883590915
0.8427591450329974
0.8328140230529371
0.1265713721845615
0.5983735115543154
0.474352059970059
0.6150389087158477
0.6568609497831669
0.21560482737625125
0.31476220597867627
0.43174825508681214
0.13175813276742288
0.8740326966958827
0.8214828996451284
0.6149278217919668
0.7324345694209498
0.6022902169306132
0.33502381511806933
0.357385242352163
0.8819035532034876
0.3671173438702247
0.2233292916511471
0.7444154371119678
0.44875932283656517
0.13910037433220587
0.6147958963337747
0.33998528147952384
0.3771953412494591
0.37817405049956154
0.7431955347771004
0.7347148421498707
0.7390329565477063
0.8311482193663836
0.7127165887606285
0.6762927760800777
0.8748995928600335
0.33308833039317987
0.6000223477913075
0.6298283380580805
0.4614127928282143
0.6427916418300371
0.5890885778900968
0.8236323146135714
0.32504358386257926
0.6208150056353156
0.8227343336595774
0.40875066244279573
0.017480332367254273
0.1581151117879339
0.4399392674228641
0.6031391449935618
0.5710893153649017
0.520498373789332
0.46678533167169406
0.6423419125060135
0.7083965160106559
0.22430205814572338
0.13149200544426234
0.5621229475635847
0.5299191271498912
0.5071187255804184
0.44422138566866687
0.1314630613704145
0.8454973719116705
0.7757981062941371
0.7975810342574065
0.035896299559792164
0.27285113204073375
0.29839926860459864
