0.5270784875443961
0.5324126509587989
0.4967621988785738
0.13547531814710953
0.31375347656064007
0.8913950687428397
0.507433353006767
0.3942874714422044
0.4472155299664155
0.6986900096247157
0.8842139254443822
0.48637440892375594
0.42137465526722295
0.2810560346787643
0.14703377551458716
0.29418452111803134
0.22504793313446755
0.8155589894204555
0.08829877957677526
0.02813032942493741
0.4396979686964323
0.6760082010427736
0.29241343105833745
0.22699567192654801
0.376695180406534
0.9048922481225689
0.19313607828532303
0.4163381362225887
0.5767345921092261
0.6365144747236016
0.30499764638729215
0.8619148147745446
0.45897221816062844
0.21033454921159037
0.8422291502588163
0.5919621492395826
0.07810931736281292
0.8877521119414173
0.14977857375077652
0.24378547520125654
0.9168931909909857
0.2017996049418179
0.5708356506982235
0.5990253520645449
0.8200042029007047
0.7972116263605223
0.3565535309711174
0.8896828432865294
0.8958531657821017
0.18014992496749063
0.1646698230525378
0.5247525585054656
0.9439292921107455
0.7258523981822533
0.8719808449006445
0.18596540068772832
0.3142218173273869
0.70887015021532
0.6829562766927482
0.43838811061877947
0.16760177643163732
0.42092352891264545
0.8956706778445084
0.7201912113254
0.7308491807312887
0.24021679255199352
0.38037667118816326
0.8107492347425199
0.44116539698301815
0.2359973031001283
0.2970887878899211
0.5724005663560402
0.03214830109444734
0.4910442927095175
0.9127132535117373
0.5672913977634058
0.485730233943076
0.9307303055896545
0.7964399824983421
0.4866399327975118
0.9052136637266647
0.548771183903298
0.7046371135718882
0.48215040213598337
0.2432328369092681
0.7195391810497735
0.09266667321151928
0.22357777853546687
0.42509177184478253
0.7073304772637069
0.0693321635205683
0.49728126729069383
0.48161309138684927
0.4105643944456474
0.7828753399836209
0.9037720074697136
0.3274160320453591
0.258125234766491
0.40811704238468716
0.31341773259452815
0.012016955125652758
0.07023456224463553
0.032561041119188706
0.5675538500250947
0.07221890725530078
0.7760463286982641
0.3322198794343934
0.5042154540528407
0.46919137697551416
0.87150713759306
0.756142436732148
0.7025168202625993
0.5748227906793381
0.33745871573550734
0.315086812079782
0.33243817446827995
0.4573517572818736
0.07649058726454996
0.7054213341070751
0.0444255599540483
0.4124242804720181
0.3829002079009491
0.889676613561425
0.5687920277059572
0.3496332268171288
0.46498276483500367
0.2491672461875633
0.629592393548789
0.10240505033396231
0.7719207685917522
0.37114162867991685
0.48621652429392365
0.5400348060511849
0.6749500924502855
0.10708734775553268
0.8746286607355791
0.36300247652011797
0.15145321777871115
0.7109468084907034
0.3000802384875183
0.646799182797684
0.7462978982493802
0.8851278087795842
0.44163187062200443
0.2931398662744557
0.8683434454699788
0.6306674974821049
0.38931623846623226
0.15574690653506237
0.615713241399762
0.7838146176128041
0.26821157020915193
0.38510680481044235
0.8551258639777487
0.27594048410750627
0.4341448610572869
0.23509487667088694
0.5042423362454628
0.3118218834739259
0.2432076747023268
0.4159350050408432
0.1695614984939409
0.29088748197606973
0.7734387665899009
0.3540755837331972
0.46183765131544263
0.5002547504103049
0.6174802798888543
0.03856317416782366
0.6051386311616113
0.4834165177230643
0.5649606007127459
0.6196555833599137
0.39907734391135324
0.8146196039248388
0.4804715363260767
0.614273141846782
0.33824397754242447
0.6594946999843398
0.9196507693365068
0.22641343000874933
0.40611492341273675
0.43948750033463474
0.6995696860419451
0.37822682625595083
0.792466911656108
0.40466359374358857
0.7394656001171099
0.8942843174017243
0.3021406205560669
0.5341285279281442
0.14375664868742072
0.0835505797942853
0.11719868666679364
0.5351488187932661
0.614155375945143
0.16844659481896607
0.15963197048973138
0.42161724997771527
0.5330776574150011
0.24256810261776177
0.6226129491151343
0.9027642696441838
0.43662205535997234
0.6397954324312346
0.768492346130541
0.23554569117168833
0.37600056401262727
0.2550097573609808
0.340236918366532
0.29255897946730464
0.8324403427262269
0.6776878561165848
0.3044722020274065
0.9202346637289688
0.47780968567118487
0.30068656123207926
0.15079546390062343
0.35406653781454867
0.8130348569377099
0.8700281679021101
0.6045001393745999
0.2987201156143182
0.48566074068170356
0.567152322939786
0.6004921138409888
0.2351013819788905
0.42618130349128
0.15317015261752928
0.9138055582006364
0.7080605209666669
0.7209306263314887
0.8394197383856185
0.5365920678279416
0.8397750786540887
0.42235879680009947
0.6812301244763502
0.01056701442071793
0.1668222223217049
0.32026249733356954
0.6727240568441715
0.4962209080210032
0.6657338917848642
0.14366964297630277
0.007911554697283713
0.8741706221097537
0.6204060449870651
0.1164284864191882
0.5350119503158967
0.6334427908999204
0.4514429937007951
0.8349881796486122
0.09645485899473569
0.5413308139906529
0.16319524678268546
0.7202876635534787
0.3089327209210454
0.09149699385167502
0.6610847079189507
0.8433809310003171
0.31911962973330515
0.29888677654283485
0.26832637176948215
0.8586247075911102
0.750226808016697
0.5954688678706456
0.833035862553363
0.06194440641869476
0.14463594532932672
0.1780061863762095
0.3378958676304435
0.7959523044233725
0.43084037226583
0.4572624733777318
0.09990786761682464
0.8960239270124397
0.2407629245706199
0.4483441654324011
0.3202819227493428
0.5514290546140409
0.33065116569816716
0.6616732081447386
0.6272706855602265
0.3282161382521014
0.8431406860394455
0.4972621805227417
0.48813694797790314
0.49221232585566893
0.3209972430153656
0.7829934983443603
0.7794691206641409
0.7207264616301812
0.5434768276565428
0.7994170267181558
0.6421115828195088
0.33677278632859076
0.138744147193818
0.21080870014916003
0.5034802185457737
0.8915288416882807
0.8962891167789298
0.618410946190168
0.7170496361654941
0.5175999062704968
0.8735259134347355
0.17795037572568495
0.3861571533420877
0.25026370511187973
0.788767135409758
0.0640079867093492
0.08303933603183858
0.4134252597412268
0.20918010579443705
0.28275840978173844
0.4129074799264267
0.38459707447708374
0.5593022985253039
0.21745340406980457
0.5969723899946665
0.693293977037869
0.21758877646493094
0.5223720422115342
0.33506926852367824
0.6776146871306249
0.18299711200551586
0.9148452134055466
0.14548659263491445
0.20599208013324036
0.4774734582373228
0.24883080935956067
0.11309406506323977
0.6300430986487923
0.8480626467640981
0.48110907537416986
0.37692347626698147
0.5704016403278959
0.47852632169810294
0.6300699978252942
0.7409868573873034
0.23357012393480614
0.5505051675152076
0.7594847075340031
0.6331379729874045
0.28067864391977254
0.41259987084513994
0.30598821238117235
0.6137824374365706
0.9111782737545451
0.40695633077943305
0.4077014244248438
0.817445450615935
0.6611818040359669
0.2500904319833875
0.46309225153002315
0.5155444972517763
0.3661773011527203
0.4950890065814349
0.5195403845455917
0.5896589791975704
0.7583324254078516
0.827918027815368
0.5923011505813628
0.3633693905558487
0.45537403467233684
0.7199533989325352
0.8790109098537209
0.408488327725982
0.36506549774923025
0.7267075679131058
0.6700796484189145
0.5933099575925647
0.6238776665111561
0.32412401218110903
0.5669725781699546
0.015644419870387963
0.2977964052534675
0.051938146882345625
0.7639842425884906
0.5483593236300798
0.1915412969211737
0.7654651946615302
0.477246863147651
0.7199291049267997
0.9169638209690373
0.14198566883489258
0.08079351036334648
0.5893225720181287
0.48697321960983597
0.3258075728337869
0.6011784508588578
0.6740919662050223
0.08373915431081956
0.41407018723768935
0.9477200945506833
0.24913648539230224
0.7292063520360939
0.701188143495644
0.9076800982048291
0.1997017390319077
0.45620838041936085
0.4086195813453402
0.36695415233744266
0.7552170058397857
0.6254916908028608
0.06490425932214754
0.6258511516446055
0.4712118841109269
0.07161691423386074
0.45080573193606
0.42695189406323675
0.47382152933336535
0.45494775695421097
0.057228568201996934
0.2915231284444796
0.872870945731022
0.883706444360755
0.8090565006015773
0.0034123805702541174
0.6398306438120224
0.05652098978284409
0.5584861587427791
0.8396666202200744
0.8497300360431554
0.7451775052676651
0.3312790020038107
0.09852429147617735
0.8624452012054473
0.6933548122779485
0.49491561800521644
0.3647423321034553
0.19114294098353152
0.6531248094435075
0.47990063039768993
0.7009348481120614
0.15809471504716574
0.30196739094742503
0.23354990345632987
0.8524616257514824
0.35895507535896254
0.40087298794388754
0.5567042927909477
0.2116097924826541
0.3517416199858774
0.3085756377233371
0.13258922636684325
0.8867807933429351
0.15105931328448116
0.23325725931012514
0.7965230106688108
0.6336061422593764
0.9106957690015172
0.7500916701556793
0.5357378470916603
0.6066818387182137
0.8938295694589672
0.04442490449086596
0.5121511007781845
0.3395297328766016
0.782630794080938
0.4232879390300228
0.03779524523543365
0.3702594590431626
0.6899700657121122
0.25974390669234715
0.898030725934321
0.5082709428698264
0.3495665313929668
0.1064048749930699
0.4205592248542814
0.6870332125686106
0.732741035997046
0.45762880239252907
0.7940372378063784
0.6389423926769939
0.7754683938074977
0.5285718135429457
0.8367883548197714
0.3096597115401371
0.7034740620795304
0.735892637570057
0.7243857697527115
0.7798176845627931
0.622414243122404
0.5123850345777126
0.3866296005446906
0.7556754128830314
0.55937874886794
0.7821013690467514
0.4232358445848823
0.3575057495008279
0.4638497484725251
0.6114842954141835
0.4823321281152314
0.7371372785517682
0.3215554702731188
0.3672742997648608
0.07072906299643181
0.23761414278496212
0.6993187119833748
0.8063702550117496
0.2640670694051877
0.7663093343771658
0.21010848147398797
0.2319727535048833
0.6478083312427746
0.7374710561326345
0.6243525465075425
0.1387205352292311
0.45590448196039407
0.050910327486483456
0.23903931454406924
0.8261101465202569
0.5607652150615563
0.8936393632800838
0.761362996842154
0.4375065099272001
0.2791147675408119
0.886162345033668
0.41689049771151315
0.8605065955325887
0.5283098922388126
0.6932949987283795
0.24231957568945078
0.5645265585479167
0.7030906584687131
0.6078565634955454
0.3584343730919089
0.23580217651870797
0.8524537249589583
0.6444543276444135
0.8823210052273629
0.23248099682487577
0.5348702161949147
0.2785758422654639
0.788763865348623
0.22357777853546687
0.6804677759122959
0.4181171043158443
0.32428592460950584
0.16078594590130213
0.5329808602552647
0.8753582705533587
0.21894899567555962
0.6373221457012508
0.23594270920575175
0.00170433682498669
0.5009081902881738
0.14800386952936
0.4216914281623933
0.7220373282981754
0.03850621243464844
0.4848742705867673
0.656677580982408
0.5499749096690297
0.5872269388860851
0.21359064476626938
0.2202801536609298
0.20845410596845768
0.4140331261242067
0.6836282386994659
0.09929771633534402
0.5473950589641605
0.6436382464613027
0.44013812497944665
0.23588867854390766
0.7350666114995466
0.47277840821598743
0.43752308941362916
0.6388668928491315
0.6342479406664545
0.8888413077004805
0.5177493734122335
0.7913158085478322
0.5123701368744016
0.36971618935941924
0.4477683218205001
0.46164409022603997
0.6245599613959976
0.8719430429924659
0.7316634019046456
0.6553584285817269
0.41092982662046695
0.5508508627143516
0.2824360726608428
0.379130638448538
0.8210892693175613
0.05277327193968834
0.44175931888573833
0.5599148005925161
0.6111279227814941
0.8868197804142665
0.7684926792037856
0.4469251121010359
0.5052190607926345
0.5396716272510655
0.589269359928226
0.645669897163705
0.3329109953370627
0.6673571101059748
0.16290806249153977
0.13484992061066683
0.9098834159816376
0.49619375914356745
0.8495918594231724
0.8876325620224085
0.227356388467831
0.3795039725821512
0.5040644339971817
0.14685785812947724
0.6549616731746665
0.6066511707855046
0.8952689283227308
0.8660101334607523
0.9327280733223001
0.8729122914696467
0.33964641846892024
0.3913940972408533
0.5307776644086505
0.5761242697559132
0.31389322978916084
0.7317001007075352
0.7174111790622911
0.7452645657008852
0.8977190761859706
0.9219582119584406
0.6494422702552549
0.6616468885116424
0.5972876803181101
0.3169281456585927
0.15944209485431396
0.7383127789576068
0.8803162618392456
0.753760036048736
0.5645465314981831
0.3583771160800705
0.3954711297437162
0.32652207878308626
0.3653487872098524
0.7318118458518443
0.8615709745574583
0.7885331090832127
0.33421256493937496
0.5460419897541198
0.0812045207485122
0.8065673589414356
0.2018614871061745
0.09760644748855803
0.24919341400715017
0.24903270632504865
0.6007921738898837
0.02103284205985066
0.8313833647161986
0.6113937235581884
0.024289656987216045
0.7280115312038179
0.7776944048796854
0.3947398650057321
0.7231595258496961
0.6803686211628417
0.33656472389529396
0.7690669603841059
0.4453908922839953
0.48133920264666497
0.6853481856327488
0.6312215942232401
0.0924367770628573
0.18871863220026364
0.28119442847956394
0.514792910408127
0.513360471781433
0.6597102206158592
0.5706941140569629
0.15920176334473304
0.11433922558231596
0.7558579071991103
0.20933576869737192
0.9101640179437468
0.6631578172820477
0.7180878755873016
0.10663120260483629
0.6045523745445665
0.19468301621653492
0.25327315007952006
0.5737793935840371
0.6530323777394158
0.5774504057515153
0.18422243004854627
0.4064470583929176
0.667437495077706
0.5336158953869214
0.5843676714044101
0.33021841564252125
0.16199996209156017
0.5942438194816078
0.5212841467904089
0.8568070040382397
0.0503074430908801
0.6995064790700037
0.5543382105258743
0.587948191620664
0.4960203096118545
0.7843446012285349
0.3478872232205219
0.47835305182332943
0.34294266903002557
0.5613162483134022
0.4904248993318101
0.9500280126787575
0.7255850035168252
0.865010800018434
0.7628415293904335
0.7705795076408463
0.4876460693856002
0.23231896237513985
0.13252909168776977
0.7562838174410924
0.3105156853829883
0.2587099108230595
0.4979059667487756
0.33246529536064184
0.7214698665926224
0.41044999350207967
0.366877902021221
0.5369039607055174
0.8158942124454018
0.8305489153174983
0.5257178908218216
0.7941622385309979
0.1947172861911093
0.44759111812402763
0.590056100824339
0.7982358337825144
0.7039275546539051
0.6748636291065467
0.1220686900191835
0.10487156495861462
0.42471636407680047
0.7004465753136678
0.408233163428422
0.08096867568860684
0.5908811654292289
0.8449569202484217
0.653828172872198
0.5300421905330224
0.7583224258231953
0.6806348573643015
0.15573812144482635
0.07931175513668469
0.20941968087723345
0.14962211836045444
0.5164420451208986
0.541872028094726
0.8403964489667441
0.8629147511623604
0.020484735560129322
0.7778515992785447
0.3841446268592993
0.37266591156684903
0.6586076865528695
0.5767225557041513
0.45374063856054864
0.6322517206971426
0.6209033390577225
0.016447484270763937
0.28997508277646805
0.23660871116113227
0.9054598166302812
0.5683968759658563
0.17787952704530766
0.45260629352589066
0.5800739704348433
0.6573348582982561
0.5172691017898192
0.3916061264184515
0.29402676941771455
0.24025473818870202
0.4192319346103908
0.4818343919971182
0.22820429008752638
0.8066012720453959
0.19550328267145384
0.7980435065281004
0.8820511877301556
0.6447246518278201
0.7734813208508784
0.7519361230244538
0.7376905010138958
0.8597886299717257
0.6083445259508286
0.922691450690574
0.3976562597391549
0.6868660796662539
0.719303269331283
0.058481298135758836
0.6184694688183879
0.6459907426474765
0.12455127034463581
0.15657429791886815
0.08513774526612215
0.39259163777345063
0.7483888926497174
0.4693540941615522
0.8368698132305229
0.9722716054911893
0.1981124761485311
0.5686012226984095
0.548236563045448
0.8980384757578538
0.7774134570881429
0.2459370384352018
0.6052983858691543
0.17353607764759543
0.4348410252738049
0.5621922931679391
0.8060366956872854
0.13105410096868078
0.603842237852264
0.7850004219951577
0.6599942170871211
0.3844193579569162
0.3067589475055467
0.8940036591406632
0.3077638732346705
0.20068274610016323
0.475905654852841
0.017536398321927254
0.40961570084605753
0.4620122371713272
0.589939517741253
0.6062135860010518
0.8764675585761801
0.6406418468378957
0.34716882300474844
0.6115915847039477
0.7768680427456006
0.6480011997979026
0.2861042878496981
0.8005398077298894
0.18611807998453284
0.7297204886484473
0.6832243586650483
0.043956405640228575
0.15996447491879523
0.552194857762198
0.4860525349564569
0.7260291992589116
0.5785935398852251
0.2531171330035851
0.3202528806587387
0.1738939036109453
0.06744951148088614
0.49905308580872043
0.9615775438011361
0.9448787278318623
0.3210673023939623
0.3888761528909976
0.7482844724702237
0.7447933340804364
0.41352845659396725
0.8787570415004688
0.1284541447430552
0.5813244209579257
0.8674704745727083
0.8375596786108512
0.3841121264853242
0.5167096965567576
0.6788715980674895
0.9310849115784595
0.41357003531474945
0.0517106143904401
0.3094705599912296
0.617282910651227
0.20597746568650507
0.9097130997737266
0.34055164954018335
0.18744361692570016
0.11511805813247301
0.45287377896916853
0.11864279742172162
0.7296777642830122
0.6762062435471493
0.7368874749869916
0.02414409741867138
0.3964667559389872
0.6398233798095577
0.6611883220618294
0.33207634423953886
0.6523199276145949
0.7828168199212484
0.13714410851621084
0.2692497835105605
0.6086870469814258
0.2313189307358451
0.27560154238075835
0.45892606542960823
0.595945717845088
0.780766646672314
0.3087730882404946
0.7366584276698059
0.5270320158096894
0.5387486241833719
0.6557688318868385
0.2044737424720121
0.004910352992114763
0.7675473750819201
0.4295851481974776
0.5414791329307067
0.7976958675867927
0.764452069472804
0.825837315855385
0.6970439036317405
0.6405871527234819
0.9398811624004435
0.4329041732886866
0.5701096383974885
0.793940389189312
0.48687076109083066
0.6419695843907405
0.3769026301907005
0.4729079842833884
0.6530057440848371
0.6541187674839615
0.4003389724109744
0.5574206540249218
0.6688322220163327
0.42223163987219153
0.8341658292391239
0.38478759600469103
0.5042431244662098
0.25990587864828585
0.07287580903419558
0.13717746700819183
0.12084086496784598
0.1965996091029844
0.28865649589507486
0.8040558644636627
0.3230542235735931
0.3737382119553437
0.6206268278134308
0.32938529713488973
0.6940059626442727
0.638769590493594
0.37511635027389556
0.45765900027748185
0.6674435121150294
0.9127318151987832
0.4805703670084988
0.4348274212168118
0.750586011253097
0.8258350656661304
0.5532555046951405
0.626790617415073
0.3575807817702661
0.7973016214648663
0.6804865345529492
0.09418915822991715
0.16154656038754994
0.21145662900773377
0.8857238291184206
0.7605932487478022
0.7242493184813616
0.5077953774470857
0.17296828222519128
0.7092799019817081
0.4008000794524427
0.5426081216129877
0.07822822613753642
0.8613965230222895
0.46929079340022606
0.7467506279708283
0.7312086363041087
0.21041966505025236
0.4629543598738052
0.6584976712183773
0.2950005448255204
0.737121112694781
0.7325039845028125
0.17560858669229326
0.30516943196435503
0.4897537318909125
0.899803020057784
0.2030497268907237
0.3268613030893956
0.06610530781976719
0.33078922595244326
0.6028501125503979
0.03022110533401965
0.4776952881979026
0.5295594325689886
0.8078183811628289
0.36020489568438324
0.4492807194763749
0.7125307387693697
0.9035120877509797
0.6840379035259722
0.6422787529461718
0.24499560820403882
0.6110028074424432
0.8076385369744481
0.728627926471005
0.3553754849963129
0.5830838316968638
0.44800661667716013
0.3540519631039771
0.6517952419653912
0.6953371677264693
0.24462164098985473
0.1381921700255909
0.780034103513126
0.3449850865770618
0.497772697591481
0.7663929782325367
0.43168606334210724
0.46951806353889364
0.6915064419523188
0.8021236848477946
0.6158585822730019
0.7792802068470135
0.8035695349778941
0.3423910721249868
0.8783822401008465
0.08661471360881093
0.37190297415373796
0.7229804416785549
0.33738187174078016
0.723056692641312
0.08370513896866352
0.5064279664294818
0.38934067692658536
0.29177551458182344
0.7786316057443609
0.6647789156636433
0.5980659416903515
0.1489273742843378
0.4591726105376744
0.8385169183382621
0.1780986605729069
0.4139036228999225
0.4481593222455486
0.34405094326461405
0.5027321607577311
0.36633415201940495
0.5673233075373422
0.8018900330151262
0.4663305198008767
0.2528747989070532
0.47455879456188343
0.22499621871524642
0.10575485297553766
0.5292972603322007
0.5489885106918633
0.16474875968780872
0.13279395831744678
0.33037224229605394
0.7258518535857676
0.8615380930068235
0.8300175350759881
0.38222170108338727
0.10495244588200187
0.7209306173132295
0.4090356621834298
0.8661486742784817
0.09949230821157537
0.44637907162979357
0.5238455050432983
0.6937350159982284
0.8350808189700554
0.6724187337354889
0.17847385707266986
0.03432161132263683
0.7699482271320911
0.3355763488527711
0.8152439349099011
0.16079711999243504
0.4750926346761304
0.487799322726867
0.5209995959056517
0.4475280121732066
0.5474589529134074
0.8269691908768915
0.5112278275427614
0.5500604161866254
0.13629209711987653
0.4435680707361647
0.6952361960962619
0.9061822425344129
0.25804902590144935
0.5126820893817456
0.7504080848420989
0.39928655568019944
0.44382467055206776
0.6459544172095747
0.9315456429799098
0.5662976945459958
0.6315094207057026
0.031038103984746344
0.8208442622888334
0.9305873733031816
0.5186052142051505
0.7326168915566009
0.36942458775609593
0.3817103435280457
0.38741287598545526
0.015360979368703502
0.5380896458124871
0.4864018249588724
0.763660523095872
0.3906008033345334
0.7343858840664405
0.4957841348701144
0.2734973571826861
0.7813202924987636
0.35672151204325353
0.6677115870466679
0.4720853892101079
0.46017245022702413
0.6107198387030118
0.23207146676827473
0.08055377435197532
0.5081291127120398
0.30233658927987045
0.5279064083984394
0.7371962135427877
0.7507081391117113
0.6205688386982866
0.9105863227492145
0.09488592884402051
0.15355707285671436
0.851517634638348
0.3986961452541516
0.5228155658922325
0.35765668120551813
0.059497982915423055
0.4452302650940756
0.06195570726841843
0.26218512807609573
0.26047765064830425
0.6069705923461367
0.1622382270184352
0.7551465093724845
0.485120833490852
0.6661373532832825
0.6101149564535566
0.45496625683669506
0.689880427046133
0.8496549947759483
0.8315412302348869
0.25748537651768644
0.5550446615138716
0.05817414755392787
0.22938252445939372
0.42091947861328255
0.20310526651680177
0.8358969800229763
0.3264132718376083
0.6122353944835859
0.3647249353060096
0.8797277623234495
0.43573816640902463
0.5515244888377456
0.7869429338842581
0.06541345284720805
0.15519635927782943
0.5018709854600573
0.8756867841511831
0.5898354014667784
0.3156969799383741
0.5087358561800308
0.1330229930779903
0.18718670725366773
0.7478722874097676
0.3642140150807161
0.5548302761555925
0.4178247952960967
0.1635375007876589
0.4399866225704884
0.7114843058062719
0.402351074336735
0.5653063600796775
0.578429345771536
0.31327897492949724
0.8698614339045863
0.48436673266304386
0.7214335015004326
0.19105705806740683
0.16860178871194217
0.3217632086135101
0.2087091754665639
0.8808538066187319
0.3962343720350497
0.6080558269693009
0.5019982614059905
0.06362426252431327
0.5142088458135256
0.06971077157808969
0.6194161033341423
0.47936440686600607
0.9023642871646738
0.7044508588148032
0.943901158150855
0.9236327093941467
0.6187772236180262
0.863937089887551
0.5918227554808624
0.6883322700362452
0.724160407954283
0.7491439544885569
0.44057185169683366
0.59234692513437
0.6080978369666689
0.056125210868864656
0.3085324639430192
0.4001716528490182
0.2805180452801216
0.6382138280616948
0.9398272445668866
0.33171806364669104
0.908136842451494
0.2767493076937981
0.3024372811026403
0.33520218373182753
0.6385369517602628
0.7429124026208546
0.7005519957421685
0.8355277796657844
0.9207207654631264
0.22683365403899075
0.21075898789912537
0.5268412753052801
0.6313542077456146
0.4661481337162882
0.08674714818181309
0.17736567863135885
0.7369603268300534
0.7167012024682369
0.619712606011868
0.6857105835423556
0.47303869924718756
0.24307030948211658
0.6978197748274294
0.8288924607177105
0.585631916012642
0.5653999801744588
0.627037809694136
0.06406578205436032
0.16653495944356136
0.6147662279537965
0.5367681090686971
0.8267889533444576
0.7887586604930192
0.5464715731446704
0.32371925131618934
0.6879444706229243
0.6883566927826296
0.4604747388479681
0.5631617631816057
0.34290084199913523
0.7256761389541145
0.3840057161930715
0.6386056436218058
0.6207604528083536
0.32609229158158504
0.0017953838843150318
0.01616615999605617
0.5641885891804455
0.017519336489023592
0.7869919269479391
0.6767939046108488
0.817241696755267
0.16757214142725158
0.5890976634793789
0.805142347367249
0.10289093813470887
0.35386131986004293
0.2746609471662769
0.3390968812069074
0.4073828238071237
0.7593272046767712
0.4641434390915271
0.8260986867847159
0.4886160761700859
0.37258240198636694
0.1750937852588381
0.5021230160470259
0.4654704653473672
0.17763038299822254
0.5162810418484062
0.7361219897228506
0.020790912186889967
0.5938320372777247
0.5953638144249144
0.42828363718018736
0.4038698218156594
0.43654560852758967
0.4648123243217975
0.44176724443338405
0.22795799225749114
0.4109473673939308
0.297199629974239
0.1625774139022687
0.3290953151185643
0.4736383150704385
0.8143593080970659
0.5943316410659535
0.7732433303453632
0.1024801747221492
0.5402719092301967
0.5649122344589411
0.8767580675055677
0.8139662355425535
0.3079664702580872
0.26046600588910473
0.15464766263510274
0.30812743121017755
0.3047567982580792
0.08394545557855984
0.3123486357214178
0.5503372606155056
0.49742120672749607
0.6221677920403892
0.4429534178480059
0.6377077040730544
0.8239527149734086
0.35780362300876983
0.7888102443424584
0.511968622526591
0.05129110752477024
0.4198579394109154
0.1095053387770186
0.3963082840269153
0.5237144069711165
0.7622109898189245
0.539457059348727
0.612533812388398
0.27458972323560926
0.19664350649011972
0.6759971152594815
0.819329800392004
0.5141544041163609
0.8332111543294611
0.9420825039714034
0.057001886621113364
0.06250114579350328
0.2935934877559291
0.6314106339075835
0.25055359496087576
0.41656241899127794
0.6122344447424619
0.5510517062590753
0.08025283677499555
0.6238545317498337
0.6355694043792257
0.5630232194746574
0.14815219445193187
0.12607020759561083
0.8096514223869012
0.20354774707201123
0.3499625109820402
0.10791577711074637
0.17616143059614067
0.5487616552600806
0.7192594508967709
0.7236712933367597
0.9331567598492293
0.5548804963072161
0.6663863146716771
0.5116448944244915
0.5741648022847416
0.7595602427629883
0.45868656179606265
0.4981137620377421
0.912778723106202
0.7868977533802227
0.31143795090274906
0.7303611813038049
0.6496132279464716
0.5113490451697176
0.7902375212255287
0.28389743833547776
0.5249211272473542
0.7435761894665833
0.2755759549179468
0.8776474648302114
0.7754558676952227
0.6129132983655484
0.8010354937857347
0.6924730809443863
0.8008533956786787
0.10928142107257632
0.34145826647857824
0.7852712928073531
0.35588110270091233
0.11813479926297549
0.32454668488146504
0.07021369640361984
0.03814078264156349
0.5206824524104778
0.29093000827106485
0.43304874638824203
0.8907925792946237
0.5559829350754962
0.8961523714812774
0.4737893085496491
0.3174631080859329
0.3287971961167786
0.4258033443544915
0.08059388964202681
0.17887434372941624
0.15643922331182153
0.3304380401322405
0.23789323404876883
0.061215560383959394
0.2411303478773855
0.17188495323213462
0.8047886314266068
0.30162239516831363
0.11742462278982227
0.3159745341501931
0.6968742331253014
0.6576845116278557
0.8026214315271608
0.2990541479024966
0.849441411226507
0.018375303121055786
0.39368964238512927
0.6038922450454234
0.4220431394213363
0.03977043110058811
0.045857394546106996
0.24636289992695448
0.43130958527417834
0.12280406455297933
0.39688654347472874
0.7766652737953179
0.6871565876817738
0.30116608984596743
0.8847713854989384
0.7302994204394477
0.3476012903543463
0.7494254282468888
0.579333929491368
0.7543893890225154
0.22693563039619638
0.5864079681644842
0.7700230145974148
0.5761903949002573
0.8222515532736757
0.8092771377586272
0.20124937788876143
0.7998040517478456
0.4994663580567978
0.3087845786442383
0.14196490415673785
0.8741547052448684
0.47835305182332943
0.4827324951635442
0.6093285879065811
0.3348981106537894
0.2579985171954913
0.909605459989328
0.21322745552493283
0.6216385656969552
0.31278989435368293
0.6292408204170019
0.7252912149393363
0.8562744230327075
0.03250988007295932
0.07620764764840626
0.2293825222914167
0.1958597213109861
0.4807261720688581
0.32145654675168944
0.44669957329222915
0.5610293397476027
0.10956543072674449
0.6019555301266437
0.7621997390434786
0.5099328620746207
0.4830348205779942
0.00261427975689364
0.5138565364627117
0.8449079623654359
0.5679589511015843
0.4367088727555912
0.6908142273981422
0.8329362664273412
0.11339864831374825
0.7019769162651759
0.33625768465090344
0.5715714625173361
0.7969122129334762
0.6987316877492249
0.0707133691465774
0.06465204314095582
0.4887680485220971
0.6705099429701618
0.7624753787177196
0.33078334166334245
0.6803124614538363
0.3722106311568198
0.7790262843315005
0.24368469876275917
0.5602075193191755
0.12714156537859478
0.32403899231684014
0.5567272937040844
0.5245840113462994
0.1372581120743921
0.7396495058099064
0.704043292007231
0.06530751552602833
0.7354911502825486
0.7213971292772082
0.28532912395238236
0.48537493090230543
0.24863942208138495
0.7750050469268747
0.5734546224735368
0.10777895889421212
0.17793833258397526
0.6002067038556541
0.6462684904826179
0.8161673579507837
0.394611998646465
0.4656661043536199
0.23886012109486054
0.21266701772842153
0.7373480627914156
0.49403651106331214
0.6910247151960698
0.16890262252174973
0.32418210796196306
0.7989828776085327
0.6744260964667605
0.502342409383048
0.49208601039063016
0.7391922786473201
0.8043338817419187
0.5322876096942749
0.795127788753308
0.6642582834761583
0.23494968130648441
0.0716916940874043
0.49244292070235113
0.031988469237509115
0.5502139896611087
0.514442126243828
0.27629391989159824
0.46038744288624955
0.41200721806735824
0.8428054621137936
0.811601621159889
0.31266853815808615
0.6318644949449408
0.7517317308526131
0.12230806069284392
0.6961595611544699
0.6098699934443492
0.05651742936255287
0.41989636947415077
0.34742637542238664
0.48115520509146653
0.552721908904974
0.6327463361269838
0.5423995799353771
0.5146287639057626
0.48665047375084314
0.5486522873894778
0.4709172622585957
0.3849831357951569
0.6738054975070593
0.7726357603011179
0.0975944284363146
0.3465361363114502
0.614205132517273
0.27471871025224326
0.8935756435218917
0.4443739810938387
0.6676293566804861
0.5721253594479401
0.038080817349663905
0.5432135539250076
0.44531364278943414
0.6062373684408808
0.038667758913004995
0.5848016788515511
0.17193534257283058
0.6132128270025607
0.3086972930008719
0.2989345379764527
0.4569804549603932
0.38090704276294723
0.08394478646594851
0.0799005085150204
0.4515678447139942
0.08408055696856645
0.19388715466945527
0.3342173824685186
0.5872759597201296
0.8299232610240638
0.6870861514323716
0.029425575947459856
0.3011681922269328
0.7262740393833051
0.502620690686312
0.6521905381102108
0.7634421188888385
0.7298432918285969
0.7161302421083547
0.5146243360935548
0.16872582076299364
0.22847845673098682
0.19771455447266734
0.5428144054595336
0.4596622868457031
0.41561936711401504
0.4962822128313133
0.7614729758846851
0.4176300061039597
0.4508808739607818
0.25155927925469135
0.767070274894368
0.6190216485964215
0.4865024533376655
0.29450867508669576
0.03347197064679271
0.373807784797204
0.3721925821015292
0.3205142119440375
0.295721654137051
0.7394549966579369
0.3207322270716385
0.5016044947653757
0.9123215475406229
0.43680709546258556
0.7451172912537691
0.785494271327135
0.34452896333994815
0.29178074251714115
0.6101286556167625
0.04827875661824434
0.4377040678955366
0.15665066399335034
0.3737213991232282
0.915015543568971
0.5355540478356393
0.630515168050435
0.7559404940360189
0.5159500767132335
0.5678021770895533
0.8078194457434674
0.5275421483747542
0.4481226800289393
0.9468037209452788
0.418402312066937
0.7338325179670474
0.5501623614570752
0.9253423131696094
0.1692834933280903
0.42547016557353773
0.5109583742305772
0.7224075500827513
0.4012422144873202
0.6336061422593764
0.2438531232551629
0.9521667674669552
0.6397946579571101
0.5624419817578531
0.7784397738917038
0.46729742126868307
0.8577119193320768
0.14007838589958463
0.5691193425574651
0.07497099537501047
0.038811394592332286
0.8384440677858191
0.5468790849670221
0.5940283524035619
0.5099566523834023
0.588627419950308
0.3581194105211951
0.8865837574025552
0.515812864271604
0.45922284572225563
0.5107928340935959
0.3844193579569162
0.5104248732067216
0.6506913823092062
0.18314537966583525
0.2485592815690409
0.7626305538986384
0.8644000440060567
0.17496592159064958
0.5883003199332405
0.4239136654015127
0.6092085323867592
0.15950904288571785
0.6745016257479624
0.4861853813031664
0.05968089176703232
0.44364951684831827
0.8038763977752502
0.6621070188580137
0.34053616905675743
0.5442151358297005
0.8616430889661867
0.20514053256920362
0.7499494039012109
0.25981251794915033
0.6936356067312656
0.5279049925577451
0.22008253821170484
0.2795025787893306
0.6321884396943158
0.2865358153632706
0.6364200328745493
0.15082597639472886
0.3801888758185984
0.6125265059370701
0.8424281362847152
0.8307846365636811
0.40620858849365504
0.5405077239011175
0.1792070915661668
0.9090419663333563
0.8132212972883622
0.7223019993576097
0.5507087086274624
0.4193809675268435
0.8660391888985998
0.8456504804563003
0.6149152904319211
0.6411086170143914
0.31872055997988563
0.4665416101455091
0.4153005032586518
0.2716587580951389
0.4101154437555571
0.8583382367455589
0.8122323779564196
0.9331651701412179
0.16855561452608442
0.6412962478731064
0.709883181004441
0.6527507011202756
0.40375018539437474
0.5532098712175367
0.9257478128166517
0.31852095800609437
0.12255608222656096
0.20792641505299633
0.25153791176823276
0.7517621905488442
0.7743356557153203
0.47407178431541047
0.34347273931182326
0.3658118532572183
0.5897179976587578
0.08115106188426414
0.8635048934476832
0.8834794234785189
0.13317846402186084
0.7526302881585704
0.5646269777279947
0.09251774703130708
0.44823437874933886
0.8645118694833006
0.8734903308848437
0.32194358402186224
0.46446035708657807
0.43675043281734016
0.4230194519797575
0.38930626357959264
0.2869482568326652
0.7312549909489218
0.4337672147651266
0.6697094219722863
0.2746609471662769
0.45273702122402887
0.29500566275823514
0.5863736651744009
0.6829442677532255
0.2735423895028608
0.08842002849271897
0.5440020532940216
0.42893070461483224
0.8226898782985433
0.8192918565799379
0.4852906199624418
0.6519364181432526
0.38698329918366586
0.7594904826602361
0.4433259018867186
0.2521849461205376
0.872288663385763
0.6035032340090986
0.8779503753463412
0.5193938651147979
0.8579933101518826
0.37745257751951344
0.5210424526595406
0.7751676724393177
0.28348992596611744
0.7746605062546669
0.6813250877705009
0.8474136620168439
0.3243158061450433
0.6150852600831993
0.9250748193889005
0.4055124836752432
0.537572571610622
0.4452822771291574
0.039685935520071526
0.2840308807332332
0.7423729966917643
0.5592784545611129
0.35645196887375447
0.4057745912080224
0.17766424218951024
0.2456736546740465
0.7957609100006171
0.7594260093915475
0.09451147326652466
0.47601458800577395
0.7903996478704551
0.1119412184829946
0.5266672356590413
0.5633516339964901
0.8404686397971646
0.8439956727327517
0.5316654610944397
0.7084565354188701
0.4410948889325519
0.7163858341105448
0.6707989941425335
0.6647756666442757
0.04363341799098352
0.6602850020648048
0.24000042341162442
0.8419091181786315
0.592151455814867
0.26681575681390274
0.3615000464729201
0.6534121501469894
0.6409483771788282
0.5243442108358103
0.27506762849620636
0.12228163793289118
0.6440053272688954
0.6203980154466455
0.6440011403798054
0.2896760298606353
0.39913508035242923
0.17976914746592407
0.44882539117554654
0.6858745779863757
0.8447082243054385
0.5709991611316223
0.91408302942286
0.012904494203540423
0.2740237489023086
0.7331249107003539
0.34259315993249784
0.6743271550285662
0.7223899102898801
0.9586622457304729
0.5066803169967952
0.2614278745722594
0.7408042270811827
0.34184295355116434
0.7687871304377933
0.5234053201175306
0.09873874872236874
0.3089959990420778
0.4164377027783005
0.7112825176084009
0.37542230303622187
0.4599754879429478
0.35092010998551004
0.45186100858403244
0.20671156040472108
0.41020144698746613
0.6137021717859044
0.41427957860323894
0.23319435846092484
0.1705728350860714
0.36632374953267605
0.46613825987893936
0.767447255333169
0.5211863967421458
0.4702651935809531
0.5661037995797992
0.41531381202161477
0.771677986760181
0.6003774576770555
0.24647334991126008
0.6515563557068318
0.5206809220050184
0.7754350381053288
0.4338684819077126
0.06429668264248817
0.6819786295761731
0.5121143834231794
0.8686822916453731
0.25522023970495356
0.14735998544085577
0.8581474925445592
0.7643785746914843
0.4819288720647304
0.2970002610276883
0.5125920808959896
0.086514358979228
0.08764052031008662
0.1862658635623236
0.41712797657878137
0.0124075814762207
0.21201856127034213
0.864217790613213
0.5304680725664551
0.7509422968056718
0.6474644197234951
0.3930915446951298
0.7337149246590385
0.7344909517757728
0.8617191073220493
0.6773955290521113
0.8903558218953785
0.10850550379696848
0.32198046921618195
0.5799177486226788
0.5029395303095291
0.6270377498642951
0.28699332432821134
0.0023147627819370825
0.7890486698759713
0.6396018364770111
0.6669071715905084
0.5099957240244641
0.4256720107977211
0.8274760777703652
0.8436640748233601
0.7098511585876902
0.3667198656278126
0.8234200976892792
0.28702802747848255
0.20895723228236046
0.29656593545724846
0.05001014781255903
0.332082819909026
0.9035127457268091
0.8948612035145129
0.7850695136970792
0.8177369799756788
0.14110678359591017
0.03947439452787083
0.3472299659898963
0.7662682734351329
0.30455337372155056
0.25891142184002675
0.6292439251573477
0.7020294038870949
0.4399386629723695
0.6491410710347701
0.09243309773726535
0.08680483004353733
0.09645543204494454
0.2521281340534129
0.38072704551452957
0.2778440060001246
0.8986736885727206
0.5728250322541384
0.5267861342571986
0.7603841137523017
0.8970531010343638
0.7130170094984692
0.2571337546120286
0.5395232969985243
0.050225662295656635
0.680958078853114
0.566322181385038
0.7361791080141706
0.2129364809445255
0.19472410744304058
0.5112705213589543
0.41013557960510333
0.24926925014088955
0.4231630200179943
0.7012794459724224
0.02335212345331586
0.6305779069395434
0.7950902970335574
0.22000728436287226
0.9436112808805155
0.7857984806333472
0.7008614881817117
0.8675662450470841
0.3970180513803861
0.14437472059686088
0.355057135542597
0.3082297757268722
0.7611072893797722
0.4077401412169141
0.7574187113311164
0.49739238738208685
0.06455842692810888
0.6745016257479624
0.14226166209967378
0.5392772759472989
0.7268664058871932
0.42434532692579596
0.07630584015768356
0.4810640799890506
0.490630985786974
0.6667179379510785
0.9097654222864796
0.3828709827415892
0.3450547862561192
0.3832623701693185
0.5254396495261909
0.0718756507617266
0.4460269911191026
0.7268201184827547
0.8915202833765925
0.3323713561788065
0.5943411801083179
0.46966261080712923
0.4774907324358782
0.13206328985296018
0.23630059642660814
0.6482846028488135
0.41282586206060534
0.2960806540665614
0.8843141040852537
0.45101040780705487
0.9181885646507124
0.13247588963322235
0.5000742983981354
0.15053518770149318
0.5695550377688191
0.26646412407528974
0.4043409781120182
0.5221885464474829
0.5583346483317944
0.0019223378696018871
0.36207312507368034
0.41638204153189207
0.6841240250784465
0.891583510001337
0.9134755310073563
0.5804848902197853
0.7336093324219506
0.4267187518783273
0.15264102574257632
0.5273381384371475
0.18727263659681326
0.7925803193988573
0.1926863832236457
0.5636944798873839
0.9159332359051005
0.884109942535739
0.8962237723149701
0.33285013172863936
0.8832303954304773
0.2683927826593358
0.18982782727248387
0.4307361554956451
0.692887042485265
0.863335500256572
0.7263007212645616
0.41894838509593474
0.020693138000143434
0.09760461591995812
0.059047321200120635
0.308166161866185
0.49410959752651445
0.8794170268311957
0.5983470679860567
0.2469645693061365
0.22785262069781723
0.5848524774903358
0.883622336410734
0.27938611317815404
0.057421352540123656
0.752166565442048
0.606128754290461
0.6119581860975203
0.5374718464788831
0.7736618178657846
0.4882489854441483
0.5518724725197612
0.3061235373505258
0.42640165046328765
0.12286624549387913
0.4046685537265297
0.7847849965826224
0.5211776395988024
0.6616226070950406
0.4856571493898189
0.5070650145279292
0.27506762849620636
0.33165183393290976
0.5256522909589013
0.5107828052370625
0.6655591073078814
0.6188911897630835
0.8012850977843976
0.25131799612560574
0.6754606753303778
0.2603129536116579
0.8069824709400093
0.2142522242405549
0.2981387437212381
0.17821994619266418
0.6725563135917992
0.8388382832168875
0.08575190393701412
0.3520751853026024
0.6984763241099838
0.4371841226374885
0.3811920598872925
0.24692592708895394
0.7053680470498078
0.35135282618309227
0.3029691437413105
0.9011582059448386
0.4504778273580472
0.3117457288575375
0.5577745970687998
0.30756114947776025
0.06303276064466766
0.4657187500498419
0.778356908977209
0.6525020915564231
0.8488372459483815
0.3994387678895622
0.5977153954294826
0.4992066498805477
0.32895486216050646
0.17012259147726394
0.8708881598443614
0.1745839601223604
0.40938751757255243
0.6960606581303885
0.7795584901021735
0.7311505248427596
0.022061441043305336
0.6453510106352096
0.7500856213660959
0.36577819829869596
0.5952363348126445
0.8685454774266751
0.22765755672036866
0.5233807648745176
0.4247908297718326
0.6845436067141474
0.006505802325445799
0.37548552839993476
0.7191897869260203
0.16082915987650573
0.7324361042315993
0.7643897710816928
0.44539125568230514
0.5953065185000805
0.7807507544427364
0.626971692181716
0.9094127630373832
0.33866350423698416
0.259580934506228
0.04457183692398781
0.6273326842309767
0.7629801928901181
0.2892861582372918
0.2916985640628639
0.5979206137835541
0.7669249316183449
0.13867209251116272
0.03224251360606383
0.007954609303306756
0.3760535103615798
0.2796677024991395
0.5195061666348165
0.7022968548705776
0.0573433889961965
0.668569779625544
0.1345839621837619
0.5239042939111576
0.7428205223984743
0.631939809000343
0.8242122051275304
0.6099894616320121
0.8918280525827063
0.05277327193968834
0.1215377429492288
0.821688773273457
0.4052310067531985
0.21259549358270777
0.6747347935023706
0.48705923046386246
0.7794705606278963
0.6719916941213436
0.4163861905766761
0.333640348408209
0.3947531994964642
0.49438356133174854
0.25414553820185337
0.6274655226417561
0.5189067958282814
0.3654565922524652
0.6355747375225542
0.8873326765053559
0.10342723082117448
0.8980733463414864
0.5739120074272287
0.7461927996671525
0.4403842686986967
0.9725540633204578
0.6367977431656691
0.4712964695649854
0.013718423515265294
0.4296312325294951
0.5580007070149483
0.30534313015506986
0.7740559944106578
0.7803326792886949
0.7374454327842455
0.513895089957106
0.34560808189389697
0.380032225913089
0.41644193672868884
0.5656085563296765
0.0707133691465774
0.19432857517443006
0.6953740137498154
0.4656382991518735
0.7317809104646552
0.656933159387789
0.5044364787307659
0.9211205614482909
0.24377699503724132
0.6454284000278705
0.8259205564686041
0.23515577966459408
0.8361156530912047
0.567015116363567
0.8057940794656334
0.7514501225592277
0.40297212421650647
0.6147776540298882
0.10119190901389097
0.030665707214456283
0.860978528358103
0.48160724301639596
0.6342149962633516
0.6374293129352253
0.385820490795802
0.18172442887987025
0.1670142096661648
0.5112393354600336
0.6766230055094303
0.006626767436884496
0.2306910121416513
0.6237842375504735
0.30964779404039827
0.819020385211443
0.2791760295843502
0.1856989531923103
0.21878368032776896
0.47877433161082866
0.6756823053800447
0.02492647749313938
0.411628057240527
0.22980471210876893
0.49820381844460565
0.02008710681378139
0.0667958331149539
0.7450746470672521
0.8622537551499403
0.7239263497155173
0.8805952263833579
0.47739195889155567
0.4024805578862139
0.3272170800602114
0.9052342226891547
0.9408508880978859
0.916140202385389
0.32766857813825123
0.284715649810908
0.696743595484494
0.09324802125453859
0.9125625493209473
0.29740986484482307
0.12740037437112955
0.3611611956015995
0.2895114742899669
0.7723186390854657
0.6075186067694891
0.6425369914365976
0.8579380387939466
0.1399015160372257
0.8276335682762948
0.5318027948691406
0.1024740627319502
0.8435797776669142
0.9431008684809743
0.677272467563134
0.7420928278962349
0.48079835522729747
0.09188055956087304
0.6112132896239615
0.157086122552928
0.8994174748027765
0.1437418334442887
0.3362331014874375
0.19996399112512864
0.44168975562086876
0.49371479145103064
0.21415741529414759
0.8413140864059021
0.27836136621746355
0.8567383067561014
0.44792481861490757
0.04602724110487542
0.5430879628374005
0.41729682897447484
0.6309370803768914
0.2783864892849609
0.30071346585689535
0.023196096951135028
0.6039911656678852
0.47335857820192684
0.3440599865035058
0.504563216149827
0.27968537928098286
0.4524518015657511
0.21819804897727563
0.028809919659394802
0.3383365182751679
0.3081821788416758
0.4325442653318279
0.8506669784065735
0.4610681398462496
0.5752850837215777
0.7060880756222372
0.6493455483836517
0.5780230754966758
0.4050973115506428
0.7152435446331287
0.5658751621632757
0.697462098807636
0.1631214208658577
0.2184252633863873
0.29600138425352046
0.43975128363333615
0.6481124385880735
0.6175056450893175
0.45747874495900304
0.5015343044391544
0.11038724427230187
0.4489259187315495
0.6100064829207852
0.5781341243876349
0.14162262114744315
0.1921530814930226
0.8047982674059256
0.25783461290920184
0.47005746048110025
0.9526303534923851
0.26621228164891086
0.40968054807139387
0.6014722469458815
0.5420731922462046
0.5824349108277229
0.22322374285357613
0.579618484407105
0.3431117033428358
0.770326804754429
0.056679520893455376
0.7251488632153154
0.36573043613710843
0.7039497093403376
0.27123797046215004
0.6521233670403148
0.3301557218958239
0.46469966753536723
0.8993244122453149
0.2927626486121073
0.8410482163583465
0.7153178508421859
0.4659810405630778
0.26625529165483114
0.9216353935244793
0.12283113405321709
0.05587314686225884
0.7185186143665093
0.4494055069032456
0.46973530282840437
0.5021541737917963
0.38395306878205415
0.849078598454905
0.5188146552259296
0.21933851035246427
0.48609740924346806
0.2497298443479339
0.31369679426988506
0.3283180458667709
0.684069545198085
0.11312826831612789
0.9503973282571725
0.04915337859614627
0.3124328822382776
0.4024769644595747
0.5295018859132324
0.40957818576097504
0.07457326437805936
0.6258447302822986
0.5015555455450251
0.9285230135630177
0.0721754919733342
0.28910320237581855
0.5891620620311764
0.4038909103764899
0.3876705584833856
0.6747772179956013
0.30842254465079144
0.5684804544688786
0.5090402033707512
0.4710263438685845
0.32911670331931003
0.3947163772318332
0.19932631272666873
0.09865137305794525
0.6391234217836963
0.8447043914816743
0.835702026927793
0.12526086493498428
0.593271596562061
0.45468191078929404
0.6169071982241775
0.6851800704696598
0.23362931948753893
0.299533923657615
0.4382878725478879
0.13394485527729655
0.8659149785082404
0.8268716515963805
0.606099693008975
0.7201223166105951
0.6220980223721242
0.3114119063477793
0.36761206428312426
0.877395600274957
0.38090812439057475
0.22556072389268061
0.742212711254319
0.440155832029663
0.13882433657400065
0.6242853565231692
0.34603415825140654
0.372584966117566
0.36102250321930335
0.7415274289650412
0.7385076279696204
0.7366095158954422
0.8270669956860631
0.71128666874673
0.6812401940490693
0.8887898050857446
0.3322385018130252
0.6166089985651466
0.6496056578064877
0.4523759545249744
0.6443534433912037
0.588585380063588
0.8298474128694068
0.3352219191927722
0.6172690187551388
0.8260811121063474
0.413077328992053
0.0175767266186104
0.16039243607204334
0.4344805150384373
0.6089903244776692
0.5633454114030848
0.522233463389722
0.43895770303551235
0.6424256582827012
0.6993187119833748
0.23245715098435096
0.12996672372932772
0.5701319048143345
0.5465210834114387
0.5105620163427794
0.4443448399406003
0.1310838937080457
0.8408226255153122
0.7844825161701694
0.8090582052215255
0.034301923907343906
0.2738384142107047
0.28527775068161226
