114.89092791916494
176.1242708886826
183.88856642908945
148.17044386067457
138.24435350205562
104.97842685167467
162.56567846804566
127.15259324474104
83.46837528917351
125.0215206314188
220.36107535208328
184.23393512126697
206.66093387228415
195.54437006547755
181.63785674890053
125.09218883391576
187.28775290975244
189.0972900049495
92.2261382618245
25.884408158432073
75.31561819976108
35.44839200553472
143.37070480470638
235.30204277129835
205.60857844492455
142.58235884854767
115.34021554906522
118.99123573962471
73.76160703890068
143.67435502476144
141.19975442494564
136.26611149598025
160.7599236721658
187.68239602359367
109.27022391397742
208.25159495862192
27.25313870825004
124.42721455112468
175.5287158321893
65.60774076422562
188.90134170229356
116.75011353823156
85.05245141466077
168.7643056466835
186.22064681606702
187.78654541246078
133.62079263992814
128.30036499794517
53.086798723240136
90.20248784853585
68.71741226062262
98.47953863311747
108.60655540511141
162.01877880655866
134.3317822450576
155.237402439808
133.93409633907493
52.93429979819276
202.0427315393319
64.86072793400697
97.8249396331408
74.0127321686732
188.1949335369335
210.71302339977453
42.600057531277955
204.83410447551913
184.75101415326617
199.97259802805746
195.62465554854248
187.00243904808858
97.56645430598432
145.64340471309856
120.94979164893654
39.33259290392112
142.07333083941893
73.19365807777952
205.382178458337
180.55521903365874
215.53743284511037
48.69170407204318
140.1009381102682
141.14151027780835
108.782396397721
98.43474423802856
78.34342685742173
113.14566373167476
45.66886769216854
128.1808322411618
32.321664755255725
158.02449504016613
170.2762538796779
72.31502340149254
211.17954910813665
121.55734239135938
41.91156609024117
173.21515347519042
138.57475088306435
101.7704291213906
114.60353970913086
147.25861081734502
38.391370189346965
151.24814522580832
143.89662654022786
168.6451372097972
191.0371209453517
147.79945546047895
190.96309616375208
137.74904074299454
176.20759226082632
123.14908885225879
121.74904140300299
59.73248060003215
35.48828523696381
67.33482200184665
95.12602077349766
60.525600710989046
63.46704923172743
75.99947774284821
219.59173661077736
146.2719013496186
192.8887208791096
125.70196198120475
54.582624113338085
28.101228913514582
185.59682614261774
50.317565306350616
125.40247981673822
212.43921511219762
159.31700216221287
63.59727865362361
185.13763621526056
190.57078311664398
53.64761109770381
177.8540736810611
87.34383615594055
193.63091204174424
81.52588336073524
201.73545803231386
160.1022855243574
187.77287115605253
55.96540845697799
200.17837986472938
190.49863900774545
88.60618576708575
190.53529564142
185.2941631685289
207.16717550719233
186.8609701108892
191.684650838072
180.64578324346874
131.47860091912995
33.520405098901556
102.03357160520551
85.40585528081455
113.97493294640955
186.21331839963696
55.90752760974691
33.8293343350389
94.80741984283483
207.07938093560315
35.35979047184179
202.99624808268925
180.2957254770341
179.72650848801436
144.60001576801636
209.84132453463153
47.55993624169831
35.0248930920209
57.7308355271324
206.2568648846949
85.32227459714015
160.57981919869826
117.85681526201576
46.44830766289287
179.47736088771575
111.65481383333598
41.3330558394613
118.44559156097259
220.55366316260415
91.67467694279951
178.5653728688173
187.19214403238473
43.17209850573329
156.8257859569219
46.99009815664979
98.73509325590122
52.39653344985949
163.10096114783985
172.26003870695217
52.92586830146388
189.46199141235877
132.95670966896205
93.9086207442295
200.08662122555074
52.3546500465653
192.18142838675055
37.820272997312344
204.66045214764432
197.12602300657218
79.03197564231375
210.51442560954857
145.534237176729
68.10695408466327
101.23752183100346
194.6967483997128
159.5128786298163
131.91240845550837
88.01689697447412
161.42699486972603
48.00433341627122
53.66198861972034
155.8668702903964
180.3080843415927
126.28508269019203
116.43210510858033
157.65107843109743
163.83926008625568
200.72580952733583
216.44133268203248
213.7083747856143
212.72632062077295
165.49134111073136
178.02304839150727
38.25224805234295
104.1412635577043
137.8946699113154
205.3075185145464
170.75536055265863
144.41022068783587
138.51528932587513
46.54152407879883
164.80367673892036
184.64001316302028
220.28162583574084
203.5185882505429
104.03165040438654
167.8483961564832
26.89279534187548
108.4826173076488
45.69531082315936
38.66598669108928
197.06400583203484
114.7883529452815
163.65229939983624
92.76820862624547
201.3182205150151
83.2577508188071
188.4249523466063
64.00491508985947
213.53405632099143
135.52263420037917
153.54431065267391
61.11871385877046
86.03821990528739
47.297036041564
167.49240407206804
56.44184240070059
102.36188585114164
183.47441014208093
184.41198996410915
201.30804558790618
177.3690165029549
113.61870491676717
149.5069078922844
199.15754365982542
94.0507947942281
210.61098326958535
100.91464162234627
168.31340893107162
119.94658140046815
60.548147708629564
114.67804268385308
140.00616864481637
90.2706583213689
81.29050614353866
47.55398732058659
67.19687461256738
207.75059153859982
127.86801298824936
148.38371449445873
154.20978560291707
187.12035666193864
191.72815316444084
187.72613403418487
115.76988502011604
41.32130055760602
91.92616432861045
186.1882279331649
190.9110093578296
154.59066358046616
189.31801687865297
41.59401269085485
196.6528545896356
207.2135741954525
65.70600046457116
172.6816790291633
200.65551563801145
122.45799901220069
160.76607153089313
211.7669053447613
148.4488559689909
170.35838688388233
151.06588571829394
168.46654681391524
139.51603882897348
128.085193298276
107.97115221760568
125.4035054929023
210.6846177653125
42.250159970903866
216.76730509882643
193.68799102403892
108.83786999004968
67.0608628252931
168.7294227621743
200.70790915099263
145.41775025332822
150.54236936894807
216.11668158433153
180.0155809211465
211.6461004246898
129.13026510089136
170.94288714589564
176.19879421323657
121.47019160856331
137.85037316028166
109.20195047731454
123.38257762907533
102.57269747133842
54.47285898781378
114.698368199419
211.70912708231612
175.54869915153188
62.901936210581894
117.98144315340541
58.97772288746877
175.08571875056543
182.52071682264878
177.02651766204178
122.30112815044188
128.33765965917434
191.9314209196997
195.81140932710346
154.8691293202707
141.15225044755687
120.08843602053281
176.9397491740938
132.85124035595993
35.50450757771489
70.77889513834923
165.02372218645715
186.33740602341481
194.34483950754577
108.49493745363768
200.5572850522494
124.30900041774898
105.42186322843992
136.50617857498705
197.77870334362146
208.72117429333292
90.07569458012674
171.22427137192855
91.68269851039318
145.58038506096045
195.37048259532935
116.13863067323007
96.06274683507851
147.29411234542474
40.37094141515997
188.25840685503337
181.68811328091425
191.12679367520843
135.8125370656304
196.26575702578953
120.31552834693576
46.8197355295735
37.998041938655106
125.67815896260564
197.67840177821108
35.45332123416772
119.15031947434274
142.81158849633533
145.42986533907106
147.73651342476782
82.63948967147422
53.24220306411424
156.0419771270609
145.09757827482895
153.84482758747222
187.7949637604187
202.9826028859853
228.63281402743013
122.83125507902085
34.79550330795778
206.25865842973678
199.59353323802867
205.9148139856976
221.2081634645302
88.24193822182762
142.44051240946277
135.15954747248458
120.17856415223436
180.63489497884873
38.537308136772715
182.31445001139508
57.82241678009113
142.76860329944554
60.013649829949166
210.502257040364
100.41931974411406
92.11822621646466
55.01162189368307
149.2201538341793
133.70585212613358
59.340806988466625
177.605510434167
115.76746535422305
87.99307675341903
141.49954297193017
187.21220620465087
74.1656168686218
194.1075154872123
211.1070078846263
173.74862686878677
118.43079057592135
83.8946922571041
213.28835521600072
39.38554965573326
203.95479723290006
121.09216137083432
207.80565790832995
202.73590500755827
127.21064176712015
109.83100549879569
37.42330910435413
212.64881575153981
195.52706159956884
98.27208250444248
154.8694801501725
177.52301940474132
141.17454479173958
146.44361044349986
69.68744428729619
198.37366693091673
204.18259244331114
203.68734561173022
73.36077525197973
148.1754280917348
133.96730323014975
149.4169952793668
37.417307625422026
52.54542455186737
201.8078492908081
47.76396625492336
175.07096684185396
137.59102706629278
121.16638593045651
204.8186593610259
191.52321306880035
175.74860501465827
60.981896156609075
183.7005778367509
223.41670969636203
63.64551636130406
76.15029043882082
82.66122564663422
28.640930144252323
195.3289579857852
88.7823404725502
72.0615177496452
178.18634316580386
110.91267953666379
183.4839770250843
32.42434701434482
210.99009688975497
80.22720890725455
203.49549810425566
178.16620372478798
55.60934066975024
204.92311199837826
154.62087552237136
68.7764093345504
62.5730338640056
112.39256955662547
155.81063098313112
36.76159923501105
204.69588634304102
210.2888783881752
133.814107210168
41.93884574100277
36.68560064567688
85.14008184028934
103.2075813300974
196.03353699866895
74.93080882971886
188.79230835476568
158.4803038164612
145.95388585249702
199.49123484933946
183.72218248745887
124.21144536445952
179.7666757198205
26.12206677716444
161.8717258822443
212.8609272362005
200.32013135758433
180.19966817129432
117.98185466697586
174.85448484165025
29.327155046766386
43.97410705567299
35.56302022643228
62.40944088848695
191.7703893945888
193.53925305447208
208.61128494434743
188.3269428032199
206.89240376861883
41.39203745719256
193.83156265008688
175.94268398022848
196.6173793596442
130.67208752391292
67.23952587766223
188.9140929028572
213.70321630450803
78.4885161986146
135.2199464321871
189.34530407821677
153.24646249085197
172.25255667126075
193.0530758859251
119.1550854453471
83.68300910241092
192.7787484859849
128.1808322411618
197.28758585744478
89.72876189854668
188.42060248363038
75.07567372968593
52.7253451221152
195.25565574593702
127.92657347812306
189.07138025997497
111.46519120804066
56.96462412648602
155.9798457503459
142.99914690867027
149.10067985633742
207.0567207652665
133.44841064573734
73.65641897523726
150.4147316565229
63.19524801952174
138.6657702517328
96.1505872698061
198.26556753376178
178.35877996672488
145.10038355176883
73.25841276850917
31.579729434494254
204.1007966160988
114.34970347253748
178.29727759665556
226.74416916227776
90.20361155376975
143.54546584822322
81.40742611723891
203.22840269241024
74.4977802837425
152.827913455611
67.37874624193005
194.93451002026714
197.7997411007182
135.77144984344167
175.72871341314752
197.05349718166718
180.90547515885433
84.71963102910806
81.6891459026298
121.43495261108144
129.12392343946317
223.9966634565126
201.13248514483885
141.58161630728102
179.14927852799715
50.95084267871451
185.520134262309
153.494397491654
87.3448612002267
144.7202028058715
149.59411346524362
195.40302265098174
180.64737536107637
176.0575637910617
87.47253637666137
160.22569750213097
133.08061322033544
96.87839344549273
82.62210776008354
198.09365960291714
170.17186256855524
216.53546396877016
165.78766374359392
191.11555454518492
104.40072240530344
187.5236190097284
181.9964649856864
152.2553445988111
137.32284976483152
195.91549978499444
93.81905967398292
132.5773330424076
164.5388023815596
174.03694319872884
83.44416432807809
210.4160505834719
87.41866085758276
223.85733913064786
70.44180676987716
154.978720889492
164.19487738762516
136.8411484249662
187.8220176311323
32.07158285852584
138.00635835498392
182.70524085514788
173.2868561495304
107.38307864916413
108.63198141867399
201.5839486635841
78.81618912647916
150.0395259211009
182.10759500503423
180.483952028944
66.28650421136165
173.92091054707706
173.89305420262488
216.54338269437685
172.10743731459092
59.36473727675112
83.14636986692769
31.921134833361734
72.41946183333323
155.26150779728843
180.25856576378007
159.20896258593214
41.798610199651186
143.9927179145206
200.48137840930784
138.5086930409812
139.7187685907
125.41533991201158
60.72901350705892
204.00808009462014
51.56200202501312
29.969940448564547
178.3030699401779
192.36418505734622
181.7465460553884
191.3600800730881
197.65241683270983
183.8409514558701
34.914696410926275
75.4253255470799
88.71935494396317
53.17254131187626
128.94066038760135
199.57090815368957
136.92326843423976
204.70670517939624
208.9003373346749
73.83082831626993
214.53403699283038
105.78156482758945
55.43192736644468
191.07039360537516
142.6590751756528
204.08947531430476
211.90146201328534
178.9795846427332
177.71148879912536
185.06598602913257
209.93700367675044
193.67794552972356
147.8152510119371
180.0521786470873
99.54973789656805
184.01445992269694
152.79962344075227
72.39471350371278
78.70553653621211
39.13113973508025
133.91243846679617
185.87536317927257
115.38413337146864
63.3696895654827
157.8324661246787
140.41081032701507
128.5244963525736
141.9548971778863
187.47634509406458
176.47007726671907
197.43627402718002
157.06835801521657
144.57373275401983
139.1805123330508
113.0996224038955
188.4467952767004
87.68803228040863
182.83631904982994
190.44097259772835
213.65506523328003
102.6356444138342
176.84534890027277
203.5448277637593
107.85815451153299
193.49715758206466
151.81642893273897
83.35112486164242
213.39882224540605
193.4495800135653
155.54010895303014
100.2851348859913
218.83211171433416
211.84419963137316
129.06608994865866
175.89359465434
230.0651665090675
103.25926934912451
203.4637352066489
103.60820866045833
203.61523096719816
230.05561376963522
63.10757060209646
161.5332839918113
98.23022517667309
56.67161729076898
199.64230807507073
169.09307895208673
184.87486766896794
93.72488627953831
194.17832797037093
191.5837434975433
164.68912606505134
183.1703421806714
163.20316990062332
105.16678359133881
174.53067962447795
34.731025273111506
147.76731578103403
29.614437927669975
162.39450326883184
195.84581388657259
69.82176720775534
172.33372535053766
96.24616508233841
32.29268401456878
175.76352585927455
36.119284388173966
29.83412122765702
214.9950567732241
163.13420450411388
58.78593114376625
41.332618974062584
199.4233591903434
181.61769375899038
64.03374508416572
77.01339774219474
113.03763225861961
186.53843361311684
202.85809810351722
33.6631324654211
201.22691535410573
62.53404886032293
132.44597536951989
156.30726126543013
32.307044796076084
153.22099416177792
67.63584583035984
171.1508321205665
87.63170809998516
199.8350053493041
113.15527587471932
97.34340861214133
114.13163956034153
81.9730152501369
196.54652220075977
121.26160676998096
140.92086404565728
233.79113880729395
170.51365545697698
122.29550091374522
65.66386750235208
219.68005352537952
122.51831086092082
199.96896313684522
219.6940664156733
199.11893654255292
140.99614988003495
101.9538871585963
122.50413466404838
191.28488532839287
46.21618796496178
201.26277641224692
143.9101580188307
188.89746213172702
63.35221707807011
156.3404937306772
83.07150530731329
153.43389541741317
136.15881941243055
102.38589066842474
48.7218535319889
160.99988971173934
38.85465382467037
176.85192381628565
146.4597844830826
199.19876493658555
139.6747444364718
185.05363092019695
78.81586807642493
118.47864226522528
31.5784039568949
80.74261611965488
109.79806536646593
225.91581790367837
156.93997632336146
145.30328863734232
201.06532214157625
200.55459512858351
214.22724089764642
49.179243995115634
147.75802169612172
179.92152177236255
171.8302556372269
27.671708793493227
64.61955379363258
88.25768886065734
227.44475860087616
187.19254537456078
167.94208643726142
222.5983580741246
96.85844582892749
47.13396812271992
156.95216072129597
170.2737998110901
131.4658900371223
201.23631817902614
89.24281837726727
49.72532893720521
97.58166947295716
197.5103271567471
63.02375807211373
74.02818828275407
169.8396615694041
192.65953386210026
176.5201261343667
74.29838497331798
198.6334262151602
146.61401844412745
36.37464670428812
80.95125612990496
199.0571311808545
185.0228950883374
189.0328914317481
87.70346776031302
66.04591445411135
128.1778947415659
191.61428988269003
67.77748172163234
194.2956601751792
220.43438209059525
187.249482437392
189.96430162041608
186.04104335796106
64.84225770531383
135.82009883679808
169.49690952917553
103.92525903019114
167.19247079370126
164.15996891049318
201.99099195921247
172.97932632515358
216.95370031271966
154.63440195269644
122.6964418399419
47.12201483170033
193.02616722408018
89.47931160978547
68.20724393019678
161.18582249199233
206.8737719397454
166.4841037828171
102.640400071059
157.5880063968064
206.43864768100457
211.51763903727493
145.03191349973798
206.86631428218445
160.6038162692368
33.304785956209095
207.8357125687299
66.74089217297538
40.54591734268777
155.0135874220294
157.61927195214494
169.14841184612362
138.33997578207808
67.35163968496734
160.68837860602335
156.00609624840092
58.69178635719278
213.18718554657679
189.61691597598173
200.49339729362606
37.42275993878849
60.42425853410215
158.39971532801255
162.54377238835752
202.4152282602343
212.51898048775186
140.45630167872582
155.84245464724876
143.67538107901956
49.22822208015644
100.10050934936186
51.867192928285185
95.97533742542306
124.6325670404395
89.56449441899866
230.42896716415177
195.60899783854566
61.014538680815825
147.12193078063436
45.324487703078574
156.7008431395563
196.4957692014796
155.29058517189566
112.15654851334432
196.7216904660525
139.65970457202542
189.24897294276076
182.16582555718546
194.59834618218733
177.5294107323789
56.41954990301626
173.90201172310023
149.97643099735313
177.79722360381535
183.16384701069254
221.69736656534363
106.73008085503966
169.03191737210142
191.74206961830404
81.87638424101121
199.67251259027037
181.5092477542281
196.15788927135503
153.38965711354496
36.213677039018336
198.03497401142042
210.18006730640988
152.01757705385887
186.6610281790237
89.30869078630806
138.5044171589121
126.41908543910925
68.36246580892285
188.06291827884635
176.52681490341206
144.8039481000631
184.18726096491005
177.53284985082882
170.21416749580646
170.90861690729025
149.73000114713764
149.52892436853992
88.42845317589388
183.332672202605
121.88094811975063
206.72332758336586
188.1544061128224
66.92741376872526
116.36679275041213
166.4536951301332
27.508375040204015
176.52351353930274
90.95927244494781
163.05992130535407
60.14936461099807
178.33122370743345
200.73101158389548
106.66015691405389
189.7289724614772
184.55457054717647
46.6456371069342
153.94134944921603
204.47837160009956
173.82008494025644
217.95346265815976
165.98516063421863
144.44606218487098
177.33737016565703
46.3642842450003
182.5462817621616
224.60969251992015
116.59442268727416
215.54245715731864
147.14975515047908
184.58949836790077
142.40083039641576
177.74610600010553
208.28364241373444
208.87016689473026
183.88081597315642
120.14857571209464
163.0120779554609
56.60811636646616
172.84116631793935
209.43626030115846
27.480337320639226
189.3205615318372
177.44530664647988
132.7123093835229
205.7610591460951
66.17987413869955
173.7803987468103
64.11630648747564
109.02959934576165
208.42806399907758
175.95172939161773
108.3267033225287
52.775247359239515
222.88693571842452
185.02079342501887
100.24808326173117
31.094360447399218
134.9361898514918
130.5414996984763
77.13609415410968
48.08693239930043
216.31045371481247
103.59806554382386
177.2669257238347
152.91533701839262
125.24287100247683
115.08149577150797
56.55358283688068
100.17852139896347
190.66945542065045
170.76248098254544
200.3174159727692
126.88925443052885
185.16551227675623
100.8393480237095
77.69382757665886
49.731548731269875
121.74863815273171
192.67305981206002
73.06336434607276
216.74940970438013
159.16147648623456
49.64098913523188
174.52382915173374
188.6604300737169
193.93597174023535
220.25542937472616
166.7292873333191
160.24610167559428
197.15772351297602
186.8401728669828
208.92920542651757
199.64126084129205
184.9610209954225
50.315194424709816
177.87116701749378
107.45071540704896
99.80748005680908
197.3101212685822
162.04208660334518
104.09090214701212
135.6989068985642
80.13661546138745
149.33473462402148
201.74350265491918
139.45225901957767
35.25597919014426
189.461221928361
92.24066841179861
196.7743838632084
143.80885101572864
68.83829877736345
105.49142728297488
193.4379171890007
87.72787030857265
116.75324681693446
78.93100520291522
186.1744671419832
188.0153878144752
167.79454522678324
198.11012429171396
180.5456189095093
156.69225791054058
201.70511331345165
114.87594596619417
175.66621301064166
97.421085734358
124.58382531047678
189.223007231589
177.36404331409489
122.59689709557732
121.30522257502358
197.12645984007062
64.83849651413084
212.9402599796557
85.88876976561842
197.66736501348947
27.289533446777682
112.88826388778556
30.376068381493575
33.00674497315497
183.18328318349188
210.12693066309376
58.4301759225578
170.72570538029092
67.28304746461193
99.04047420516399
70.88502115932137
80.14890934313783
99.16126271564356
79.3115225339129
81.06854255704337
120.58559290684781
58.35152443776297
48.19413051335098
189.31032438120863
188.15859882661695
195.68893890454206
193.65499714993908
121.436274121753
127.59643278528479
198.9443838249503
168.06525050492704
90.51292212159466
51.422802977054204
99.13765699521024
149.53131265789645
166.62503618626653
36.80294835369169
49.41403183559688
130.36094166402094
184.61991353014142
33.488355378662305
60.112800036028894
51.14743077982842
126.41504227841047
197.40826836061612
194.639279769677
42.001875309694874
171.63623377921172
80.11372234873893
94.74801030466813
182.9305717583837
106.09745632170821
50.82475520054316
190.34086147507702
118.99021006772055
138.49208109234402
141.53543492585143
171.26207252885155
162.8526062774565
176.40922101404124
164.6746978477381
31.943983984072865
89.72940912488463
211.29270330812918
88.35669907860655
223.23819962729655
63.24094387783189
188.84211055147927
92.28390364178168
34.44026691029971
102.58751945416627
104.39542832200867
28.832119982638343
113.65418785003293
25.800585726316594
177.52678475258168
75.97488380223574
146.7274552569332
132.45299007424276
51.52746234920214
198.2879199870655
177.65683476001635
165.19689242834173
119.79495505209569
142.34580321521256
124.72477067552806
153.15415420286135
157.2513701238066
201.02684145466645
175.52248632444113
40.79588214421057
190.03288285285478
173.0168866758217
181.9013761236747
152.84274159840146
189.51760685776378
175.668663720424
90.62662258232798
90.35520744150561
61.84336693734192
94.77270855387765
151.50278714568046
138.1957002903501
152.57518492338943
72.7745848355881
83.80292453083322
58.43304779891359
45.765745726733165
39.49236480722497
34.39826467645597
147.4147473613413
196.93416095171324
170.9331928075403
69.82404332793435
52.697353943514784
115.97744044361042
162.96894528326328
157.81531384165893
43.19070222541505
196.36615527234287
163.6749136883527
188.44452696183922
180.8113397718257
134.01214419674324
126.89718910535888
125.22742718844141
102.50893512034804
179.08632823119393
116.64329977603533
146.78764562748114
193.24161604691682
55.32189026175468
31.34847529542839
86.41186309202605
181.84973837535972
197.0323431620033
138.47190528049967
108.76227835996534
187.6451154232038
39.503268173302146
131.1847153182922
179.8870538324805
54.264261384900756
176.94815423280696
184.02355100816138
157.56968173823665
164.39306047614522
52.85485687994936
101.26255732168666
57.158546417297934
156.8112254503684
212.9968541248833
37.93810504446792
141.06838106675949
211.91857192617098
210.70292086342755
213.50810984289967
196.62772440817713
133.71579039870062
199.95673895532497
50.429118025732194
146.93355658144876
73.336889298145
202.5901777737726
89.86028829552198
175.93698755620022
139.31648562247207
127.72233876964135
47.40893468852664
134.4519406631663
224.2219163440751
58.79728734234222
186.32413666042683
194.6584263651323
191.0144333855316
140.57081646549187
145.4297597482941
157.62086456831838
177.0693372912913
85.97545252346553
71.78979008476783
155.74386871468434
152.254842428025
108.62768721612736
188.50285974503788
199.69967570788629
213.85302942653922
157.7796497974663
136.40677290818658
193.8003113716221
140.72306237621302
64.580664548583
65.73870513223308
195.61537000407236
199.72535515686866
121.5457845303409
103.88778708130798
189.86753424017968
191.56944812453648
140.03379955655447
76.72194911647699
74.01145492342418
54.660897575693426
166.11821072062781
181.45387268532508
85.97734230885708
175.9088367598559
128.22909572586218
134.1433535117277
189.3079172943882
153.7366352687746
154.36839152563655
185.49224732092006
54.995039727080176
110.45564724050952
33.89464820359628
176.7815918909196
195.46129095388932
138.74188762873143
151.6902045317112
108.99589174142898
78.98770166394326
135.8028742617142
84.75667572122624
187.09423073891404
182.7790571526993
162.1926674213595
123.10248116476568
97.56162291318948
179.592222663403
197.94664950352956
171.8387921923979
170.35705206945323
193.92442683348636
129.48084227783508
209.7265243577423
136.56184464601878
190.40576771326337
207.7535155736503
212.0588862749149
66.38107168934587
151.6024902879385
210.65640311668574
210.12006224627333
122.73620218247254
56.176859060676314
55.674185474420916
170.48912041282026
222.72223694732773
187.26460975167126
158.69130695455425
231.75739917830302
46.747571691925806
115.4461323033563
112.04501620473845
165.86345985368573
99.40549826902809
105.66058856659178
187.21079144307447
54.13262895016864
35.90632544020595
162.8856231927347
193.70159968853346
170.43896839008553
62.71584356659836
26.012620847230654
73.86002630149396
171.7538121615071
93.84934788982815
217.33969492382366
132.3120659697945
199.30862952685303
212.59091575330328
190.10208692743845
195.25949446435203
102.19712139849068
48.89538889575223
224.09442582647242
29.656776772356437
60.00453674910075
187.83996903896585
189.20983207091328
36.537392330253354
88.07464866140579
126.21448579901929
57.14845049974745
105.97020386921032
205.1454742749412
170.19120603150992
85.39298447140729
49.65572490584328
191.37927415691956
155.830395236994
39.464084021184156
132.0643944372539
123.53498640904748
158.61821633269267
33.24184754332354
31.15829237393677
170.9630864649538
195.9093249980194
172.46751887874544
208.87393696670057
107.07179152047462
200.35700666472496
109.15771234109815
104.95952360837694
117.5798230905463
127.53985207431788
225.1789837754936
228.73833702809637
196.36533802884068
46.014475746723946
220.6380590737436
52.00938924676442
107.90063989788517
170.7869352948873
88.72327800220606
107.43518795785279
60.56689478235806
179.79358384200427
178.0880731091346
168.66831698281948
201.41387971466025
142.2842270546531
41.21924263617241
213.86480836506718
42.28636553138994
163.2828567311075
186.93526416148413
135.01673316988436
142.9923591216053
127.64051877710904
65.53336667378518
98.96806481437255
103.99675686394457
151.3105743845641
139.69714592366182
92.045234077733
202.29762894369705
202.6584224222572
197.43627402718002
201.70819220243493
74.64539052959961
82.14071857300513
90.16199996367375
85.52685054108099
183.64395351751608
162.74328385403473
58.79747956013323
135.96288037806278
121.17290379312821
124.59815128682656
69.66912736745202
171.83289321286094
76.18979126472053
43.00507851541666
73.61294331900483
163.23321306510465
51.33022872478892
87.12480437116194
84.9501992331499
181.13253492518777
111.95438946117983
75.30760744222367
139.99166028408368
76.93280225003332
74.10485908337267
171.7252718648236
213.06760906796185
74.5896337505017
91.81776337821286
200.73180400092343
160.48462525960954
187.0491189030848
204.78471460682192
175.79267372285676
183.13175726132465
112.18718062955486
57.64861910976118
195.27968620827986
135.44122029871758
154.2385726768167
216.4448611407557
146.6425449689754
168.85833671480367
109.34787858933227
189.50144733904548
81.29237431596535
96.41593083132298
50.418023941794324
174.7678318706035
135.36880941897707
180.19432468939445
215.6045409500523
93.6148214073429
161.73274132978992
29.028798372567056
204.52633927467014
170.96537769646648
175.3204830592532
182.00688197293363
222.79704796381648
122.4527373160072
214.5106833017275
93.71250634378208
163.07638949588394
96.19116672247182
44.978309898782065
182.53060464187246
36.788920045591965
90.39416614062223
44.78166239818442
164.91199237499058
186.5937916866418
86.60058564108634
213.52364242862197
120.96598015426657
53.760258054949986
213.9220379638908
47.3071484356212
184.97732316072128
56.816517438714435
185.5356343301026
104.92386203715226
44.860867571272465
204.15706376326443
205.53022414602802
232.0755610396141
70.42587279839515
191.59697860354058
200.63474818206188
160.0964865521587
129.63985616122142
79.48453654141524
63.004709318162064
64.71897224052996
149.9490630912065
209.81278016757264
74.64004763619121
48.35874896048257
203.464173363445
54.79818355103707
87.01599981458828
83.66559500116496
79.78920845223
92.9001694389676
142.19439345381664
154.43634593609542
221.55517613321564
70.59109408924414
163.16648085214766
183.6139228464145
198.88829844324084
147.84874859099526
75.1569824267851
180.51450860189658
195.68404370835069
161.43725938563895
179.18221757818554
186.77186680833657
160.76029352518657
111.84734344176624
28.39926865770763
121.5929476810069
38.891895574436056
172.19836607500815
200.09300269665306
64.81857922510444
158.96184339093134
53.11369639093448
36.74564939729245
29.747917052682787
57.029170219691956
183.27180031343636
163.71326618902273
55.61230271677179
191.29410065233668
112.43942056479851
95.81567512537136
163.61074326296372
200.34334994994174
143.68687574523457
145.2170494709435
60.50711875528066
210.9490324243833
111.65098138337848
178.517092934736
135.168381805547
176.8037961945942
167.73160079792927
168.4090068600669
189.95320827647004
127.21263738928648
153.15106114482626
179.65965967198647
100.23983638926946
68.41545816814265
165.62869281719082
45.25202701781913
94.57971883632216
109.22330876803765
94.23631749809017
174.5295761578555
39.65173692855128
174.82063492242864
89.30297031501311
148.89027295207654
47.294703167837255
178.60439095196529
165.99738481035496
180.48340155659136
58.83438473618372
161.33332992968727
35.52379893765349
116.58238531970875
202.15280715325565
138.11881910025912
183.85901449128306
157.54621540067149
59.87500288555526
172.9687293744546
176.86039979766187
51.273219966218754
134.9556876134654
112.33898349033483
128.5829345408649
213.11804279160918
33.01728530116639
67.92345363355874
115.48122840670595
143.91345763057674
64.26418412619338
189.0554627292741
85.46623860073984
97.08640891181669
107.42937700289485
193.23339756446458
223.0666194626821
132.8064390824719
130.54946973738706
115.75807018815675
192.2005822566199
59.79879395787405
52.63796919312082
70.28211535526574
179.2719946309375
210.95288709621545
213.29723911421073
206.92381557474687
149.4169952793668
197.32725254544332
116.29553526473305
170.3374432894686
186.92815040835586
125.95232780738016
159.10130035124482
173.63888994187792
68.99145620986677
119.6335611977131
191.80505929668234
210.45407976921655
190.84540998748128
96.19123576946558
75.33123404194245
77.01129626380498
156.21896610180698
46.77002187772471
54.76679225995417
167.29860026468057
87.23842759946415
160.79544848240636
139.6747444364718
116.79123115518028
113.81254998312977
190.64052189766943
111.16958080161707
209.91692625186622
97.28464670697332
161.36127220624365
204.9771095222924
166.2655224357161
101.19506972295164
69.88428153590151
118.3655167713909
122.25004602381165
43.10627399829345
60.74701688758144
132.87779500513076
207.27561165270706
155.85267085416834
215.79183135145118
64.08398041584756
203.93704152840917
157.7114102671173
210.34950726886123
172.38767930888173
124.62401740747038
112.18301799122436
160.7145415439993
192.64819673148818
148.21463086381823
164.70754333193744
138.29492287621838
122.95248487340608
149.76047108583583
32.18919616953188
205.96740951359226
153.80929699699902
104.60445853682465
125.08014714573692
192.8698354801944
72.87697771850767
142.97004918473849
50.282578742306576
65.42157249453291
161.99356957615942
129.0754147360316
149.8314846841274
158.02908271324125
137.3383035782012
177.67834020085533
187.452891473216
212.83149436848916
40.7089021081854
175.9584203354145
211.53313110300098
160.50139650188876
210.9675187904934
37.96301966087341
216.13788236927365
39.65622320583939
99.93922307329278
41.27876464386333
91.43035189912737
150.98629477487174
223.65001442338013
121.67647408098594
190.16625776540025
77.1277504604812
114.89305386872253
82.20150539437164
147.5463201857655
148.9327215747954
119.94609075856829
87.76604203717753
173.1124311775389
165.96907578459872
29.759209883849703
195.95354995654876
87.81971457514203
201.1597699840412
73.04209349910572
178.86132826363374
181.26588713162909
153.04207352520504
127.91292767823901
62.48590996155936
103.73571841657257
27.86073822188149
106.95743438818104
84.55299264479066
157.22718448840607
182.53369120101104
146.93355658144876
37.27693004084096
160.93008445890106
83.39780470189537
158.29080386174164
31.291190095783183
31.467443324470004
206.47304136639107
184.05481303155963
174.62107926913882
204.5976255293718
172.41159938518425
33.74116682095901
207.87931981712075
206.22052805653948
169.8087372817952
121.28735451738098
202.03678185191743
158.17430424397529
190.82978282616673
135.28674451901665
54.099698604956664
68.61000579256493
158.832135831543
61.8569780218686
52.65287369248327
90.48265049919486
177.56480615417536
133.83804593853844
158.17692221491245
207.41997434594305
223.8310592474223
157.53718032521135
161.64482687521712
123.7308266281009
91.8013246562763
210.22461731231573
194.53533039335008
187.10631974118067
189.07104384902283
32.67482416374768
146.9029811466186
191.78660090195626
207.53767664506657
129.41277397427785
209.5945157804305
132.4436428997164
154.612740675533
72.90177772193887
208.0318564562293
139.48606584175428
214.0960822194558
81.29629517599835
72.16031313965719
175.0592666881566
48.14518579976581
164.31944969171894
105.68729614670437
105.94561570188804
194.3402245017181
37.34904362447974
99.29244748776375
216.4195735126633
161.90610380940265
208.18745072492953
143.43196190278883
200.32781524392084
110.66584444421217
193.13119018087556
102.28164172701736
173.71354880999306
60.63400312372415
113.44257770797164
65.32990818284944
71.40407263392443
216.164855452041
134.8385954799738
76.74263129575682
193.7856567950817
151.73442561011925
201.68219342182206
185.6608672583561
45.62269432637218
42.47485400643049
196.4002935133004
80.13874601219517
212.80853297104625
57.35569561114848
101.47515316880566
162.3330853063608
176.31586779209874
158.2992613666115
194.9394911179786
219.6525936895832
62.64252656700669
90.3256075248037
172.1549161053282
125.04018095452858
164.26155365738475
134.12071986939404
170.78369996615191
164.65023924132123
43.32649799138902
216.03586945638543
151.18823076015738
180.9677293521868
118.79255250239135
199.01784758005297
181.43876171826486
134.63628836433128
146.87244641980695
207.8912855196199
90.32208105981728
217.5582976845524
185.35554368911576
131.05847710429236
184.23431264003483
70.21351380436656
177.9426132316993
34.86034105910554
147.50615863845698
103.38930574007892
192.72130143970293
206.07623618072745
192.57228022442544
37.367191368711865
37.19821027707952
29.570016326545602
142.48692303558497
42.93078573205881
169.80680241600214
132.9372863177926
157.67144448556073
102.61186753287782
27.621772816409315
79.19222795906435
164.72760371329508
178.59849304684545
68.84223411388847
204.65915119494218
222.96172167777124
204.02720595183092
177.40047964243587
164.51170532084302
105.90230699771341
41.297464817540174
171.54422087913738
181.19107484601076
194.48325947490912
146.69460609228707
159.41004770488482
149.5871762736471
190.40553091214366
147.24889189298224
42.077429907822605
127.36388438922731
48.737889302410174
214.4250098289454
121.07979100392876
85.53941611691522
192.3539658323881
219.79481260104885
165.18783092870422
103.23788927261121
150.07219996969025
136.61735375383498
112.02170490886986
56.83024350873909
73.1670255886812
189.1698831289301
63.42655022397065
162.07933180590135
148.8258684447921
135.07425875267793
201.3079842815632
212.72202857629813
144.25439962022745
119.82250490427097
72.1832359151145
106.82239451245815
118.36932077310396
25.98309581053815
55.75301048858305
169.68853112876394
153.8287003034284
214.1781699503304
202.0654623943733
211.11736169705935
201.98654115800304
195.53689463298892
184.62009863224404
160.99187623977514
166.7789320030315
183.55014108834143
196.72400796286513
203.73412984286853
192.07294028342167
151.22010431099594
188.57256720586147
125.27855016191207
131.77240700754083
197.61208007209336
193.73495165451678
147.0796752959645
185.64542861949184
190.8264214350487
183.0805397986976
184.13043944836562
108.79486553675693
204.22628920386566
66.93049656819615
114.70608619647098
145.80443086766053
190.54612348178543
145.24638131312926
178.28696986522118
87.46142114558387
213.07561172823392
197.08719051988035
114.04807741370787
99.69253947440504
135.78270496738148
193.5941810783165
176.3892281932839
137.50939987996554
173.18599856408883
184.33112759888374
183.77923704693853
118.3655167713909
151.90595870134143
195.1717616426949
215.45305619746688
64.37807970508814
65.52131655505221
189.51360978551423
105.74404165573976
196.99045104440413
165.76827999525722
160.11482911565895
158.15689799503983
201.54098641198075
92.96292071587662
60.776905832503765
94.9777604234798
181.02450756805098
139.07295829252672
188.2097024408827
202.6271256890186
117.23045343745979
91.16049694876834
49.69123293540942
173.91699700985214
155.8023948677372
187.92240999973365
60.57890808280365
165.59304376378094
76.33777252630536
151.82745098230757
201.96142996380934
94.21368837385387
175.6799132475097
154.64145792515126
144.13485159339865
103.58341952993352
111.5727368006558
170.43547600331107
70.1122360303181
118.87365826528648
176.82113444999774
199.70239870483903
50.87383319317754
192.39503349592067
129.47629266519778
188.30190454085042
98.55856404148086
120.52263159033964
204.0174473204541
43.49204930156594
72.82001803772125
207.70881439813226
163.5698337179855
163.36895293562787
81.29873259831976
166.09286353183083
127.62453612680119
180.3041708905516
183.03577110747648
53.451374324068325
218.6814330793151
190.70804247719673
195.8923191094524
133.83950605340772
41.02157585140944
114.31217871761636
84.0277065827464
56.10759524391193
64.90195685335227
141.86782519014
166.50963354196224
48.76018527234303
133.49888492835683
46.234939265989375
177.90384801801832
178.72773822702266
97.2373119898125
163.40600233096353
182.1803774851767
195.24798858336032
185.90551929458005
161.14613968594767
148.41958559980907
89.15034805472887
71.2511059200981
63.18908565201187
89.93696887162507
175.34275081403675
51.41780520867275
172.04448314905605
45.19163751647483
142.33996777731517
211.30102578804542
138.09896666295873
102.28164172701736
156.63664977095354
131.4486861984497
168.66979649280907
99.67453499556731
191.17525770055798
145.48239896598758
52.72274064183129
177.03910694180271
166.72955703303813
29.079349666085907
127.50526540627749
32.422206102819466
173.16525457574332
141.931206680985
102.78802910727805
106.70284083809236
145.01173198160905
163.8952993852468
63.2292945395448
220.19919357464025
169.76348840858833
35.10325790860212
121.95629185379812
168.71068160797134
56.57378481269223
104.99211878310656
88.03809654582292
64.23276779283115
199.12745361590072
190.95550974577228
106.12644324809649
202.53474157741533
208.0391129024544
208.20833206386752
30.771119360880025
98.75713270155919
62.656038964644466
113.6286104158898
188.3873503928324
149.36837536904451
149.79763718793606
181.19976233729724
212.65407335818006
207.190734421444
135.93090535372167
153.35119019118142
80.57456298099822
196.89142103168365
40.101068742041804
118.23699971861765
139.8772564072115
200.4287820773289
205.12524461583865
48.83238752885392
186.90313071088912
75.89199566019747
195.4368883413135
43.04692068223876
220.75547122134125
208.76952039105686
213.90743189518483
195.06042520717972
203.6934084688883
35.89948729686509
84.90794463047374
188.2979022470915
220.18419658621633
149.1400585761094
156.75974031651634
71.06658608972081
190.05361941855048
86.67400644495784
109.67370886383294
213.08479190555482
174.86513206935393
128.41898764942013
99.41452592587164
65.70887902582201
178.67498598643752
204.29615370395848
69.83853023431466
137.89936454238494
184.3917642651921
192.14801776769
43.980705834228225
148.15380791593842
160.93656081785744
42.571193675819494
153.39551531778363
114.99732265170704
160.2722173530624
50.95084267871451
205.06589775705442
187.0044912312057
49.52501189485543
198.6124613292835
188.2347771096224
120.922772371566
55.01874677831689
193.02747172449585
199.71628455462212
159.14351389804258
188.54568015597624
46.70709627543481
26.31530400090862
197.0274382510621
67.20942546745519
178.42288367685057
82.37197366070109
178.26919274608
68.01377995657899
144.91945752441998
163.74778153389468
190.88092297915347
55.38839417104074
82.09377587279322
219.99241950524444
31.322509850007435
77.02539404563731
164.21899241866964
82.23931483240546
166.080659000625
58.23745812388589
81.21550505221381
134.70980755697306
126.66572544987503
178.35006300804048
194.32124860018632
90.21614720257726
59.70050036469061
57.64861910976118
223.1650077315694
208.6616734977045
172.72922909237877
86.52267801555122
147.09759716234547
95.07598556236522
49.60556720988319
159.11836405079288
191.6598250950762
169.97568428507725
110.74715946601903
193.9553937275943
166.71101317387723
175.26340232432932
144.78666718929838
162.22041283533724
46.381152546221465
57.2508441790179
139.3726622370507
202.43915891275125
88.86580898373903
138.62577462540435
194.27508646867156
144.34457458532285
31.17867313825527
153.7981925680106
121.79924633227682
192.3638979515119
72.1582204851472
85.54690820578182
42.06281615346503
229.71005958011096
198.74742115799336
145.13117488726124
65.87850028325207
173.32470532935017
114.36988863330315
173.9976181441965
150.61509622434914
140.79025508106977
187.55684358998943
179.22849258538457
206.5549898850681
26.000754420763947
182.28655307849354
201.9120090429585
162.12690968677236
148.17752280208637
110.55595448100918
208.09812259524972
136.7950028912103
135.6428406877606
50.974703017978456
193.51772006231502
83.21410391134316
165.6726189785889
52.870500454984516
48.275119561577306
169.62343228221732
131.64678353429682
174.692918746513
119.32884847543201
223.9121982001323
165.77455356242842
197.822831415386
196.17677600651442
154.46383519187836
190.54419209785777
192.42136668649016
43.66142979816391
198.97133628841044
186.5727156026182
159.7750993775254
53.904031177327994
103.9014137328383
183.38982217028325
97.1026615045441
208.33797323590477
122.7446072968995
161.12147460747903
215.65995276327118
163.4859258373187
31.112927875350454
166.84711530670884
93.48783157230227
181.94120482843465
179.99089827571515
42.92173223146431
137.2010252744909
32.4013128055257
67.03303423558204
40.642937213075484
85.65811029268313
32.90980273703031
98.63768302718819
183.03628988058443
145.44100251543205
180.320936645751
187.55179942354678
208.18561159619475
177.78873229754345
181.3407835630514
122.61489400927026
47.21046134631742
69.32104082765265
184.82253970774627
212.91395664087793
48.37297984462018
166.74563282320565
29.245985453420477
128.7198254297953
205.21315631187963
119.13049038668521
200.23617055176834
187.2689050194591
154.0327532095738
213.48348023697926
167.4095407740316
32.327446842462415
30.878310810324457
51.47654803022478
34.503859564299276
153.8801881916302
184.3052088090322
114.293332592008
54.45099119445777
137.40715798486136
166.24918587272495
189.78114994119423
194.57935864569015
185.06635118349047
200.5020860793369
92.16500176310674
183.38901882344805
86.5276676263897
161.81073002878676
198.26287913614976
40.990043771574555
127.37606258950733
36.06651702305931
147.97287270534457
42.54819669149446
97.40214562291747
177.5524744723756
169.59074288131802
164.22396094555276
189.70482209049047
44.33172790011506
71.20262074472913
66.27478714002804
199.67914780858322
138.830286578185
220.7835319166732
200.49874009955087
92.0832380382919
84.52086355975784
128.96551936204375
105.36525899970387
184.40728735218465
182.00423132594545
49.09690633167479
51.45262969371046
188.06308858118803
111.78092086879965
127.61407098525343
70.82697532936747
151.15778851220156
167.16862814720508
85.29899314577186
183.1035049490621
155.5587652945667
137.7751585188908
99.76267521043988
180.64816956458978
171.45456921059787
174.29199362847376
53.260479194208756
42.704697162772675
175.4304822383863
156.33648286500508
128.10010700617747
148.4160807978987
30.35732708727417
160.80062391935112
123.48954550186
186.82281460476113
38.32913738557289
181.76900789784938
204.0003500821926
201.41950273100414
67.27052614749266
48.10093506599975
158.40131461121754
83.35731760371601
104.85363083723591
101.17802279415535
176.3735067183041
137.06125138466263
120.64108651115947
35.029764614021964
46.610567012784955
213.24166941114163
196.92813873513754
51.84836704041556
48.46594623661608
182.25867864467497
201.31378566685993
200.76168750515993
155.68955712651896
67.72679089684928
166.28296599282714
48.43675334880077
79.72382585020213
123.89075282092867
79.89322819809752
147.46948250696022
191.60198239252696
217.84280089823642
82.20373470307891
148.9900704267967
175.3974474851509
43.437444624440374
231.37359839040306
198.08068859042658
67.45740889277933
200.7869219481308
92.6250029551825
183.03566914475238
173.36488936969354
223.19469282787844
195.08071661725572
206.06329185075262
153.1243347506445
162.36944580381677
81.11189587536984
165.1941955972404
50.746012199320745
189.7892286657676
178.67053894813736
97.60340526587812
163.7935294899664
93.36929223187013
205.49365503110693
233.47863767548756
181.2307075301847
111.41753253131964
165.3253120371559
85.8578038524178
185.62603566152407
174.4071494788007
114.05485688523378
180.46851184951518
76.46533660912682
191.06885024937114
76.18635300683539
199.49123484933946
106.88499501481266
32.94157014136216
156.5307239635677
151.74588105921433
185.24800403562423
75.43634535016834
110.10463666080955
197.28323749230682
179.334319283458
186.58586176008507
54.29661288734543
165.52821184269357
209.9993717188346
