114.5817194494675
172.8414782588771
184.83537933303936
150.18368095765285
139.7328690206534
104.80648841699859
164.91721481861558
127.66786723789667
82.36285128011832
124.26532743088035
221.6098892488631
184.57774095948642
209.14925091449402
195.61009093549208
184.09968896991032
124.6219646473276
185.50072874219725
188.43336396644108
93.83198128936903
25.871028403434398
75.16958431332253
35.41350479262537
142.53872586479866
235.61430395744912
203.7440966013597
140.10947800722738
114.0262197651153
118.72852409783962
74.261785343089
145.24824299742528
143.58341038096725
139.03383956549558
157.15936114989245
182.42676468973204
113.03347043172667
207.9783415316183
27.18551581759509
123.66857195899595
179.0430417552145
65.39761643026245
180.5469731237941
115.85571731268728
86.46551968481043
167.98601606675356
185.21400403683234
186.5831092445564
134.195388706699
126.4364320430221
52.27374400702522
89.32460958192056
69.47918504599203
97.44057571884014
105.05724106946451
161.72204070665668
132.08910720836712
156.23036301982023
136.78242866738967
52.29227320437114
201.72075127918876
64.74089296916495
97.77361619049873
74.84252799282883
189.73531619220455
210.3641277658385
42.57150107786123
204.75767155826085
185.14818676189742
200.6278552795611
194.8370455246827
185.94530590668313
98.31302491095646
146.2812943145457
120.75785857846638
39.42542537332541
138.79524922273606
72.78391272711919
204.5644430778361
180.71265900983846
214.885809150434
48.65749235362208
138.4001287225398
140.62839562247342
107.11833990111909
99.72748929910037
78.0768695676667
114.52943256054927
46.51758874152326
128.82987135889664
32.27824671245179
157.8303692810582
168.34834161192597
71.85847532211119
210.82774501433593
122.15409235613711
41.96434631499165
174.73149749848042
138.388014121711
100.38874238063246
114.53680009740312
148.06726524932617
38.33658249728386
151.3692777749629
143.0292420835485
167.14698858787895
190.83132110293823
148.32927279499074
190.9219912576838
137.52532907619062
175.34316184690383
123.30568795842
121.63522164084365
59.658896440144915
35.28569536261151
67.64858827020561
95.48293252033109
60.42123924257353
60.55032689676269
76.36815021890173
218.33356178680387
145.72262287723723
191.40410938143125
125.5045402070061
55.43587742783695
28.028975685215215
187.52555060592687
50.37111328017471
126.93771667373825
211.04205180868053
160.53260304663635
63.33291445609111
185.65890003674815
191.73107655397578
52.82542984959489
175.86346278158743
87.21441139091282
194.07825054366114
81.33974743215711
201.2065596864448
160.79093181376504
189.552956128223
55.830701985872466
197.72821974170947
190.34884511408126
88.3953194923641
190.47060705342497
184.59915514902988
205.87546331358465
190.2421636292779
191.9236593444582
182.44042633518487
133.06153253482822
33.071750953356286
100.87575833285804
85.40999816390612
114.61693569773024
186.9297726253461
56.69823933340347
34.02419061097747
95.75509429515402
205.58805993616764
35.08786640535404
202.02286117731168
182.18788761004416
179.3531599565176
146.89207108199946
209.01970746225192
47.18617318961276
35.30275621072755
57.834718388081974
207.2416243803246
84.96456311192512
162.42886859928268
116.43962172983768
46.33003990363124
179.15605416222638
108.33609566384108
41.47326238963114
116.94595834873927
220.87115166356378
91.14246751271288
178.43302069946563
186.87189843479695
43.37476443276263
154.08930408975183
46.78817961907414
100.90704036796629
52.44642122786604
163.0173800247425
172.0093397545933
52.95598106383258
189.12842911202
130.6234172504266
93.81868731897431
198.49657620545577
52.30249059855401
191.6614018063442
37.829565929904724
205.39698227920428
197.77967135377133
78.77349641841028
210.81529961147066
143.13784450125226
67.71793392211751
101.23314666107984
194.9565187243085
158.32735592818585
131.89592490285406
88.27690698731365
162.97044804902615
47.726565010848226
53.47110241557431
159.72657735792941
179.7759399557867
126.87960492446072
114.21175207144444
158.19579034468296
164.65630353667217
201.28911446030025
217.06167584783836
211.3239998265122
211.47545774195063
163.26342803643718
176.6838621250551
38.224593227642984
103.539204067961
139.9832787675274
205.51555197319448
172.5975918354473
145.98833442674788
133.40923587163743
48.1220470573434
166.63281529236403
185.89883653759387
218.76666714617502
201.5785432752759
102.72997587027466
168.68495214802584
26.91312912261763
110.46061070562158
45.71237395446685
38.82152446955411
195.01447241580564
112.1582461635606
165.00691097321985
92.4856163701304
199.340719762585
83.27964546668645
191.7493904630765
63.04960179313269
212.29849814744406
134.34925012040839
151.42788299535866
61.30492386464067
85.56235712222912
46.90380048346936
170.46817292918377
56.856269802348834
101.28249038979916
181.00434092524273
183.18067394775355
202.22320028223044
179.90293495822655
112.03102889291314
153.6901345675587
201.02295761479633
92.91631105194811
210.16743942838767
100.84519918154146
167.27422395611052
121.06962223756383
60.19169557725074
118.3197194935766
134.8476850455883
90.0013746143223
81.69775670157874
46.739519693807914
68.20400448438721
206.0323484608728
128.65165814955813
150.7155145442823
155.58583073643607
188.90689983644415
192.41639993112398
188.04874768148542
118.34628443640227
40.69550394863955
92.24571062020416
187.0699586605882
191.51774187963
155.18254319244386
190.1805191487066
42.19449396344749
196.98162554725837
206.51358710512835
65.43717427462487
174.09774643123404
202.68937900569966
123.07523607877235
163.10111869556704
213.46084724151316
148.01208785442867
170.10688799288886
153.72976998732292
169.6828858213631
138.2992485959177
127.76924306361543
108.36273609780291
124.61457422078541
209.8164198192577
42.380507409031374
216.77320336848456
193.49858891126917
109.22473433948255
67.46397497973437
168.84914059914766
202.30127288598257
142.50910912265203
150.7802748120866
215.07353538438502
178.18432748328834
211.26455337834798
126.57376153938434
171.93136710920018
176.23933240231716
120.58914959192593
137.8545502946517
109.43265445422968
122.95827129086821
100.9130196691742
54.24198084492714
115.61117827261434
212.7549058521749
174.42221522187862
63.62099066428933
118.60986368116339
57.70925521971595
175.14606321129412
182.3836044909738
176.88720886065894
121.39104404406238
127.65440793568581
194.74320175270503
195.3622850487092
156.21712406932176
144.0730752252617
118.56910371810625
176.75235736941153
133.11644126079335
35.5676250703761
70.11466873797207
162.50277974219227
188.61645018666945
192.688140798553
107.68354352262827
199.92290514510094
126.57117740207168
103.12123877507285
140.35767958679043
199.4711023133844
210.7505213504613
89.69156783334654
170.94331412839793
92.28743993540165
146.8589391339528
196.27545640905248
114.07377300936406
97.14750118659384
146.53449214631493
40.33385510635548
190.3834626506442
182.66894008487085
189.3702164320279
135.33253114869999
196.80444468373008
122.52741873682982
46.437205007021056
37.97457193258053
125.46807348684709
199.17307982117728
35.780566030723065
119.39890856003404
142.22433188805192
146.51546597478097
147.56362601132597
82.40440404754015
53.398759455631975
155.98522981900072
145.79822617302855
156.88410373765228
189.75297371847986
203.8890481568683
229.4564825070716
123.06778657681976
34.72786613452059
207.9286498453583
202.4560268576556
205.40643890829878
220.23568570715221
87.4526882226495
141.14744649738068
135.9815812135229
120.16732750822162
180.73773208778914
38.10037624772883
181.21464348158887
58.08491269958451
139.99166361644097
60.20242751934757
211.03625089943617
100.38776470672823
93.05688100577619
55.3567768724054
148.5709027536006
135.02267047969187
58.561732299766106
176.2929249976694
111.51649735879812
89.12779917875667
143.68258914280534
187.408646057597
74.53729209693432
196.36030501463543
212.09546764455092
175.8648983669424
117.82204698369256
83.11620492682255
214.04977290895795
39.509138287023845
202.16722783526245
118.09275677203013
206.54391370044277
202.93091994179179
130.9362951418048
110.74916925964567
37.64414859154637
212.8776300667568
197.73394420926547
99.5841200389318
156.54421557330596
178.60206196082095
140.9307360833229
150.18699228706683
69.34323532257537
200.22624699049885
201.22188391171522
204.27642265464766
73.3650409757912
147.7748106543623
135.3038855680911
149.57550112416993
38.142620752525175
52.70509724889628
202.53793541780857
47.87280356147855
171.9362094371434
137.51185197913208
120.46997893843579
204.78193114622272
191.74460953425293
175.03856805088796
61.1023975302912
185.3695566139032
224.5849957245099
63.13603852927135
75.7355981036147
83.18423891222086
28.7922049508973
195.52335807595998
87.0772159822369
72.61463798061072
178.81768718820243
109.61939032334844
186.1602316371794
32.74000115765995
210.4619957037422
80.4678731046549
203.73143486838023
178.393219813679
56.29076696214483
204.2731583433085
156.61623819266055
70.32642528001995
62.826316388730525
113.3081452775928
153.27740427672816
36.920140141708124
206.11474377270832
208.51678754826185
132.99521319380585
41.92775743977748
35.8975925446355
85.94198888746959
100.33746231876775
197.63814918867766
75.24477087886787
192.47740934156178
159.5286201255314
145.78654351548795
200.41080385627896
184.55455644302216
124.53219892293565
180.52199767221978
26.253844124278594
160.7517220033999
210.79362171757245
200.18586226313957
183.4017875384282
118.57493358416616
176.86768337224566
29.44821825595707
44.070002382047875
35.939491390348365
61.72933438295685
194.29940849699963
194.18470029703192
206.90841472952837
193.24446538928433
207.1856839178417
41.45924350787359
194.7698544229461
177.50179446319856
196.80984430884237
130.8604886722202
66.58494576787683
189.71729846572342
212.52843101519005
78.83974591152531
134.5661207983487
190.00473621411172
150.98232533971992
172.4392064864347
193.76584241812878
119.79332140719619
83.25704999225631
193.15526182935656
128.82987135889664
198.5063758497068
91.873812642594
190.91932790967192
75.94941574813714
52.82837488457263
195.6456392555258
127.80226715861859
186.08837357863283
110.5856579218429
56.46296926840913
156.86770978173936
142.76867162691798
149.2725728054737
206.38161240137921
134.35909913625775
73.17907398379931
149.8661085957716
63.15559453697443
138.91027432106566
96.62558800809697
199.24080893955656
180.89987399127756
144.8865770180832
72.77139002997222
31.742649957892453
205.70284869463703
113.75772340925944
176.2440527996611
225.54173177705857
90.66815435160673
143.4456998689357
81.41094363408423
202.99196961137184
74.1532158899684
153.0793969482239
67.51632803851558
196.72029760375324
195.25256065891574
134.3203615297539
175.36270082974164
195.47241521414995
182.54805169281454
86.09233100700988
79.36776113745005
127.30695100140635
130.5938661060263
222.99123925175152
200.79430771394942
141.29465605375822
181.80803917139534
51.23683778535202
184.54714020396895
153.32470881179864
88.66910252864648
144.6937490991747
148.57262956251122
198.10685177411207
179.2565612385342
175.73799495630323
88.42535004030901
159.19223136955125
130.4427828273167
94.12119599679248
82.3069230541195
198.256354845612
171.1496280361532
216.17636526725656
164.5899002657401
191.65375592711814
103.73387247825451
186.2888129820958
179.84268788765496
151.5894725144423
138.15347922274393
195.60909180893358
93.47671746726569
130.37442185369432
162.08036390319518
174.49185721286722
82.56527258954142
211.15213019226093
87.24930447234064
223.75199385892213
70.6412693750079
153.0436789337457
164.73676445298645
136.34073015316847
187.74697275965482
31.97471501548415
139.03071563740383
183.76843909065636
175.17388581830014
108.22264796269269
109.92565821834026
200.10247405404607
78.33881587873742
149.3279860170701
183.8891969398566
179.9179989780313
66.2980058685363
172.69971752200775
171.32726956371982
215.61049922719053
170.0574593388389
59.15739332814792
83.95055505496377
31.3352866531626
72.18228614546871
155.74935785102105
178.8359120134376
157.09235534161292
41.759986581258815
143.9026665837972
200.50300199214828
138.70994718152207
139.22283501437565
125.5578345219
61.00554886996106
205.23798610834066
51.44071215760356
29.81656758328621
176.1187796664907
193.55783255267673
181.50377780348745
187.94252099423844
195.69821416022845
182.53482200902235
34.55109812319447
78.19992997537403
88.53485886079322
52.711303912580185
129.87516967075484
199.77496072909625
136.63892353040367
206.39230601173966
209.23421876867874
73.6561299050108
213.1827846144555
104.1711474548962
55.32837191952312
193.23328389489157
144.15389804697452
199.67142086730203
211.91673544759777
183.36325385159944
176.78136668540145
183.46353418097956
210.6678136265157
192.61738421557624
148.03558414465925
178.67530684998894
100.15295174039048
181.68035123043614
148.9181384978639
73.4505776542819
80.14368841972393
39.060317955556506
132.70637911891654
188.30359622031514
113.34138876795805
63.98019702578614
158.73738597373787
140.92139763458263
127.6693215803919
145.58539864000815
186.02958283909314
178.0040222449203
196.42340376593114
156.22786991044956
144.1780657124076
137.7118558010756
112.47542267551374
188.1109076654521
90.59889781406824
183.320251542251
190.80118673512953
213.87815536197806
104.21638535139778
178.3098543429864
206.13010717859137
108.15937553678896
193.12826488196265
154.54063675401406
84.2117639029287
213.54003186215064
193.02750346314482
154.62276049000545
101.51823005514643
220.0751033104922
209.6978715166302
129.06333721856973
172.7895478575156
229.30440129470313
105.35695138425208
204.6499482675765
104.94676165706116
203.85872720777385
231.3842495036156
64.00177032157409
161.0565427245658
98.08204495727755
57.48751650907197
199.3445991819263
169.10369596622493
186.66239018553472
93.11178105417684
195.01516891979847
193.10382613478794
165.08710214882592
184.5600263800093
161.3359270598477
104.86352556348015
175.8467143760769
35.11272565225345
144.27577209318036
29.66347019337253
163.77832716681516
196.2672032123771
69.87887868181937
170.51649550924733
97.46604604398225
32.35899225260521
176.05738325558386
36.32955057346669
29.991173037339312
214.62471587448943
163.90594272183537
58.78447006497211
41.4115064085247
196.86483624860122
180.17343110191666
64.11632325400296
76.60968233791873
116.56262543914445
184.6914648290235
202.09199430686266
33.76832646327674
199.301482632955
63.70315229772463
128.90041827436647
158.55903009854111
31.9104068231629
153.47956231083222
67.70057015662579
170.77341352805485
85.8703839907756
199.9888033626902
119.90965326419841
98.41560999289558
112.38327952551218
81.61585568502369
197.05760369237572
117.46887364600285
141.8288677054838
233.69664679737872
171.6389803446373
122.73791939551218
66.47647752269661
221.04017785524965
123.56829989021472
201.70148847084877
221.01141935583004
198.62534749321554
143.17348692784714
100.4165265992656
125.46042360856781
187.63930813120425
46.64344122821523
198.22240889844332
143.11477545193736
189.48614170298308
63.45460704936249
156.5769061906195
82.50414059262579
155.12006069766346
136.4235071031076
105.14571753656877
48.422231507346496
165.93732871050966
38.617653327630535
179.91141433859028
144.75951886273486
200.8945273294854
138.18464681602725
183.76540442327624
78.48320461785764
118.30577037584202
31.844155014375673
81.85387229037626
110.42272872252413
226.17710785260408
157.99009194378743
146.41667818635358
201.409067761984
205.36689025142746
216.31930247072364
49.211754753298955
147.13020159337248
178.33716084371423
172.84000355027248
27.607756856998385
64.6396907806756
86.81875542979341
227.64872816559634
184.86444985837295
166.63995506897538
223.34363580092895
100.42974047307025
46.8715693486404
159.15202176652895
167.50621230093012
130.2347828354863
200.17837092728183
89.4176880471281
49.652143881462
97.30282605663848
194.19311153754367
61.66822518517069
74.18127335292819
168.91607420906385
196.78831425602314
173.80944271749664
72.99660038325587
202.2339984059797
145.55871659205775
36.27568187602843
80.63520847858645
200.6658535433588
183.2873978076715
190.36777925272935
89.4708664649025
66.37767893175321
130.037900049857
189.1806056472463
67.64394015324442
193.62865874816126
221.33300462120377
190.97424098660332
189.47987287591047
185.27281280704736
65.0345841235068
131.8432582422865
170.09879787105123
101.95036949205156
172.60045364528094
166.9948527758528
202.75949892055323
172.93362068728348
215.07064595337556
153.9927970332481
121.80306475982829
46.241109892457395
192.47701280768746
90.41872646176267
68.68613122670426
161.82638792880894
209.76236883370615
165.56757365335147
102.58621371217232
152.20931895422456
205.81441649656776
210.19994479552395
148.19433664742112
206.7167355771146
160.3765194140871
32.789738989802004
205.90485946122647
66.92876305835017
40.80862982485864
156.54748856373098
155.05584923892732
169.44692656360874
136.27936712513326
67.61570614786687
160.42136717365977
159.6332570957558
58.648353384506535
211.52928240112877
187.12359879094623
202.56376642093656
37.37451854374422
60.10969643882436
158.7671908304626
163.65456608013716
202.3131543798852
211.64355732793155
138.78319990641359
155.46710238126394
142.5712586457753
49.01910184715744
100.3272257541625
51.94991867169574
98.5675721968703
125.60391837898658
87.91675144036935
230.5245992347444
197.09776545512267
61.402293049944284
147.45262465133143
45.463216877389044
155.36578508094766
197.51480107441313
158.18827062482868
113.0690837303829
197.82517622255446
139.57570621004433
186.92785489675492
180.397345293254
194.8329662215717
174.4641638837122
55.99446140108585
173.42172376665334
150.23688976893766
176.7566979108593
181.63745677252913
222.9298846819519
109.15866595944239
166.90121842061498
190.26949724421607
82.54378478160093
202.50258060279617
184.5062976077878
197.95679967447722
153.53022510118444
35.676822677200136
200.3737926610428
209.39562768774587
150.43596364763388
187.12692769601063
88.40876588557899
138.8158954952039
128.29938530304042
67.65039434435052
187.53633918057295
177.7313309987155
148.66217547065446
182.93057900037005
175.1689090953174
168.80237380457663
169.8978065765747
151.24172315274782
150.42782967727013
89.16590045494344
183.9175014310665
120.36305907441616
205.23262774333733
188.33335560941603
66.96897265579845
116.54638918299658
168.7379151018824
27.580768873303217
176.0194173679625
90.15136738865996
161.0285035306966
60.69877259411995
178.187648477295
202.25795864794298
108.046176182706
191.98783170116872
181.59480434449443
46.66964807632493
148.6519793494425
206.11413874139842
172.79801853911152
218.52596376283714
164.84565298016236
143.76836595551868
175.68469585188336
46.38276862146519
182.59848406701835
224.12551269106012
115.1496701940478
215.92992628186371
147.95499127830746
183.8888249017114
139.6646854956579
178.43906026961042
209.89965394868594
207.93145950718048
186.3813393004262
124.22204303771899
163.5196769293571
58.19399686923076
174.6349151015022
207.81135300741235
27.775402478238536
189.08545859731666
177.310642760502
134.45176344702818
207.38301594311233
67.0981990102148
170.9478842726317
64.31550784843654
107.99322740846505
210.4204851519419
177.91912067142414
106.8260921484539
52.39657114090056
222.9725868628228
184.70417249977626
99.61236378151763
30.943529711740002
133.95696754052307
129.70998739534963
78.88891497312326
48.62535756459109
216.81899139812566
103.76223919883063
177.22978264383548
149.92668993787785
128.2113373102
115.76843677094088
56.81623954206976
99.90476337330924
189.5513320697987
171.78909322567415
198.95716121125955
126.31241692513973
185.76309396597495
101.16356757668117
77.06192622391843
49.13812644611115
120.95964144142054
192.4784296877596
73.82237477008627
219.25645206006558
162.87702269797472
49.11516935412025
176.25138587401148
187.07144726034852
194.87857819008866
220.635006427251
167.7812760394362
160.69774083372047
195.88162666409957
188.66178567356965
211.02907845093912
199.93652366602467
184.43074984950985
50.523961848548254
178.64044325854678
106.15541294023735
99.36038951793596
195.1062193073689
163.35836511706663
104.88895423753623
135.5130222905192
82.6367313988112
146.9825171746449
202.75232764513197
139.024811727865
35.284990426695714
192.42332340305063
93.11325287480153
198.62496904562852
142.77582348339007
68.3644549010678
103.96235069210331
194.68913831322985
88.35343172708271
114.89275904667657
79.12017946607449
187.93062382197564
187.2255586512892
164.12574590086072
199.92707359458566
181.47154519446175
156.94071633865238
202.09489134824912
112.2059230891758
175.3161600396923
95.2748356911047
124.821826462624
189.34307095805286
178.565561653835
121.8738017776895
121.9819959083181
198.33493627028776
62.7109134177119
211.24731833904366
83.88855816033673
199.13300856283507
27.381995054700887
114.36020139413928
30.298540653412186
33.351546614510944
184.14529479348212
208.11207761605093
57.20588592925671
177.43379833335777
67.27778841426966
100.49812163453315
71.6187130880073
81.23163011417509
100.83058915263581
81.4018883375315
81.17751133811701
120.27498877773147
58.856904742493754
48.354267221719546
190.01982896958276
189.54407732539468
194.5742287056552
189.445360161449
121.27566294310196
128.59666788345987
198.44268245015064
168.59018751763605
90.85959030529236
52.48102946254098
102.82869723168045
149.50278301896807
166.1836400231111
37.65688229124388
49.485694657577724
130.72535950968737
183.55186189378367
33.31189956776399
60.21311052754701
50.50176477125876
127.67926769941228
196.6965192288205
193.86858933278495
42.403578983150595
172.87607476421624
81.14670734467606
94.87306391710679
185.31378957480803
106.710719240379
50.67191389189259
190.2338602553918
118.02580420582865
138.67147274857263
141.53885045546278
165.93839857734983
160.50613682985173
176.45888059636397
165.87396476801572
31.94902548034484
89.71232733831235
209.35146969953365
88.80589325732646
223.1368093433369
63.261522366973395
187.87201155640759
91.83703717349815
34.16231323490367
102.48755214177777
103.6237035427141
28.97005598975355
113.86262631093402
25.846741872184374
179.23296294999474
76.19005563598243
146.5793764492856
129.21641358450734
52.47077688691374
197.96595704522915
176.5505279799019
163.20154901339137
123.96733460173213
141.4901130761
121.95038297913274
153.57666526843434
158.23963296779354
202.27189436528207
172.26092499332222
41.17368537385037
190.1973782728577
172.64572768751282
182.03993364767675
154.4586958316218
188.20653883329692
176.37029627595584
90.35725465771895
89.4978914843185
62.08629500049297
94.24134649488524
150.53743164859625
138.59091821897763
150.9114616084325
72.30034464705858
83.03796081297551
58.19587342549072
45.81455518508673
40.45200971624054
32.80036703731328
148.5439586395748
197.24238103518277
170.77850818931105
70.25461866852119
52.444385566909396
117.79502081077482
162.91962382515612
161.43298982999875
43.08669189631524
198.02114948120317
161.69407413700498
188.54126763915878
181.4020566065623
132.85211115455465
127.65187173835798
125.05147126056534
103.99405038638483
180.8293881706138
115.30601066833746
144.30331798981638
190.82350170878905
55.56991474265017
31.427673867218388
86.82407885333787
180.76911457500634
196.946553301123
137.74509914599093
109.22947187717129
190.94915488046377
39.37489562441137
132.93942041071156
179.4926372548969
55.89234071996852
177.86516663262188
183.42204344868165
157.68275436528035
163.69518672338543
52.13691107593069
101.21520315044599
57.051880039265974
154.90340091955224
211.64069933343603
37.969854095821205
144.81167519578315
212.3786243561355
211.57645002519232
213.316410023634
195.69705061128897
132.51777644993362
197.99778787773099
51.1617187426432
146.7957936950703
74.10072909770628
203.02211396722277
90.15370269261751
171.27460997782816
141.33079715982188
129.5823896324699
47.60201649290114
134.19652036802253
223.8169432304953
58.64472802173646
185.58822132906468
192.77790576383512
190.74430818798453
139.767870262476
144.5268121819059
159.2024965402255
175.6597891677423
86.78944396380346
73.21445935800804
154.08164733802198
152.83259006495743
108.68767053669714
188.56660275570377
201.46383123118616
212.43884819147505
157.58227455613212
137.695076522766
190.9515432072022
147.23843556326236
63.26148573289725
66.63748296052553
198.43841343648953
199.67289848201244
126.53827524475622
104.27603946711677
191.03258043683746
190.2875371468082
139.2568631033421
76.1789012946566
73.4781833756338
54.783497365265724
164.7274833272861
181.2556418899093
87.3064683593724
177.62085777176668
127.34545362276957
131.16377216176997
187.64666652619582
153.64850773490772
154.09117010615145
184.25128862588613
54.80387626546754
111.31947077332397
33.89412278927337
175.33491789948607
197.03095238179137
137.86867001044158
156.10376548936725
108.05300354989733
79.58349833186203
133.95716190432051
83.85342966491933
185.64979222997516
183.67906918958778
162.7008740525804
123.384686115301
97.67361698655246
178.87748417905107
198.58151179322175
171.0185698275351
170.80555027752945
193.13587741600946
131.79884482924842
207.9328065118963
136.65253873688994
188.73548931558187
204.9526825726466
211.11040687652147
66.18860917572339
151.8805701143012
210.50324914339515
210.53724448844753
121.54977532597398
56.20678441067898
55.37021442932999
170.44706787253168
222.60923662918512
187.95326279223596
160.97431990412153
231.61431145089892
47.033917922917546
117.52230773338663
112.11725951189167
165.5235644876522
100.06482692714923
105.83356148359913
186.0335570208138
54.29920456961139
35.678563246504275
163.3294404771631
194.06900892534597
173.9553491052716
61.857102540267356
26.02760636892718
74.07753685001543
173.78065890480545
93.95648566507309
216.79525491282257
129.0442669350379
197.2798861552199
210.47126588418607
189.58153904827597
197.88371599445728
102.20545237366659
48.32263859307459
222.14364494968893
29.647325387950463
59.48507264127918
188.0883026595704
188.77038830820914
36.61160695760924
88.13926106307187
126.0631509949642
56.01505805080677
107.74872660347977
203.8774697822844
170.56686098241937
85.2461814541449
49.60125686506448
191.5745921956118
152.60797515397766
40.059013851782446
130.60030524405542
126.5242505519566
157.1536420538743
33.15012585674039
31.40984505777208
169.08109031360544
194.33236114600757
171.72293468199263
209.45239204211606
108.17448725189213
197.42401594495334
108.817222482359
106.8805497204839
117.57702478514871
129.5101011575218
224.33225112730486
230.06382839675118
196.32117534534052
45.41014386145978
221.1987977298352
50.21154453272691
109.12877531046118
169.76274647060316
88.714074562317
107.33887248707691
61.037487251452106
180.89618766837486
174.96042548541897
169.68739559831542
200.28267384186154
145.62798966415554
41.12403709941432
214.68389243347096
42.661488272742936
163.55550659432035
184.66059970109006
135.0413021340934
137.8162132534013
126.39702604148098
65.68638258787348
103.17224495531326
102.86670443062859
152.36539815637252
142.83549651295135
92.74062197285804
201.4042029831598
200.51042066092208
196.42340376593114
201.00875265983987
72.49048759924011
80.82579983007338
89.92335300977722
85.93978932614235
181.8160035928563
162.42978972665358
57.99569760997722
136.04269447406153
120.38622424963708
125.36145189521159
70.09511967551778
172.51955206947736
76.38711196643831
43.20358434718411
72.70213372063238
159.95277149538526
51.15939703927011
90.12528819233165
85.31265636722962
182.4865079529207
112.0127570937699
75.63121896391611
140.77894557118714
76.41908815206786
73.11081356331638
173.5683547026648
212.21201922796857
74.38517013458306
91.08131224360896
202.0149323832437
160.06188409241943
185.09843261695775
200.8146527824166
177.07570856248606
184.33178714086782
112.92422749483542
58.121318888786725
194.54882176347667
133.49893740910932
152.7068415145473
215.4723487777588
144.2811133853508
170.19303917875467
109.77008921553794
191.3551958996429
80.01539581612735
96.70566307778266
50.89329312143732
172.62697952620405
133.7719941202909
179.05187070881058
213.84967457773809
91.11553409113915
155.7656894157192
29.082279258239687
205.4997243010381
171.3333745249315
174.8410293985228
183.2350299623434
222.30083734876496
122.15146009371529
215.20842825662163
93.00719032003258
166.29923713128713
94.71925205341556
45.084981510350694
183.45663671191696
36.803308921157424
92.76027592628061
44.68850340130549
162.96739017545153
185.07883037602502
88.9318505776498
213.5431695626817
120.01964237249912
53.0186119823256
213.79971654085605
48.99796001171436
182.49479627867666
55.99788007603939
188.70186622166136
106.23244617402023
45.058650666606454
205.11277342112092
204.50732399373885
233.05529178156445
70.2797013619543
192.90293462683346
199.91879892155654
162.80325174991822
126.14643426681131
78.81918661931047
62.437511750280116
64.32852917745258
150.96974631842102
206.90421957789158
76.13243450797597
48.57717652354868
202.87403331229683
54.91095808392979
86.91213420915847
84.66785095346631
79.52733372647032
89.54729157698172
144.96006186154898
153.12039991760884
221.24933030578512
71.3164992026024
164.3870535742848
185.25307911527463
200.21313045985107
147.1533717147046
74.2792700349154
182.9740089202518
194.52267227833494
159.62935219521194
178.51591800446087
188.75413230948539
162.92639786441404
110.46323711057751
28.301457858217027
120.89135010577368
37.72725475005451
172.06780583625846
202.5724624608868
65.04039784642595
160.6595262341844
53.6111472586999
36.827501818364006
29.5395093635358
57.70660272621708
186.23987654602217
163.94052533579628
55.29221328316751
190.14196895933972
106.79554005940767
98.40982878138368
162.551187011058
199.67672282764627
143.69960056451094
145.66798801941442
60.87599682657522
211.29549823128573
111.19973171785865
178.7087419411301
135.2264876342452
173.50583378925597
165.21399996619664
171.0571252330751
190.6495285847901
124.35770550122174
150.4408513679263
175.61505844326788
100.25939587091453
68.64574336811522
164.39524290242844
45.342571878179825
98.22185895858216
110.94552999467338
95.6426567326067
172.4300775650174
40.154884278559805
177.82873846189116
89.25242609703305
150.7296928496611
47.615803449846155
180.212373793236
168.5982339041574
180.753846334273
58.902839026011264
162.55134904010853
35.79889187202151
116.609103620948
202.26446962121184
137.82812505836685
182.41104612085036
155.90306166958877
59.21492334469624
172.40275334078942
175.70075568069765
51.76546510454613
135.52044910803536
111.0702696616614
126.42906279361982
214.77384559586775
32.81252663168285
67.9834311035491
116.13937620370646
145.6945569170478
64.66358826077614
188.50546076346902
87.78332273294123
95.74381814043467
105.85751834144192
193.49004192321217
224.9442056142151
131.91294425596766
132.7419391961405
115.65685786904832
193.86368787917533
59.278773376877844
52.85784824581158
70.72859438673196
178.32097537038362
210.95988638656053
213.00246088655535
206.90672798817184
149.57550112416993
195.23924930229072
114.55007196830765
172.244211844891
186.00315178718733
124.97472837990239
162.7311422748766
175.94347598198252
68.72880590287218
116.31545508015148
191.37789827353387
210.3395440706933
191.32522626520225
93.96545849057264
74.36223667053919
78.72646809663581
157.57833477255681
46.39456202885089
54.161153594812006
168.3011474103547
87.7886616203156
160.29701232037942
138.18464681602725
116.1600667747719
112.44731708151153
193.50712338927207
110.10934356854446
210.38962573101577
96.6407610996022
161.8868701070256
202.72021335993261
169.55776003387143
100.41254054037277
70.73164823444195
122.47711605057557
123.33698051327264
43.55020836685858
61.079100204096
133.92811035629967
205.6326268053492
154.71240152450338
216.492274371089
64.71637108355615
202.63693920311997
158.5247748949039
212.75338520165576
174.60356123337863
120.69912795518418
109.71774928096012
160.28574943355656
195.10641287319342
150.59773176844465
162.18247193932424
139.00519722993786
122.22544710491933
149.58328717100608
32.247361565212344
206.58595974786095
154.33481458936507
104.31165041505294
125.91529075672076
190.19566447174924
72.75430076578557
143.0466605524925
50.102955750584506
64.95149437899705
162.27964489499902
129.81082378243775
152.37121150262635
158.16967192725076
135.478127410975
179.43319311183083
188.50325927847624
213.34760068690767
40.6929686161561
175.7754366125771
213.50573910472872
158.92156656805986
211.27890193299083
37.99628457166401
215.5863290361316
39.95739619582076
99.48833468929877
41.550186114817
91.06149311278926
152.44615022544696
225.059563187278
122.68888609494971
192.29732567142733
77.37595494677397
115.06263448392426
82.4147836648929
146.25675224536394
147.45991659210708
122.45479295898785
87.20860474927319
175.15393975293367
169.30493619312332
29.70846599927871
194.82825587515106
87.51101776923788
198.51783912007573
73.18536762640342
178.24253158640693
180.75345282615933
154.20731620116243
126.04456528030244
61.21764522140094
102.42415996044672
27.944613192119178
106.84614621414458
85.06378173886928
159.536141913194
185.8858705651476
146.7957936950703
37.18065254106596
161.6484001602125
84.807278001894
157.30122749950698
31.480380152657244
31.59513114343613
205.43978411767935
186.2417670781778
170.58517064402534
204.44075462224617
173.27903967605778
33.902580320986836
206.28986795732632
204.90559038482823
169.90602000786865
119.74767386686194
202.76216865908236
159.09667767258307
191.6214028083384
136.6108851110907
54.23920840564221
68.00940756351
159.626965491085
63.58624418795897
51.99398910997383
86.64186815003461
177.664507808365
134.97756532289736
157.921319852883
206.37993866466599
221.399231245362
157.3454507121089
163.8417012259152
124.65790059716025
91.74865883926583
209.96639009372012
192.25920457493746
186.74511852619906
192.1855559539508
32.71814168947483
145.37222072549534
193.82829631223322
208.9108281340893
128.7716283711092
211.1687901271201
135.95244327861573
155.48950908820865
73.36455405635343
206.46525033425718
134.2876329833401
210.37639607547692
80.26754675661071
70.55362512177913
176.65675084134446
47.88734931285688
163.0115670993069
104.82687155298827
105.87706966193322
193.6038279598178
36.778134680919706
99.52567492932822
217.2127444497412
160.24250703109655
209.40068666556962
143.95779785824303
201.001360196078
109.75213809688843
193.08467819657147
102.33535250790428
173.27554650882763
60.698023696491084
111.26381181965513
63.43503591341303
71.80450444267046
216.43063986226846
134.89334654164222
76.95627359535325
194.68917404332743
156.34619939313066
200.7665839918831
186.71758237185134
45.67112783013456
42.527667351935605
194.65881292439062
79.50338920472998
214.5130122924901
56.21865448089711
100.43897431781525
161.19956047452868
174.99551938276085
155.4081408004595
195.63222839592243
221.86566324638417
63.02278037061058
90.93112151389066
172.78750134029127
126.40787061390638
162.25999183994986
134.73667351405504
174.4846545358002
166.3702802390107
43.630775915803824
215.61730771573073
154.72831495268449
181.09888881399758
118.36216129946898
199.56057774705343
181.55527303918078
134.670373437309
148.75407710978305
209.0485341497289
89.78985172044136
216.36913347280858
183.86183605377354
131.11186461456828
185.47634078587504
70.43170532241085
178.14698572899852
35.502450765637796
149.56534807080396
102.78834352969842
193.3378759582475
206.811539550022
191.48519879306474
37.49468834924721
37.514270159128934
29.811363644411614
143.5242940917604
43.44811098666482
169.6433285989977
132.44964363819543
158.71133960945718
101.69654446252885
27.58931583431719
80.80581189369116
164.0356253994767
179.82568694698296
68.03247431397313
202.24557039040437
221.31270601320296
203.22764676799176
178.36176057216858
162.5329513952846
105.35105560196384
40.978912605000865
170.9610096223995
175.16294389830438
195.2939140703897
147.29918400322924
158.8488092698867
152.32348061377056
189.16549956730563
146.84809833294656
41.87471840062459
129.00504334499007
48.172482637512815
215.1422113262518
119.82854568248919
86.54758308724587
192.1843918594814
220.04892130737716
166.2694009796493
103.93398471705133
150.7266970170214
139.24205135533512
112.78693097181664
57.109898783738004
73.00368279187893
188.5481091210644
63.63462399279674
161.4899577096698
150.1811907231949
134.22687366127303
198.73150204620006
212.72117536947798
144.62502653673917
119.65567416221988
72.28984266190426
107.81899115164998
121.17877489360993
26.00666434477981
56.31535025836418
169.98509022108502
155.6153732043233
213.8470812923821
202.67230509640416
207.74191500208184
200.5843625862176
196.0553914034284
184.88372212194912
161.35192518683206
165.65770635845746
180.66219152026022
196.32090102740864
201.81203580027835
190.3825103645985
149.5974821629945
191.40646262378854
125.77966776700471
132.4800440263648
197.59892403459506
194.0009548346669
146.5080686795112
186.71965546305645
192.407507481807
181.5774203174415
184.8635068520513
108.32326627623063
206.66210427590462
65.18298121136174
114.43332058533107
149.0146677678106
190.42944771892783
143.4721665544499
179.5740295261218
88.96987295438014
214.1053184207
195.11978899930324
113.44738467737857
99.0692612927519
134.6092951077488
194.8059415934096
178.34044761572358
137.3718301281376
172.04720127727157
182.70568201747756
184.25012901847373
122.47711605057557
152.42325140967318
196.19212044213572
217.327236095028
64.04933478424135
65.25781231879127
193.79914846679353
106.01011446685999
196.27080110167037
161.45841056488152
159.42564233607462
160.73288874027847
200.356888168393
90.22140708224153
60.86589268936101
96.87704935894094
183.3390805308189
144.23294144481574
185.66370199988233
204.10573665279492
115.16648448327173
91.01678461270086
49.63866297289095
174.61379616737628
154.41284619640734
189.86302933933607
60.38436229443282
164.4962239090519
77.20778073221382
153.99757031714782
202.8758207149008
92.16345490839106
175.7607341272495
154.56956572129815
141.328242645886
103.67868840181984
110.06326908819815
169.89059255413017
70.08952939894833
119.16167350365018
175.95452355671583
200.89854102147444
51.262302469417776
189.05348609731175
130.19821920067895
190.58306559441348
98.32931286720068
121.43500517775897
204.78891254073116
44.00393432438021
76.03486966263083
206.4042990789995
163.8981101039127
162.66718463203
85.50196622720335
166.7204649089476
125.07929775872725
181.64224771345002
183.44510027122269
52.86800308941195
220.3137600445872
192.49972924702087
195.09055600523064
134.1059531859029
41.37670748183417
114.7293948919135
84.55755425555697
56.6564598680041
65.16963651594016
141.22934657064496
168.23025303217227
48.60596454163067
134.5069415287746
46.47095036753021
182.25581170925346
171.5265556254033
96.50308207045416
165.73847115144727
182.4893879607611
195.0838680817641
184.80713538009732
162.36592934491972
148.7011538720463
89.19450241353182
71.5284853421428
63.2036602912284
90.70674014060518
174.570836110315
51.53391441267487
174.76893088734343
45.07295898426725
140.3065534037728
210.4263638393873
135.5575065538612
102.33535250790428
157.82376467232805
132.62613368027718
168.69859190435722
100.9673593973911
190.51218579123807
147.23016874084638
53.18416492716988
177.47083055170307
166.20409634189542
29.163096052729795
127.67105734344122
32.45551682491236
173.6065651656442
142.36439783731635
103.31901595127331
106.52238855094403
143.9348993911162
159.05879513688686
63.03661583226744
219.83385121605343
169.4826795315065
34.79537968936552
123.14483320997657
168.04299461257432
55.783717068732116
104.35561302023704
88.98822797743412
63.60448008049971
199.01875669227647
191.8356242589318
104.80833349772632
202.67783119885638
206.79725583551797
206.35474114392514
30.628718716127107
99.97703484282962
62.03622849227502
114.46387597551703
186.09033300998013
148.57164178860344
149.81048525407175
177.91161902306226
213.6397304297252
209.07686191822134
136.42843442973975
153.45877576643647
78.61205156778352
196.45984044386017
40.13085226754246
119.19603847746372
144.10196056475692
199.9276817462769
205.03250958420728
49.52487045968722
189.95789845866352
75.01597459173135
194.31133045041398
42.615955211240184
222.48930644109114
205.6394974134386
211.7078848873067
195.83683235985944
203.49522564258388
35.71572007358225
82.02265377213078
186.61793687436634
219.90084096526425
147.10776064976233
158.6483292260616
75.05437137093769
190.49748430622344
86.66063801168603
109.0315274658225
213.38349240772743
174.826777685357
129.5759525363127
99.18354760738534
65.64811864870696
178.11008728968065
204.68453711451613
68.88830935882987
135.18829244928423
183.5881632442687
191.82368068419774
43.91612018889823
146.08006904300672
162.52138153415208
41.655058657128784
155.50200755930814
113.97720403756932
161.740366372469
51.23683778535202
204.42430106666168
188.33563307219816
49.418692218943214
196.31523778620655
183.95428712088633
121.36626646272462
55.278122582357916
194.52802922138804
199.16351550350421
155.98119834758046
188.63112884848178
45.96375385415856
26.34067644178424
196.3043938657408
67.54815381861577
175.23270553523463
82.01901363165126
176.7457404907958
67.79080812050464
148.2606928787304
164.93358881111624
193.34266461852994
55.36875869578137
84.03998354910856
221.85967494853986
31.306704738936826
77.44397661713391
165.22921192719753
83.02570480979021
164.9606285870492
58.50629733704208
80.7618681954901
136.0456354570718
127.53032307160797
179.4361811690292
194.00129330620484
89.83004713472748
60.588264216334636
58.121318888786725
220.46825033707862
209.04309061456723
172.79182107321554
87.05786306565946
147.8160349279649
95.81630723258499
50.08705799473396
161.11038605047392
189.90278454234743
171.80222816923978
109.06903508232526
195.6397615185496
167.32884852197407
175.09276014928295
143.395679231277
160.9468023860107
47.26818253582541
57.36955299064441
139.43528083903615
203.88975669017162
89.44276125209198
139.96650518067185
192.262463211157
144.37471229235422
31.319293331996622
154.09099947321832
123.69354481280412
192.76643260938948
72.06752739911035
85.70112553839891
42.00117183023547
229.52137392365768
200.85082774854484
144.83374661101945
66.13831044938824
171.8178968106361
111.19157752328401
177.2088036722891
152.22742240412694
140.61818028836785
187.0147549267181
179.6450020902187
208.0717206871419
26.01789207808982
183.91055383969962
202.2091883248353
163.49736199491983
148.3921008829358
112.28151128667253
208.7448943449415
134.49577040113778
132.98250336654033
51.125059364524134
196.6410503333209
81.83101460429351
165.08484101152308
51.753036594896265
48.273276430838116
171.62846248491618
132.78399462931537
172.94044647692266
119.56428710619402
223.61139403373522
165.9631447725163
196.280185690147
196.80338797831493
154.2798371938828
188.96301115875383
189.14942143163648
44.32788357119924
200.93136192535266
190.38082876577982
158.18539759031685
54.1247945637367
104.57987264502711
185.45998316575438
97.89174799359182
209.5835485952369
121.58117145953204
159.71908080015638
214.60972785760688
165.0808370838495
31.11832546723794
168.6024674752431
94.91750863238617
180.7613630562399
178.4035527894283
42.89908872691892
136.63240803562402
32.61851860133013
66.29838113057937
40.45908438572229
85.47499028431334
32.49311357928339
96.84018655676104
182.61186162580964
144.51588813122
179.09751927633576
187.7131430778672
208.74634596678789
177.0011874343049
180.49889072771413
120.46489046252566
47.343170747310594
68.50360273018063
185.4734140322455
214.36770526576515
48.345554655365525
164.93499959273387
29.450055282914434
131.33039740855477
205.93939549926847
117.31155798572406
201.20128633056083
189.33742449378718
155.42718831926786
213.62734352492487
166.38801757977149
32.30096168133069
30.880236793345674
51.88236777016551
34.38492223233637
153.5103764931778
186.17568716642674
114.6911708435849
54.0617508861116
136.82272012268797
167.46920922866374
190.9942734214466
192.7206662939082
183.7981794131121
199.55330530419144
91.04310268945088
180.6274372215149
86.93055043556592
161.9977270126189
199.4008332684066
41.49679007664432
125.81184195444297
35.89415865347363
147.16737117234516
42.95342196901025
97.27051308347669
176.27090947760053
169.13832700626685
164.91346653287385
188.15233047758736
44.42243114272805
72.02890357398047
66.22282104230008
197.47229740892402
140.11308627840504
220.5315776585353
202.55559526325493
90.56868635066253
84.29263980535003
130.11783157022884
107.00284358437214
184.15159251346861
180.89500507836516
48.313955563585864
51.028732494153275
190.76482502331876
109.43999306912453
128.8943365683512
70.41125508142014
151.04104648347007
165.32953082533479
85.69698628412917
177.98766626133516
150.39809997582768
137.688353861468
98.48945904239899
181.61515877766072
170.9996989620382
173.19484320087838
53.1961576679308
42.58061331728716
174.4308856240458
155.30343745226727
125.53497902628762
145.49462562283804
30.297566644129166
167.16888222736583
120.61537595154847
190.4321154267527
38.351679203863284
180.59030053622442
204.57754392648502
201.10798369430282
66.40801527761678
48.1197949093761
157.908130780696
82.86324385252895
102.43006884165216
102.03223500928053
176.3503268523065
139.17133166355674
120.73042415020127
35.3253431477966
45.36858001552643
215.53534588874103
197.01599918777714
52.276621840578564
48.16329800426088
181.42537194812036
200.7451158935149
199.24148382070803
155.03185985148912
66.97744889078795
164.9987775564098
48.44153004478049
80.20983049460045
122.42112705741437
85.58197188476757
143.76948127358926
191.67692744768115
217.38061287243355
82.16281294499048
152.5914841805939
176.40553669232526
44.00747544343204
229.18285528964046
199.13282903387278
67.85997276599281
200.70048667741574
92.19915137859081
187.59218354276774
173.91527050455338
222.66690154047737
193.65599769986002
205.38711639284256
149.32806037570066
162.13143327668246
80.51746450923442
166.90002384204578
50.37801486243464
192.0098840677552
178.46446572938484
97.50479241996197
162.98587750552866
93.65880896231758
204.8799882177459
232.8368922542323
178.49349021283325
111.65516864969233
162.14015142339738
84.52577326807189
187.18273059851234
175.56614301401672
113.50028969434958
179.98789387727444
77.31654502202773
191.05541428233914
78.22423496400985
200.41080385627896
107.11822044150564
33.19171498853278
155.8627518099092
152.14558782016022
186.69003195352343
75.12580704840646
109.81285604032583
197.5555484877581
178.13943769893658
188.7356985160146
54.25723862655046
165.34478738028648
210.5274023611276
