113.69901938862235
173.9137287563828
185.13153083876605
147.77452631003558
137.09816331564045
107.56148631925807
161.45478249090166
126.2871751567787
83.50369784908824
124.13157166850941
222.00690857247167
183.5255150680927
208.79170467801936
195.8116772007031
184.17058167878704
124.6473688528006
185.70715664315645
184.30205452416135
92.61272006076149
25.855128933122177
75.4508602491529
35.24934633056999
148.47723733135192
236.71648563590824
206.07353409521644
137.89187530129706
114.85791689825413
119.72062763333925
72.76810040251559
145.64550105913924
141.95886787085803
138.15728284276557
158.22787453411303
185.82620468112006
112.45807412979391
209.66552475186867
27.227365258017958
123.83518960587402
179.23304611649922
65.42823967828198
184.48578398008516
116.80137660630996
82.8420783337609
169.03059362895414
185.73794506241669
186.49439247221335
134.0282426075157
127.84471185314946
52.333769882838816
88.796881287891
68.86915839224797
97.49406221540458
105.7891267801966
162.48083649429603
132.67223521922932
156.89250086455132
135.94545367933748
53.344502165459005
199.97344969956706
64.81001875818366
97.29236107107431
74.59366156512603
190.2953456008695
212.04256473980297
42.61088504011701
206.18558816855514
185.8140083384028
199.33532554732625
194.68463440542382
187.1231177821075
97.76774941417861
144.82236101678996
121.43866178068588
39.68505580485004
138.06026860674527
73.16802289017619
206.814783773285
179.335288921536
215.57216479818436
49.244129427225666
141.15504475297132
140.8980713263825
108.68597319997244
96.29520172781181
78.5121953525787
115.12415406571994
45.47827319209497
129.4993106308337
32.594475368792544
154.91907063161426
170.98691162244646
71.6476398365466
209.77272580103244
120.37206764470629
41.87548344326352
174.03923412505756
139.567960483304
101.55973544986374
113.66452897776777
144.60701994063098
38.39105681312898
151.87083159365991
143.7555958507416
170.05925775602563
191.47178456692112
149.0442968897885
191.2447751660174
139.42611878546072
174.3837451219807
124.46348575472456
120.44016952724098
59.92005596033367
35.405327698416684
67.30580149470445
95.41430516136512
59.98917398503801
60.27976252860362
75.31335631460756
218.34963724071005
145.70778591504757
191.3314470151744
126.55313792227204
55.28185956195186
28.06520063433384
185.76599396804525
50.505315536118644
127.75854764840038
209.8532025095713
161.6617137507514
64.2166158023908
188.11765698754468
190.4552042622727
52.88416722745277
177.003222688605
86.68780992869205
194.37216196992705
82.58411046979583
202.2066427234669
158.1058577391574
189.46782435947804
56.429564272739036
198.7655742633556
191.80112433555087
88.36496833187181
188.7132904267789
184.38103451303252
206.50992845135676
190.7663330524637
191.66146866053253
183.84051874172633
132.73774356345785
33.50770094875009
100.40771609301416
86.65258956746521
115.12397668214872
186.35785006204856
56.088712117160746
34.39274352563848
95.97077148740362
207.35780409636274
35.22487465637551
201.51187552551787
182.95739186700436
179.7976778466252
142.71900249745477
208.7156235982143
47.82469576558678
35.170938262471985
57.64317996975825
206.45713068902023
84.6549475909111
159.82276588632746
117.55404410233415
46.93552925778093
179.7755232128426
108.46338041723881
40.734718347619676
117.48839151070611
219.61921229776038
92.29139159046395
178.22018270107222
187.0477063947156
43.26460791720099
155.92951982010055
46.76936578712368
98.59339581913146
52.5777129154875
160.61102340132263
175.9792125432192
53.17182924858729
189.6842939134172
131.56615887331915
93.17514353467286
198.79272391717925
52.68991778424201
192.5837501357329
37.3861892914843
204.35704838100332
198.43972336062868
77.48912767258739
212.3637623845902
139.95885382764007
67.60526966797579
100.6467013814335
192.95766999852341
162.1688020209699
133.93029014629838
89.90161139574417
164.1333666921826
48.23506182525112
53.56724269458667
156.71722276419328
178.68583261718555
127.36012871720673
116.03182589347158
158.1669567101576
164.82391115897886
199.9038197494618
217.69843744002196
211.66490706343288
211.71302510329096
163.73631098433708
178.27844253041573
38.6755972238106
104.00037842709074
137.81650859118923
204.08052790701532
171.55476775333005
145.5519673802443
135.20893544825512
47.79221712655112
165.12243968210274
184.2545526641055
220.2407922829078
204.29012823329253
102.03657533695234
167.38485650622212
26.91769606518223
109.55854573322362
46.05113336012485
39.06903172409385
197.2416662610818
114.40899940180729
163.75990913105824
91.64366629412618
200.51447211965706
83.84591445537347
189.02361997367552
64.90978480748026
212.30695987768158
136.28741213992294
152.31289982143883
60.83174069837562
87.62085866032818
47.065462286294476
170.62373166331093
57.09821326067685
102.20450542993864
177.39194314712995
183.4059395385436
201.56718746937034
174.28382740182164
112.97703112673744
149.4830657823363
200.30805901347222
93.25271418758338
211.26240067137167
100.89954300192365
168.51306590108226
120.9006664327509
60.64867557953132
116.9747979339961
136.0632230692265
90.22401476534091
81.13546072093777
48.20328597924821
67.9790795810149
207.30986758221457
126.85270156912614
150.8961822429552
157.16028510604653
185.22667377981338
192.8726140738351
189.18813254192114
117.37935424050633
40.88758113344684
91.80916434006802
188.36944012984554
190.09519761971177
153.1509575871147
188.2965468337214
41.70042424652833
195.5459422572548
207.86660757507184
64.65295731899603
173.13407913627762
202.57001255397464
123.41099165066993
161.52652445446878
212.4517458716881
147.01121194737658
170.6445072902576
151.6621405385664
168.42716331196257
138.309818133106
130.42266451346902
108.25218007279288
123.99540492794405
209.92010171579534
41.805637233326294
217.01378784570636
193.31107909069186
107.29081880704696
67.91819206426622
169.1335147903923
200.9997622361086
145.89771403006856
150.1813014364109
215.05720982937564
179.614332796249
212.21881469153163
125.42083745225416
171.2933880949432
175.7554681170646
121.52455471839504
139.00832925043238
108.94929890085129
124.06045933145458
101.28527503548514
54.345117718729824
117.4589148901956
211.68958268738717
173.6271542067592
62.71206925740361
117.06339453073012
58.13174782452969
178.03137888781913
182.58194666960637
177.41778844048594
120.90448756479044
128.87234241265418
192.436036088578
197.73138218490962
156.80175451946448
142.94825123130255
118.45353037796815
180.31313001898943
133.74015506748955
35.393250148453696
70.94872065253848
165.8314983769849
186.1428148778313
193.4621829314111
106.94666276803416
201.0937839573321
125.06054507025142
103.5086027625005
142.05384234359286
198.71907113308234
209.57053319104782
89.16242548978681
170.22201954020434
91.22305077537406
147.05804382823936
195.59114038943602
115.65144252999568
97.22268937188997
147.4107660941153
40.40604588505127
189.03758968964314
182.59786035124085
186.6450052781422
137.13690988526076
197.39313183119827
120.79477706208283
46.80049260974643
37.95494897388653
125.90562334638491
196.31396998900993
35.73619131829767
119.42964407911788
142.68342380629957
145.57085164752678
148.41638367656418
82.41148875666192
53.10738529797612
154.5422286800587
149.07336400477925
156.6872996953886
192.81873862500467
205.05952584946212
228.96685167773722
122.99940082795466
34.95213436806976
205.26620112494777
200.7446346165165
205.2454247865097
220.18238684713043
87.54664958184895
142.6936759432056
135.3277915415551
120.1897497564326
181.2348190961656
38.64751367055291
183.0821109223196
58.22180160889186
141.203354885918
59.800663435117464
211.4951281817425
102.09324020404291
92.90359003076588
55.36564313725629
149.5090241361962
134.1477539764571
59.52711128099171
174.61033984827904
114.67214428413521
87.85225242945761
141.1291932615713
187.04269537331353
75.21141251466204
192.69716438051083
210.3439644128002
170.6590540407525
118.91992347402142
83.67792180657601
215.82450685102393
39.26144004824294
203.9191111539801
119.53692234073942
206.38365003385593
202.2960584141337
126.98615687327788
109.59655217880113
37.12716896564542
213.65205389663407
194.86036360338926
96.35560466810564
155.31120442617402
177.52343048048613
141.48710259070225
146.64511764057707
69.74162018640729
200.18251901530016
204.96847316274776
203.71340669646096
73.62637664901438
147.59521836387947
137.39797528027086
147.46126610644433
37.615648395768005
52.71827137799397
202.9940144323957
48.49902086792364
172.93093298587198
137.74811103993466
118.41318916394415
204.01875305519707
193.5899800866047
174.1604769848729
60.73081223862929
184.8672197343245
224.3517682738812
63.07310052509977
75.90901749324507
83.99047724645736
28.673549082700024
196.28786772694278
89.14862310173268
72.98854712147167
178.4728311808435
112.88656563129571
186.5192555587586
32.68070073031652
209.4826232653378
80.08781043249056
202.2753552875669
179.36857853157682
55.719107110196525
203.72317576210745
152.6464549489447
71.33883469651367
63.19867477403342
112.90628430708085
154.06554909789563
37.56930692942383
204.2415806856359
209.17456867186837
133.36686322894943
42.16724601261102
35.8965374230504
85.85271572073532
101.34694621022736
200.5573157887711
75.54485811127479
192.58309064037982
159.6775314841781
146.37589271895646
201.426772662245
183.5522855273614
125.59664172331092
178.2589065669536
26.322227096512925
159.56155180061205
210.09245610315065
201.22706782553811
183.57692543356424
118.28625016733957
176.21643020843965
29.319353152179037
43.88341921172288
35.99526429565887
61.40707208129999
196.2968066573694
191.63540480375585
209.2208797043071
191.32778830348286
207.17253028451887
41.267927793039476
194.42825869151125
176.81048797148563
196.77284700457716
131.4425125678717
66.0751345575439
189.77722271749354
215.00852215223318
77.04584418830102
136.27927548936913
190.57894477243622
149.67500492978849
170.59480382110277
194.4147833218851
122.06863519547613
82.4627041534687
191.4858696311877
129.4993106308337
198.74288801203423
89.01619554849577
190.20374194577127
75.96772069099052
52.79761233495532
196.14776962493096
128.38839634043987
188.9808044415155
109.87332838014743
56.78974806297413
159.23899203821156
142.75148798328914
149.3291145070231
208.89014122102404
134.3888975359787
74.37810666438895
152.76678992886514
61.421835303044865
139.22808347824434
96.69635211760647
197.6733308134302
180.4049069525803
144.82083329866984
72.75287505095072
31.556227692401375
205.75527275237172
113.99256043807898
178.30252137524548
225.80398881305962
90.37353290478198
144.5503854425517
81.07628646300512
201.6299916135584
73.74970358101672
152.5588783287165
67.58150054563562
194.26191995005428
197.40144896849557
135.52555249822453
174.83479922828488
196.93658765578616
181.9178031052851
88.21439642022574
81.5798037099342
124.09013625943376
129.11964903911567
222.15753083127146
200.01557767175072
141.27468838305617
180.73882909952792
51.067764707194016
184.47385222292252
154.22390364945096
90.10752391990845
143.2744036866317
151.58983757741743
198.4559368088921
179.10312337017078
176.66527750133463
88.6357383063008
159.9843582083584
134.02024658336805
94.36002838252662
82.38315112825526
198.6161741009266
171.24636336459488
216.61171854044895
166.13452126946592
190.22702269368773
103.66113761042239
186.2477245166876
182.75268368191558
152.5242411991153
139.15577599864486
194.52551898701603
93.9855135566805
131.08551263240864
166.46215296250554
173.41908780053168
81.97035462807622
212.30052952444365
87.20317724274707
223.18950608284015
70.83326890791818
155.9548978756333
162.1743789201768
137.85462872439072
186.58785578616957
31.857105193699116
137.9743398351933
183.22059558808718
172.3612142866529
106.68946658468442
109.27533660394081
200.96262705929254
79.35602212879849
149.14898977728546
182.9078132067291
180.04776652251252
66.20883382645141
172.6528786339991
171.85341194338815
217.61159652117763
168.79655953757046
60.174579422108465
83.10972743980818
31.685750937425432
72.15671173715684
156.3432695885104
179.30448686607954
157.89118991981624
41.69053558251146
145.8875766381589
198.50540358364407
139.32386535547266
139.64872419276728
126.11596729914991
61.24528396873222
205.01969992202572
51.35433244615417
29.8297089555577
177.79467738716312
193.32003291089143
183.26263216439597
191.18464030523845
195.70985719923635
182.81590911785167
34.89827986957413
75.04393698186014
88.27443315101442
52.757526292615786
129.0257429606465
199.42746611926805
136.65928099485885
205.2859071770341
211.40797199126902
73.89086226545318
213.74608254951607
105.21486869747532
55.86678634766385
192.3122074307101
143.11611048938062
201.0672079031638
212.6593546222497
179.3435227793925
178.957913243189
185.53509354471825
212.4765274778651
192.44792456213233
147.54775810300546
180.07943421175887
99.89228162417677
183.41300926247186
149.13045986964508
73.50112301186896
80.33661024995386
39.19953417899468
130.038081507692
188.39431758098848
112.6184585850992
63.52890439034725
160.8213831633403
139.73234386503793
130.2299162067727
140.95114687376474
187.69244302244587
176.51152597082543
197.41719626484976
156.84211677808233
144.1851194705689
139.3909028574845
114.56889211373087
189.23951173067118
91.27765496309875
181.4011292193648
192.52426057795313
214.1849944367952
104.16699494769773
175.96137675305795
205.71186793090095
106.0800293818113
194.88228047660985
153.08327106252838
83.78013378377952
213.7175499119911
192.20921088534567
155.4851436064551
102.18259155760391
220.21986089613767
209.4997257163742
129.4457305054026
174.32561443523042
230.7258474461896
104.48261213206827
204.02759239546972
105.64503284736334
204.77399438558334
232.30114280517637
63.98553094031801
158.7029480819537
98.50251867578214
56.39751262764294
200.16805007725986
167.44102398948056
186.65908433604494
92.8261029330645
192.85056634923117
191.534316800857
164.24728602714123
180.93683221896822
162.24124174364636
104.61504810935917
173.08112010429645
35.13516242036257
144.72878435747816
29.70404512209662
166.2446196458887
195.63954535514415
69.5118746173444
170.55115534427782
96.86149440155219
32.278528697806166
174.68345791750292
36.68446140391859
30.197372457194113
216.77977811884284
164.13451469337565
58.676547578362
41.355526205297316
201.9699315436377
179.7685037455492
64.14080595885787
77.43332991573665
115.43844399196561
186.37548994853728
203.37997175894216
33.666344515964845
200.22611474608456
63.70680155896823
130.31434699133828
157.68261653712116
32.49422998306218
152.04716519298066
67.72809490174572
172.05424902238033
91.10265274995616
198.12784227136297
117.66142410972581
97.09388644252431
112.95373457737793
83.38528631583213
194.15181906528596
120.55206823206566
141.7688606483541
234.46382669084213
171.8276173467224
123.97335768027922
64.80662683650804
221.39406547567748
122.04543922043403
201.9244570083548
220.2858195662787
197.71711926149354
142.36997504704624
99.39027153114009
122.64908643062108
190.55165541118626
46.408993225441556
201.64403093528276
141.45445797019403
186.99319732593625
63.574384329535114
155.90694178984657
82.31676270755564
155.65636935808502
136.6368350094265
104.63206389141943
49.33484052620638
160.79284596805348
39.00730663316299
180.78972118738946
148.21155597449658
198.77395006585235
138.23328724332615
184.36026745170201
79.12810254857328
117.38688041605967
31.62428587963976
81.91438837563668
109.8844371146037
226.0528354406248
155.57000635629961
146.97351515771595
200.9527909661059
202.73087463123346
215.31063658628509
49.200620598157634
144.90504664119587
176.5577209349701
172.46085559334622
27.645773244857313
64.3920134087517
88.10503090494984
227.8754008600506
187.12831919776994
167.00267789079504
219.43350097828022
96.38409796012542
47.27937247229615
158.6500221245379
167.6913868111755
131.5363875949442
202.3821020886596
89.11573858440123
49.52933070412341
96.11171083153774
194.63144616850784
61.95156399294938
73.1377538753711
167.4245745559106
195.76374561611402
176.04789815289217
73.19157082648294
202.54194445773075
146.34032141831426
36.174966343795504
80.5632319805281
198.87851267550013
186.6912372747977
191.99792672637344
87.13507720121656
66.7373421002851
129.12263467826787
190.87181197053613
67.36073058879907
192.15478852040374
222.1984617822807
193.94338662620316
190.7016758125533
187.08328341793805
64.78428606240513
136.15277191507423
170.59705885911055
101.62888118073606
173.29699169093362
166.1373318975396
202.4380488962596
170.58306688208532
214.42324734640786
153.59072685886818
122.6899724893038
47.31045967250154
195.2172544455038
90.34401825165341
68.88443352443703
163.49010086221423
206.20546368603502
166.52716466884323
103.16746880120077
155.5599213562864
208.7640791857642
210.75505384698403
147.81427808833007
204.1484569670365
161.29862570901707
33.33056993466483
207.5631842099534
66.49489371990319
40.75304701040882
158.25613158798473
155.69460956241727
170.36576799478206
133.90555382162822
67.20726228846944
160.04431673689209
158.1975381849543
59.039450152369476
211.77532652209396
186.68365259179953
200.72970067818994
37.51067649800373
59.894794571454845
157.67974638058925
164.4909241140027
202.6105976585163
212.40033850981854
138.7948815134276
157.44039407728295
142.8073646655598
49.19546436300574
100.49736224545558
51.51312707782209
94.79620054327958
126.04888540271672
89.15229514666828
231.53216259420043
198.5349180309234
60.842405286447416
148.48701356837128
45.55191565562477
156.03921736204836
197.18385897296778
158.2846930848559
112.84654090017798
197.87626690903795
138.9698111850825
186.8716615191978
182.98298775242856
194.2744991565056
174.48746697441308
56.059181460372635
171.804985272505
148.89098694718902
177.78518766116056
182.80445689014545
222.91708557870513
107.79938201328645
167.22368234189088
188.7851845146087
82.4260509641798
201.6423925897077
182.53215242155125
200.68185948114927
151.35836271842882
34.50057481798503
198.34865700594634
212.16985290006167
148.35222461786933
187.10782550350376
89.09860048402359
138.33236910549266
125.61127074388446
68.2878438313302
186.98974170570764
175.0516189403909
147.21754386085854
183.23084976470724
174.6903813346478
168.78005419015628
169.82534847786957
149.12893802769864
149.96470436694054
89.57830089390222
182.3437486433138
118.59779773247061
206.433376316498
186.6123898930925
66.67286754124774
117.30815290908379
167.89748031031846
27.439895388380766
173.4769489559925
90.22317651972024
163.34038080211852
60.228329680357156
179.05877576623814
199.61941432386004
106.05566386861942
191.3538567668211
178.87415727676887
46.6734224726584
153.47514068508343
205.51355305621718
173.38628696930294
217.91978200834785
165.8221445054845
146.36281312606607
179.01419771180656
46.23684269098516
185.76207029441375
224.4553241884742
117.84775533368901
215.15754852815041
148.28537268390104
184.70330589515018
141.4401940834811
176.62756225773646
208.53911441781955
210.32679987643323
183.70805979583542
124.29006962660256
160.70308828985864
60.682563344696355
173.27984795309757
207.0264990372898
27.531031935863048
190.84399455430164
175.53712537744204
135.9203719278473
205.30454423374334
65.80746997844977
172.7454078660132
66.87792563178893
107.6470538836186
210.2764098715043
180.0809631744329
106.33183825521354
52.67006370366921
223.0732296416144
186.09065917415478
99.125518043722
31.053330966689927
134.36066380205523
129.8710901774905
78.675118248374
48.95274594067707
218.2450665175306
101.71177633973092
178.17287629913974
149.75231906041122
128.09360849686038
115.54334875292791
56.12706197261604
98.34435430046575
188.93470190912956
171.60095725689632
203.31663908584707
124.12097779055735
185.24424318504475
98.38921800572155
76.88435289507419
49.562270780735375
120.63416509354641
192.44606983050974
73.08766224728798
218.6520381851796
160.4962606634049
49.3822792141389
172.78878618684834
186.15438238301334
194.48544514555905
221.25211893199557
165.80858196031767
160.29292435179477
199.27467840578714
187.5484384277308
210.35574597747006
198.91135367759136
184.2130438868332
50.053122998997885
177.16784602757343
106.15169502492864
100.26570012189983
196.32512645698378
159.76419281926985
104.16583434598806
135.32005068146043
80.43880564263237
145.83940592556718
202.4321341401786
138.339237015748
35.496183417170144
192.2521542267147
91.74329284498383
197.37142971725646
140.7743830755998
68.6430833903336
105.73584598156057
195.79858320764365
88.35669567186181
114.76396755268819
79.8174476219376
187.85933260841534
185.83854360821522
167.51147521085795
199.5050168333426
182.64063327654412
156.78693606144003
202.42127796628463
116.00990951613821
173.24591981214095
94.87868208659398
125.09107340605749
189.3209010560367
178.6669000528295
122.56090578546065
120.61815148208541
195.56431614861233
62.67286405781044
210.67092630004677
84.79550032772339
197.5507930830424
27.24370134161727
114.67141241593089
30.57804430895824
33.50686901571972
182.22076798824997
208.42713077632223
57.771605292727074
174.27985926595156
67.41028002539456
101.95683135038495
72.32659590586039
81.85669361704036
101.13258851107894
81.61108481728371
81.25189602754217
119.50234959982826
58.748835840994346
48.250339015287594
189.81187450350512
186.69660387174613
196.4248131904471
190.3661005373314
119.44901123177047
129.39391829960536
197.22138285203357
169.0479924039839
90.01179218054996
52.74016839728224
104.49909251428605
151.06159717503698
165.43684111714998
37.334220234449575
49.39147277051589
132.433453295826
184.17301633274667
33.04546434883304
60.94958321055134
50.26208254689501
126.60934471971339
197.04572344260998
194.06923155431235
42.648507969290876
174.36336435949914
81.16705122264462
93.94956067439
184.35006985786146
106.77169011083478
50.59639596124356
191.97293429743746
117.69863267956022
138.9105716276974
143.44278169980845
165.9107176458449
161.85071722405672
174.72985952161227
165.4774771845977
31.872960019957905
89.35996888865745
210.70691879489576
88.54492624942395
222.62829470086237
62.118765513093926
187.55244969502994
90.03486097295387
34.51630613672466
102.78138832439913
105.24311794015358
28.870424959918886
113.54081049142634
25.80355301527835
177.62303694033506
75.65583952082899
148.4552510019349
127.7398111970899
51.599121573432306
198.7337738692032
179.0282983950153
165.94216927734652
123.37626628451069
140.672160957613
124.6877246324698
152.21019250629664
154.68753797192758
199.17448353474964
174.12142395678117
41.0264619949975
190.55486248602102
173.80266742204887
183.78478937876562
152.48520208847725
190.0784474751794
177.4038989964815
90.71341308669777
90.18601513278722
62.078134885629524
94.51263385645285
152.46325803727933
140.69086626637272
153.013298566216
73.28703580102469
83.56558735779055
58.16073224204025
45.6555722491598
40.68157922307764
33.61573627348014
150.63701724601083
196.5755834712931
171.40729385906351
70.42485156082383
52.81760693661748
114.84050892141286
161.67529851816366
158.61784611259344
42.88922517920402
196.20415744600876
160.26742576621967
188.74226302947528
182.26557916338825
131.46145231920812
127.77798364957899
122.66553302339891
102.79050460138536
180.50897886737843
113.34819637891513
144.99116268721644
189.58520227449307
54.95728768464767
31.271983004295887
86.74956475218822
180.9482671279481
197.2631723694946
139.52601595850103
111.83088987568846
190.4727747256228
38.73460132597337
132.70113269121302
180.71305197513962
54.95578044005287
178.00649391005447
183.81803396442731
160.661432561018
163.79436642427487
52.952776590623955
102.39853155395409
56.70715685085152
155.92323536171375
210.74094782892956
38.13479638598049
143.84105931596466
212.52509942453204
211.4964784898219
213.05510353022285
197.25010802937936
132.350348041344
201.37834969756128
50.48889473467985
146.88443272529372
73.90992498853902
203.41167658557669
88.35628925361868
176.66642099109706
138.10932664665702
128.5952723618316
47.511998621156195
133.33803646494712
226.53129597708065
58.44539891323441
188.79364281831644
193.54876028947237
191.28429015117143
140.63563789232958
145.43539126486692
157.4485774361446
179.31010733167852
85.67808302127393
72.88297719104686
154.40252451076196
149.2643749326505
107.19477579020847
188.1026462481969
199.54623778543046
211.90296951385034
157.77814238435266
136.31556130117903
191.8032570022659
143.2449501557474
65.8730245757131
66.69203373024253
196.5088219416852
201.38956545196956
123.59105708796811
105.41736057825496
189.96613752480624
190.28655599955465
138.8843331194138
77.83213473527562
74.35797858554031
54.94255288724489
163.1861420141198
177.94628207231506
87.0462228250303
177.487863120627
127.67206384540175
131.28154135427076
186.87566904740837
157.78991934075182
153.50831193602178
181.1802555813961
55.387551479357434
110.239780727629
33.816676424671655
179.6962918508366
195.28497470598333
137.84318143815
153.55696379761974
107.35845310891413
78.80061800209046
135.3003637664359
83.85402319376664
185.69710933881672
182.4833935643577
162.48327876673733
125.75647885564943
97.41722066573321
179.38168188493097
196.2863796810198
169.70392047422754
170.92757753418908
194.1682537832559
133.55602265645385
208.85421167828375
136.38530956336243
188.60600063798407
207.1677030288128
213.0300895239735
66.762685956092
153.7623545665918
211.29590847067897
209.72185627673056
121.44034559509059
55.94197293675127
55.587430378896144
168.89439832667887
223.18093989564682
190.04545592169956
160.39238501078114
232.64450063046684
46.52164668772023
118.6433027632234
112.02029197552443
164.34006070722748
100.39095019559394
105.82214716879727
186.19026733447708
54.34920019901752
35.22443856884583
163.0403820863004
195.81819539246132
171.29328740998008
61.991527482066964
26.05262770432463
73.91916070566575
173.17950433206843
93.13853452710156
216.7160595512302
133.7114110424583
199.9000024325112
211.1794484187925
189.7758020948463
195.94279938844792
101.60249449688389
48.57902199533881
222.13143702731398
29.563668535447302
60.04375632261489
186.8344224647441
190.00176378172884
36.61704512768129
88.49676693444769
126.3756492869818
56.18228695929805
107.14883495716579
205.16025427768662
167.0740394766266
86.00425056209394
49.64487476394361
192.53037405870916
158.83147146432302
39.78545162075836
129.6914888758077
126.40236308008515
159.10520590304438
33.04331301201129
31.26085112871256
168.83935292964603
194.8411217748139
171.95885164630013
208.99247276088028
108.4622816669589
201.37868437329217
108.54766019134594
104.92765950666814
116.92244340083899
130.14555927805856
224.71087209207812
229.3172695272675
195.91357362762653
45.677322996562125
220.62552699840953
51.673923058289155
108.87993151736447
170.10181918848076
88.70897853600414
106.92406983737852
60.46138636994744
182.111031045662
177.24640361700088
168.70776538550595
200.40866393422482
142.41975872912892
41.19637598047787
214.26838649422123
42.291444723566684
161.34179821396518
186.3911377909078
136.8669277340788
136.1616023731096
126.24841180848479
63.66520472463877
101.43990235218641
102.41882056871923
152.9298857605349
140.40277277099696
93.78851949780149
203.02450500088918
200.5008662867593
197.41719626484976
199.306622762405
71.41568726816489
82.97488805172826
90.92664006395258
86.01674021452405
181.89681185865788
161.8651832397768
58.22286651121714
136.10143069719183
121.51771009870401
125.83639900368813
69.85654835170008
171.3374118730411
75.54210389195516
43.20865858381167
73.75357215072529
158.84165962918362
51.119212277015826
89.70323945451247
86.12810682260007
180.64523784268016
111.76642770303205
75.39046364161221
139.65611584572895
76.60920745454524
74.76591140121714
173.61283246362308
211.97864989277318
75.47311021230729
91.75504757459022
200.66175614684335
162.3165770501264
186.85958158898052
203.9382087559423
173.08287157524438
185.58436090362648
112.33928179660509
57.88744654986235
196.73697956258803
133.80119448393594
154.68919451961483
216.6283966018362
146.6548436907295
172.53929764440903
108.93271096435343
191.32454498039755
79.62786251449222
97.37299032267168
49.595249313039396
172.76763822636093
137.94315215565646
181.99878458804056
214.29533184177626
91.76572319708583
161.208332777213
29.106988073898172
205.9923916777965
172.49258708820815
175.56301847486972
184.48516888729333
224.05460699405037
122.65104491457916
214.46089710763286
93.6276065902572
167.97847983974788
93.24420536748967
43.896187939729025
183.67052175348087
36.705346373536536
91.46142783955786
44.76667525511662
163.84971504791386
183.89052042420042
87.09004914240022
212.46853786014597
121.03087282400107
53.1786914743935
215.52461934597966
48.6980101636428
185.3374029480594
57.29347906448248
185.6677115103854
105.14972697366659
45.13630524126466
204.95320788356142
203.68480009215682
234.50058163890935
70.5144771320849
193.66729564038914
200.2921961015075
156.19009728387655
129.0191486174604
79.37362841370454
63.337188110783515
64.12310957060906
151.23239017821933
209.28749160661553
74.32991219699356
48.405505785283374
205.25602412881022
54.659695120474616
87.93268748170081
84.33667394544867
80.12122688542269
91.50951308028408
144.5327270519038
155.29775421486318
221.40739180402625
71.2963418590439
162.72267708379533
184.5764813695967
199.5386176708958
146.20328168421278
74.1539454664516
179.58928582737863
193.86503891203168
159.39846793084314
177.87838082015674
189.30155695442315
161.84230808726966
111.98770962742798
28.364801042407215
121.64318847935175
38.5832305344626
174.4541713132628
200.554370803105
65.46777451351257
161.20214787354118
53.35033170029805
36.76063929538369
29.460282921671933
56.5833859482288
184.60023885203995
165.5010910179936
55.848361072128874
189.2414504917129
109.18339053641355
97.06786678508537
161.10921767202882
199.20745052830526
144.51801126605721
144.99294437655132
60.78332552380963
213.57264323639225
111.68117636024596
179.26252721236358
135.36935876489494
173.78422682558357
169.3127015460453
170.99244927605545
189.9128200477559
128.58814133631307
151.6897470316708
179.80343404042847
98.65172391217598
67.95580852031385
164.16852300906893
45.64138560174819
95.55475855198982
109.54902109049289
96.557690397788
173.3256997843893
40.1943436811776
176.9764623638001
89.50192469547818
149.1278346553599
46.67301051400978
181.42974117486565
166.14977435761554
178.68307605452375
58.77943547244586
163.31479975644186
35.80967505368725
116.67701503297386
202.4814216102601
137.2030462569384
184.27247311942895
158.3441511227678
60.47377930446178
172.1221088457452
174.71370428708678
51.08446309919296
134.0351381752282
111.85205107294917
126.40127879075108
213.8778323459857
32.868446011366174
68.34550382250077
115.27972140687474
147.621153300106
64.6674950139656
190.09756461035857
87.02213678262783
96.8305301237726
108.31499733878529
195.08927127755402
224.94212856550334
134.81040198256997
131.50627220349617
116.72188043946045
191.77914445433012
59.62370415578942
52.682971900836044
70.76385583315488
177.39916108690673
211.8498665084359
212.10993429075845
204.81150363584297
147.46126610644433
193.8206420396703
116.0230204645946
171.27054722941205
184.0018912556213
126.11877937439702
158.98108571246374
177.0999618459595
69.07817918319253
119.8983636878599
191.80829675377987
210.50945928701492
189.96616982086053
96.13036833705917
74.88699057790605
77.48981461048744
158.62188330064765
46.36558270552371
54.16114987900919
166.7533675051227
85.66986526977738
159.70725486667544
138.23328724332615
116.098341966405
114.52397082434413
190.85512129791638
111.9968161166164
210.74178813471235
97.00992015072525
162.8807533858458
203.26204694197193
168.0554986431572
100.84144025037068
70.09015003222372
123.20857196588753
123.81448560077948
42.79811294961075
60.64362897858792
135.14799257111238
207.52392950583663
157.0369109570749
219.48758701902463
64.43527387769299
201.4033033238842
159.296771857391
211.5176956063838
171.71333524075044
122.50679156843943
110.67819885610692
159.42619826610374
193.5627162481867
149.79657993593582
161.96621926751095
138.8772959036819
124.94233259023633
150.92827293531167
32.01372185636936
206.64505701207622
157.9883648641943
105.09423314621745
125.08111375453893
191.11220117629364
72.62224008731472
142.67118135526331
49.86734533001713
65.42421152466957
162.42550731211512
130.57732004745287
149.5565303608988
159.8347266963052
137.42675722180945
180.29465855583265
186.1485390474367
212.44472859470218
40.66374701541809
175.60950297505173
212.2757173961771
161.477481689785
209.24149381836983
37.14178607305286
217.91292634245866
39.65073057787044
99.52046747599566
41.80222086384931
90.89930917897507
149.87198584843256
226.85755773173426
121.28458205206098
192.7385815054731
77.16313456286397
114.88872784984362
83.3939438256756
148.94475570787876
148.58984802633358
120.66003761743814
86.73880814777381
176.0555417921212
164.86298285225135
29.641020389142305
193.95377560368794
85.92427649992294
200.805323435981
73.59172199497826
179.10549180753813
179.88823715726363
153.52289616815287
127.25326616726643
62.00503106512783
103.85936801426541
27.995261538439365
106.2697737926281
85.50312313433678
159.15695856178965
183.97076732522214
146.88443272529372
37.367947722843695
162.0059959339745
81.81043600658755
156.51382843107638
31.204570157357367
31.59237393406745
203.50012824067454
183.14973630089733
172.1674974741497
204.3119976191974
173.5551114146621
33.539463243325834
204.7906871585991
205.47566012968818
169.5379373609269
119.396649129131
201.89053751944297
159.27330991057335
193.84861318725928
135.39780394342216
54.02961773752474
66.97850955170115
156.05969758923897
62.94534600822464
52.43815458256876
88.38760290655968
177.2844589226619
134.51146939497877
158.5955299152134
206.35476548942603
224.58198363918663
157.13911048018127
161.69418378008004
122.40952145782941
92.09166955230425
209.04386630729405
192.75931732920523
188.73754781020438
187.4250237225838
32.677684923673866
145.45087747394902
191.98267751947614
208.927049452857
129.20520032920365
208.04658759269435
135.99804102880756
157.0265690102549
73.19886994807838
205.76654965848465
137.61489026042537
213.78298158807164
78.96129569344774
70.07127776328964
177.78365362786954
47.878579948293726
164.51055292587733
105.57492136936162
105.16751706387225
192.6292212847498
36.704941459162484
99.29662210326373
217.75944233059667
159.96617676959704
207.93738130894516
144.69879059910554
200.0686988907761
106.57464555619869
193.54945068434785
103.14511745168413
173.52711187407607
61.58665315298273
111.69832471638759
64.36988814390092
71.72748882845272
217.258614963484
135.95506021992753
76.1852443063566
190.29205152539598
154.36776692495715
201.32368953234624
184.59050262222172
45.55587197965807
42.6861596111746
195.17143900462585
79.0261054087975
213.68160401009678
56.24922359244299
100.71556479337164
159.3458236141951
176.48962587119797
156.24086179041458
195.88629684542474
220.63877290760504
62.58169193091737
90.35895317981652
173.1371818365838
125.64097088711274
162.0621955998684
133.73824951312656
168.4354976889074
166.44087017970307
43.51488820642023
215.18239789711689
156.8277178074462
182.57503678771536
118.35447453293494
199.32711960570586
181.62908781052533
136.91030716214306
147.780960412583
209.6603114824682
90.5542664880294
217.9866489393889
183.84277069670122
129.75264350710572
184.99774832857565
70.54427386469321
177.3456720462794
35.46370236993506
147.28776083204068
104.24782121669809
192.44008018508674
207.40949715443858
192.06443822133087
37.23624449726909
37.17199760284938
29.56998209206142
141.63997235608457
43.2780644011933
169.88216328941698
131.27985028172216
160.86384685632396
103.824266279992
27.63151685442948
79.53056002354595
165.60226462604882
179.6843075242818
68.06733025641351
203.75763796921763
220.83520312587723
203.95437008523905
176.5820127858923
162.53495394715495
105.07178969038205
40.53186261985569
170.90965721164903
175.93535640164606
194.6368665755293
141.48324966719144
161.37286624877152
150.42588085436464
190.6047753246967
148.1206571789046
41.97057237833747
127.23522553698116
48.53823202299441
215.53001410895448
119.92718863846984
86.42674928645746
191.67551081091116
218.49030740727372
165.02780806469076
103.76979032201196
148.78699551631993
137.08308883181803
111.94985451494239
57.01347909959724
72.85645005484278
188.88023198386807
63.448294400981304
160.61083053179303
148.633462430473
135.53966797808712
200.6941216329107
211.27767638792727
143.1651158429453
119.38798175957106
72.43684138315558
107.28227161705735
120.78283826856811
25.988177873638303
56.114396321445085
170.7542133903046
154.59565066671078
214.28914488595495
202.1317565854284
208.20621833692593
201.03485129533112
192.2149953182086
183.98644826145684
156.01781229356536
166.514524529476
178.36352925701078
197.92898562216578
201.75785522282297
188.96295631132529
151.21148960637544
190.5955618576819
121.53336522107917
131.3690148585648
196.88201289147733
193.6603177808542
146.94450753196145
186.41572913505001
191.75870327070845
182.16735094921484
185.32495149819982
109.47506289049159
206.53190522974936
67.39879276901057
114.42213756322897
149.830020734104
191.0585683279302
142.83948633989843
181.71705051634822
86.21515568649941
214.06865495640915
193.50578141153778
114.74558143439695
100.24556676038421
135.5193458177789
195.15781660435394
179.16781738431123
135.51023362807817
175.1872522666192
182.97739482587298
182.97234252666846
123.20857196588753
152.65487726555708
195.7034375785852
217.3480329831239
64.01460914406849
65.19353931098107
191.03562114790125
105.09594668571752
197.14136592251296
162.9140431642744
157.0561298305655
161.8332698869733
201.0424590480696
93.81702815603687
60.5361686014976
93.11552901459706
184.68864243415402
145.8130468886517
187.2338764058039
204.44399599132672
117.5307546578117
90.99245142523856
49.88623513962578
173.64980772315135
157.49777095393574
187.76716045192327
60.36439005678592
166.08078815110696
77.39008620860449
151.92585131184615
202.51707978378158
92.39280607457687
174.63396391921816
154.52309055106184
143.54144680368125
101.76954070650979
109.6003539382617
169.44320711975894
70.07511587511662
117.76155091497498
174.84259978114767
199.98682509954253
50.73939568961003
190.82450172843363
127.94693363643033
189.23034592512914
96.71870008082601
121.05860118542401
203.11122169537842
44.12704261880647
73.28423904143003
206.5719556269116
162.93917052430984
162.1848658240655
82.83496114031334
166.45266056179747
125.6420544454588
181.2313626588145
183.57427582611908
53.09692953181997
219.93272239764994
191.1475510122196
195.30104590175233
132.86874432218016
41.33455529523635
114.9078706802262
84.27169544620047
56.216192022191315
64.87239087986887
143.46154372920984
167.23418847709374
47.75345228856034
133.1430370193586
45.78271685915473
179.94435397455166
173.781253013399
97.40683366405732
163.9951006586163
183.27667144999245
196.16948450440327
185.70248581381426
161.9733558295412
149.33653301911596
88.79443601763361
71.22767786257153
63.49843603040927
90.26472490741752
175.0260214933373
51.638319300091275
175.1273787395189
45.06056042565931
140.5353610255858
207.80515747919682
135.80451079737324
103.14511745168413
160.04704561056525
133.3889586569849
167.0110168030142
99.89738756428913
192.30652636107794
145.73967409906456
53.04836939772297
175.79719202842003
166.54795101052284
29.38573079184602
127.51654325440371
32.39745450258907
173.51803647776157
142.32528348651718
104.27866024554739
106.2705590478308
143.4899051586615
161.56809154759807
63.48934016648364
219.41941929500143
168.59301419399628
34.89930549753976
124.60939753114033
167.59867534358062
55.61428536962727
105.03112482834064
87.08324048879685
64.17870837113028
199.2989625423792
191.40991814523468
104.8022516219044
202.53897581663975
207.021239899161
205.6406263142784
30.671509608233197
103.0071471804657
62.568115681153294
113.63993056727594
185.56809016193571
145.71606267463156
149.13522171503766
178.80016647681597
212.89277481772947
208.48423194754272
136.90434665642235
155.2257513279853
77.57437297466294
195.86344212755895
40.43293990435775
116.85268652272923
144.03697651098406
200.1506320229155
204.09683319188915
48.65356742028383
190.6077953384387
75.1835706734581
194.83130309577356
42.4841760424305
221.35893777637145
206.08762454570848
213.87401518553224
193.48574943244293
203.7132567213093
36.325550876122236
86.43305424497953
189.07931219498644
219.39761396771996
146.04092766376877
157.7872993665316
74.17706886016556
191.19013497239405
85.6901596319687
108.67375018696309
212.1254540547428
174.6927207456525
129.8687352656193
99.07039830576633
65.64521127197096
176.44200404250083
202.6946519997262
69.1719994961833
136.73006186204853
185.1135750617755
191.97981680507988
44.1512888665041
146.96064098116562
154.48808915752934
43.21536592779118
150.49355398056215
115.43545152317375
162.09883494183626
51.067764707194016
205.0772373082969
187.2944122954129
49.690623693680756
195.02276014034248
186.9216630237324
120.50076950708214
55.52283392719907
194.33367260555565
201.43084696263838
158.13111233339635
189.26162487089428
45.806978290727926
26.357325254034507
198.46638555289567
66.8215060635967
177.47918156967313
81.85012637944489
177.50475479401172
67.82381281301708
146.94538444430478
166.3593422915852
190.7430394935017
55.42312006449324
84.67936866550482
220.34104377795714
31.429223686636146
76.72633155921467
163.80311793240287
80.99944366222473
164.30624354400925
58.32219493281193
82.71861890365136
133.74330098037387
128.24914575708524
179.33007599324625
195.15961895538013
89.49404710819533
59.26211496899619
57.88744654986235
220.91592979415913
210.33756869959004
174.6335565700258
86.73379022362447
147.1233114927794
96.24783258083778
49.62049621311453
160.89960018886848
189.92294638091553
173.48365854627545
109.6681805055346
192.38621580406758
168.5535632488387
176.95686630998398
144.33520565792412
161.0793563284183
46.832048390559834
57.219004117039056
139.2721450438323
203.61478874475924
89.87020097425594
138.34873135164437
192.9947915418624
143.03991971966408
31.242631418015502
153.78778934389626
121.21037769331848
192.15803177387068
72.13754193543085
85.39385969551232
42.76955870499282
229.06058300129212
200.44279987499942
147.95520805267037
66.78320246327208
173.79133384732822
113.8440646806761
174.5205149821785
150.35764573071197
141.5194218107166
186.92237284863666
181.07219983760282
208.16950480140804
25.97662349196239
183.0702663599932
204.14860973647203
161.99760772543272
150.08909645816877
112.39113962589205
207.55515274485953
136.8146128558026
135.8724194607745
50.45194138547968
195.50182218514212
83.39918310944003
164.8605254575944
52.938388997396075
48.18411503300252
168.03528662558784
131.19815870177857
173.80158630363772
122.26772806897696
223.31111669642766
165.25799788753085
194.70652609201366
197.29693411463447
155.54069738126168
190.88827190142928
189.39185876480664
43.96665546678281
198.46709721823433
187.2218018315656
159.27426284895265
53.2203204493339
106.90489815491654
186.2592219213482
97.00434939901051
209.84603551477252
122.80093604883658
161.18055310354706
214.17841563201722
162.94881401557964
31.29769548688724
166.86352434489785
93.60617890402037
181.38180573233996
178.8163726066027
42.77727067100966
137.7792118036841
32.58149771091008
66.5230026089636
39.70039320198972
85.72840131592787
33.04497499879629
97.87928693927581
182.81931286481014
144.71668019622052
177.80706601203318
187.91432467427094
207.9561491099826
179.1544602162722
181.1177929439382
123.7525790670321
47.37162522272511
68.85751492277625
187.53718041032306
213.76177966326546
48.699075729982944
165.74514447171362
29.492976623066635
130.22990165517223
207.39628584061623
117.63384950091121
199.86389401247536
187.47776731632177
155.3422516742127
213.61308174204765
169.0834112044039
32.27659216264333
30.878446974576878
51.71058461931908
34.22201897794515
155.07988534932412
185.67245058859262
116.13565295344294
54.1694326925105
136.26650317477086
163.64873293144296
188.60779239677802
193.43288924082748
182.8252380127307
201.74768829223228
92.35258552009836
181.7810959788989
86.61105312788905
163.31377596919552
197.75073629940528
41.15258902747913
125.1609725565083
36.06408219645752
145.14226077578653
42.847830367482494
97.2309696519694
175.23738881414775
171.26021682638725
165.01631707600464
190.67209112612693
44.40437107929238
71.56313999614797
66.28649507213811
198.91003665596278
138.73742439288395
221.5084316940953
199.44264584785697
90.81831706173479
85.25579186688746
130.22657235392631
105.62922198424695
186.68582929146925
182.14657995324117
48.81249204961325
51.338315107635296
189.7183713045412
111.25663738221104
130.07219131778652
70.33081128025476
151.39727114087998
165.75008973898
85.71956235652087
182.64379077367082
150.4830432889939
136.7613220551336
100.19173491262939
181.9119667042963
170.9721989667394
175.09148927940157
53.33594184953924
42.399639111027135
175.72118148168215
154.21547839481553
129.12441368709136
147.1218188220683
30.150284483838416
162.57480301155917
119.6347024389719
192.93383248287813
38.35585844678852
180.26406335060807
204.36871621182857
199.6756287886515
66.37125530146551
47.83274464280583
156.9254288437633
82.58898550730463
103.1148412904649
101.0637791540152
177.01600186000263
137.91328927262865
122.02327289974713
34.96098945806734
46.31205987589657
214.39492214814902
198.08265845772286
51.14038340617096
48.39215252831216
180.34409654933285
202.56588890778775
201.83508684055067
156.31851207698367
67.6909852596336
166.50309817498695
47.53434453665431
79.41118572697445
120.86902364833452
82.24769583668044
145.1298364834706
191.910871360391
217.86870218641286
81.44324915086304
150.41491584757136
175.8603179932898
43.63099648559227
231.74577294008637
201.26797100365633
68.14404745127852
197.76616120925854
92.55561521235353
186.49616335726182
171.95814845775928
222.3637746815223
192.10576063472067
204.38612157115782
153.04038807344674
160.70471240533138
81.0226573924936
167.9891095614392
50.66071280428224
190.82022484738647
181.09931078992346
96.80137630946044
164.00298404777146
93.25058205900285
205.0932614841032
232.72133857358764
178.6902193605393
111.10455222312649
162.84997808668177
85.734017554754
187.97318141991974
174.94157715451985
110.70666535582036
180.4208935573047
77.9385372288626
191.98132477867645
78.46298553223558
201.426772662245
106.40262028125757
33.28772317246041
158.73961562079128
150.93525305049758
189.00413939765807
75.61243889924057
109.77409767616645
197.50547284385192
177.94169000958732
186.49397634943503
54.37843155418466
164.6608809023803
209.3843487863297
