114.89536780102651
174.50607739113397
183.34468326653027
148.2290570830711
138.23562350825162
104.31220696875785
163.2632198049395
127.40072617097925
82.43427483107718
123.46674023683694
221.08370685720087
184.1222475760734
206.18683035782658
198.6566470843553
184.56962844405254
124.44674992802392
186.34441277520276
183.76781397964325
92.5381786111359
25.908490348612997
74.9441207356846
35.4993290169658
145.2714780604008
236.09010199034748
203.5014834653715
139.42246503736573
114.94031871642682
118.80613573629002
73.19062671034027
145.77012417102048
141.7001298640155
134.73254076699726
158.92598728527392
184.9570475789133
109.2866543007212
209.41509469727092
27.309984551587544
123.23447968343883
179.1855504655357
65.66011880028289
185.96780041980807
117.37553512528636
85.78731898023419
167.10239472657904
187.69775791095879
189.34442246378177
134.4788869533502
129.10380639459476
52.49186120264762
89.40743270262297
70.42707829970475
96.83988279784941
108.99247829332157
160.73057452585564
134.3603853038293
156.4674663656747
134.36445791175228
51.89371802672354
201.68430616390128
65.33105809871094
97.9995010611274
74.41905151239001
189.51776205257926
211.02589826728925
42.37576636876036
205.46054794898828
184.600135345658
200.36734391995333
190.35431247320065
186.49107413784384
97.42756556466524
146.70055616897793
121.42229590544983
39.549551116660254
143.23816078088305
72.00946856857246
205.94272877576392
180.8172649186314
214.91976295813762
48.49269187016909
141.5940417522941
140.68195421677717
108.75899106358055
96.87218918526888
78.65937643137073
113.40012899780223
45.70014450109836
129.72015926881465
32.404087338566605
157.5020216912189
171.6972571720383
72.56033482804216
210.88350262946875
122.99701957528063
41.95732060903652
171.0920174558592
139.76300720873323
102.38333743637624
112.81673628618677
147.85858153047417
38.33907565137114
150.14613222863318
144.26703070527387
167.11085093906703
190.05120927961937
148.745657839755
189.855595337929
137.49317121277195
175.28215648660165
124.48558666562299
122.19928979904515
59.240657068657846
35.537624857905975
67.99859209608972
96.13708489228081
60.1812290426815
61.4554712157437
76.10462404132277
216.98208211639823
147.29507382379163
192.0383920803142
125.15916904463583
55.04601947825757
27.93276666929348
184.63022343322575
50.26641292769408
128.27805344973692
210.71984983622127
161.29194029153226
64.0418014471062
187.20707527149915
190.87510844981398
52.64834987860071
176.70257408457505
86.6648649758835
194.31249306754876
80.98823306393872
202.8240120409844
164.01051109591413
189.52136659366894
55.888297931423615
198.0569547785174
190.9315775303194
88.47060112232195
188.00816082172426
184.60667961821449
206.7953129184732
189.3535776919
192.2732101672292
183.3333533971268
129.70467032703695
33.20555981773063
100.62832571589975
88.33178953758227
114.98435339303859
186.59849249698036
56.24575202506293
34.159027886740304
93.84495822761347
207.01398637715783
35.22030088605502
201.4264796353421
183.16009222040253
180.44357479894995
146.1941055969381
209.31794057082647
47.12559423262293
35.31794000505514
57.83024822040972
206.29178704355084
84.63856422773627
161.38533361112445
117.86105405747425
46.702572176540976
178.80331170974307
112.27613057567889
41.04514026726352
118.3602201205722
217.99619311185762
91.80441719865588
179.99661061483613
187.95857311755617
43.22336632710448
155.37031606058167
46.138258144380735
99.78262154018621
52.27918386370644
161.90790405153194
172.02088729705423
52.70490369449567
188.23031499086946
132.88813706211792
94.31513043218341
198.29942549579644
52.35377527534181
193.48355505010457
37.67808011206237
204.45017523974616
197.59381361715919
78.07851229106568
210.90517793232652
143.79873967781987
67.78163627155355
100.2622825951248
194.15681326272264
159.88140547384063
134.7538038774898
89.13360198945198
160.4513232797171
47.89932985460192
53.49681998916037
159.06193383330282
173.74671745988536
127.92896435642432
116.10897735189684
158.56948818712064
165.82121998010905
199.33392929333957
216.98443378773635
212.75562578935418
211.74808758127625
165.38362443138732
179.2671579679419
38.54817561245671
102.46354859915255
138.17064468204794
206.83556363611373
171.46878371996465
144.02627630539942
135.46896512564314
49.32879939099724
162.03218565252425
184.31191550136
221.00955021041466
203.82904935353216
103.07930672844786
163.82643851422344
27.180560097714686
109.88338825258745
45.71926171125164
38.56370802269725
195.65399416226035
113.79002270838829
163.48621913296375
91.94545580921655
199.57625813311932
81.52293005306197
191.71111738227742
63.486318050665474
212.15532973521067
135.42534264442793
151.7743082845592
61.2293759251764
88.30584724893457
46.882099557728985
168.40308413672307
56.8996422488917
101.30364907865709
179.84607774693526
183.51294245092146
202.6521577442428
176.4511294550961
113.88460401053537
153.09012661898012
199.39924147173215
91.76879700340409
213.24810616605328
100.57449671050271
168.70835656172923
120.3085650603885
60.56772074578532
115.14137420994183
138.68335335482075
90.50426948949178
81.2421952436939
48.20675258661108
68.09132374590129
206.26365477611506
127.11458681855025
153.65725640188285
157.18939068986649
187.32705205478004
191.76497503224016
190.47242258834422
116.14480595768526
40.94893633405555
91.37162103321194
187.2895018963419
188.0797884612722
156.39506760613511
187.3583501625682
42.06602650674306
197.51792242482645
208.15396124882676
64.74771352166599
171.35013787361694
202.59095251477163
124.92157463952648
163.01101041914546
213.17454332636194
146.34196802280576
172.43555183427372
150.78875615680846
167.6184492715921
139.15902520246257
128.81234739816128
107.92750957196073
125.39074734627738
209.74829490079532
42.69235730365669
217.3408465874296
195.41495450080288
107.42377192453392
67.96369427544955
169.37264618967825
199.45455995282327
146.42716932314522
150.41879963130432
215.2186801215343
179.63573891940152
212.29548799856397
125.7501972217538
168.55648682604541
175.4118024111527
120.4394322153089
139.07809504274303
109.5738097606164
122.99686089329762
101.51353245640314
54.38343003260624
117.07539944944871
211.83774750425562
174.8266340839391
62.91006048039072
119.06070523030576
57.59581240249267
176.37261407934437
182.15251782897437
176.50277501326104
122.21383685155791
129.5459819878142
189.75969821988406
196.70327732110545
154.50509504836361
141.5441145150023
119.56667368360701
176.76453770769965
131.93600768157208
35.530588484523555
70.2124161029629
165.38322520469907
187.78297799530765
194.26217771947475
108.51141060914478
202.0169882127883
125.05614275590028
102.79219217187949
140.24643105459103
197.7115301946464
210.913594524083
88.90117504761258
168.88199517026476
91.42674109897894
144.10551298692081
196.7564993812675
117.54086814654147
97.38923172027658
147.2828635799228
40.45916251373104
190.38894143531013
182.44588755014522
188.38552690000978
137.09881979942068
195.2069270981262
121.55850952642842
47.01003957517676
38.06423441890673
125.78124734217934
197.9348834236363
35.52035996014872
119.79914226753988
143.38605347437897
146.00607641791925
147.56626748826594
82.54002771478308
53.03073260499567
156.57879174914734
150.02752840432214
156.1623622052841
191.01177324135455
204.898753304683
230.5469317024331
122.54813240134852
34.92783491840904
205.91054959100404
201.2689825806394
203.5983167500692
221.06104931364703
88.29939467264589
142.8172200486945
135.06775696873214
120.26497935459749
178.4239368393647
37.981812462992195
182.0655248401955
57.756689385909965
140.7200008525009
60.1442428062694
211.5809450771898
101.56446055663332
92.94146776961148
55.57571114654222
149.68943555419284
133.697895757166
59.50808515259399
174.39992164874124
117.63819778756941
87.75850970906951
141.93930956702954
187.951273578647
74.09575059173551
194.50364335420863
211.82004344476246
172.67550874847936
118.67283806688059
83.65079680250241
215.66926600824522
39.68870105169567
205.18420376833353
119.36803578884339
206.02384103121756
200.91324359300089
129.2987733892241
113.15331065475911
37.08490464148071
213.66172540460414
194.6165752858778
99.85008013012461
155.319471022694
176.71417825704052
143.35340805815528
147.55094999971254
69.74195328943136
202.08397111173085
204.1823404824506
204.5512096163201
73.37940092547302
149.68958560829856
136.19354685476952
149.05986818709383
37.553746064329125
52.4486212792731
202.7372557367326
48.7592193272538
172.9353268348032
136.8144064178381
121.18010961117034
204.8249278213839
192.47168136518445
173.5835870551421
61.14243604610065
184.30248931827262
224.18089088464095
63.60057424537753
76.90123608586205
82.9716497377926
28.763981542527496
196.2979526155084
88.37657764485155
70.75781288690894
176.98046306352185
110.67723576439899
184.69967509106036
32.71819538004552
209.19358035116514
80.10865617132002
205.20390694393933
179.57473743717122
55.90823162184632
206.026422552492
154.23116649886867
70.90432582633703
62.51499562423116
112.30834825593249
154.6977559673122
37.47526916906208
205.29951951108728
211.23068131487037
133.47965239905926
41.879957343952434
36.12314106708386
84.0958259174829
103.3935534330284
197.94631214726851
75.46292111460266
190.43703316744802
160.4988301707626
147.5862240226482
199.70331532402838
180.89360844100386
124.22332802338452
178.39560984890048
26.23769001798706
162.21234897151712
211.59166256474032
199.17593635224696
184.5744924470969
118.53459096580215
176.22885534370377
29.427261326140083
44.26511821465027
35.973421987419805
61.94344686810111
195.56707367183267
193.67212213775588
207.02462784332468
192.66327862642834
206.80635719243622
41.35334465570488
193.05065444494696
177.28116546755743
194.5621814681018
130.80367404630093
67.2106321745222
188.84038425900647
210.37682441753338
77.21699363876927
135.00447715673755
190.74099596483686
151.80467646791115
171.97332934700512
195.18249318039628
120.9176834974318
83.33969624389488
192.98729637832582
129.72015926881465
200.31109980384815
89.32975589914787
188.953923785512
75.96079447059077
53.00383008432465
196.3747227447199
129.12430946002198
188.4760370710819
109.76581907593011
56.76226466385382
156.8903370910689
144.59985600645368
148.82310284091955
207.5361691454808
134.36319588859374
74.51217260105389
152.73465838898608
62.29117121567846
138.14112107417697
98.15566520274344
198.7999309434905
179.8891723407568
144.8998589132156
71.5794197779709
31.661951719248744
206.10381111791636
115.10783585616895
176.66451898451996
224.79482070803712
89.73618649286682
144.7467565635731
81.75683773399858
202.18032207251437
73.41627097039581
152.33301452846047
67.77387653165847
194.524344990476
198.11402788959754
132.23590173852784
172.1338665021071
194.2077146794999
181.38323297043382
84.86605930677128
79.89512183892045
122.75660597493285
128.10742732345648
222.54304779431496
199.7750144049098
141.08253680944335
181.09913789179947
50.83391119043701
185.42886375569094
157.4912652432091
88.04540262988509
143.9420156594329
149.44366602041435
198.6760899008417
178.19760940206655
176.89529848093554
87.92831018974245
159.19721640069574
133.79408418003408
95.66690305210382
82.16793905249486
198.37970864937813
171.4387888488622
217.1856436446504
169.44318411226863
189.25753965649716
103.87735447305187
188.2588947832618
182.1740096824637
155.20925743483923
137.73495876910283
193.92794396591262
92.78681940650004
129.82726560343136
166.04084440300795
175.87505765856696
82.68969747536377
211.3648500805216
87.04345216385259
225.1812759733422
70.73255314730548
152.7218433974196
164.51219773867865
135.63656699889862
186.57777546508106
32.02326273076092
138.4551112524606
181.9489950323654
173.86853644571713
106.24703989344766
108.74114268900418
201.32610150479988
77.7077894178628
148.44034301060654
185.2874382859455
180.56558712994854
66.11863330756893
172.3981115286626
172.1623606996605
217.0725548206339
168.32299018295913
59.493984046426576
84.38154783322761
31.728596272581743
72.89082446221069
154.13023356659235
178.35340694539488
160.76264663388588
41.69339914714262
145.47036341053567
197.94910995706303
137.42523219502667
137.2650945411089
126.2114346009843
61.050204270012394
206.0648437042099
51.91772237622481
29.869478956515948
178.01277396273557
193.88349206140276
181.94959657448544
188.23207632300588
197.78334661759746
183.93393963015444
35.16891996042039
77.86794008656085
88.25131612638054
52.91801263486871
129.9421930114455
200.6080895356509
137.52162709241722
206.13704014974613
210.59686397798532
73.75467419137199
211.98671685584685
104.01281804786879
55.75583746358327
191.56992762637051
141.88465022438007
200.59796281664745
211.58322244432435
180.23958573578926
177.1254972362772
183.7771415039575
211.37065370025786
193.19926750116792
147.78427668332543
180.57214901055647
99.88786006186412
183.80241322785025
147.78393948718954
74.85971612717465
80.16032491731663
38.99160770578599
135.13168748400003
186.8050695656458
115.22329835284619
63.55135340918276
157.49864256782783
142.10689508129542
129.2272893380258
139.45851029596665
186.39136927844402
177.12401444577262
196.88057844394197
157.26726230589196
144.0375710331406
138.64571622750137
113.77570916689797
190.34404640252004
89.81846344228758
182.53688063830074
191.72319161826601
213.98134711394684
104.43224148611958
176.3201929873334
206.18059600489667
108.06325561251596
194.0118264401885
150.60364109837693
84.14305232046483
213.60049618203251
193.30086971851054
157.62979640246547
101.10776878750383
219.61777392040275
210.41855078162146
127.91766974382492
174.39497007654526
227.61769961714654
105.71045671811814
203.82468360786183
105.65366109677694
204.47683964757388
230.0393892433896
64.14157549531251
161.73077886280393
98.41066236145008
56.53094654019628
200.26651125255043
169.96162430825711
186.41567526321063
92.9204734856146
195.76657375769673
194.6327357793416
164.3301907199096
185.21123422483416
162.77059097743367
106.455958961859
174.43249872703603
34.92619745131766
144.43213037204592
29.761677572762068
164.1310522916895
195.254910268478
69.85699179098675
171.0876835911408
95.73181414916449
32.19361353702057
176.10700946837142
36.10262583455687
29.96036790944646
215.71288041793818
161.9750431823755
58.86554440774508
41.131764777995414
200.10767807683717
183.39655127251336
64.57411608345987
77.7164932423632
116.58510646293308
186.98863481001035
202.39326344436162
33.75168410188754
199.59070593842083
63.41575560267204
130.16406978373945
157.95731615683303
31.98806439920338
151.16063790353323
66.6253169045985
172.597791586466
89.38372161760203
198.73814052566777
117.10328507391948
97.55937619236997
113.63190972398738
81.44680864538397
196.00133785910185
119.72460316207403
143.88125433832863
234.56534520444038
171.67537176701498
124.47749053925423
65.50576314845588
220.7035885005432
123.21383602051691
202.89986289394005
219.71460193039647
199.63638265985543
141.02016596932776
100.54694960507605
123.0615211496379
191.75243512435802
46.59274895729147
200.48554274984343
144.0203354892389
188.74063993251485
63.6712360884819
157.75783857106026
83.31879186378818
155.3152740560572
136.04829924580298
105.42849061871856
49.226081398741215
159.66962633629512
38.961848116206596
179.01688023523246
147.57549476787455
197.34473387526873
140.5735500992568
184.40248826143082
78.47143778391687
118.4425948719519
31.78829399022459
82.0263415311029
109.03327781931725
226.14395235762555
157.11037587174403
146.78420633970387
201.5563917268781
205.09296537527342
216.23104816955933
49.21746376830081
149.05897491898955
178.96353120055522
172.7875096652928
27.59787630534764
64.21246739099381
88.03393628095502
228.19430124219429
185.03711914547455
167.75961522410134
222.1694389066286
98.01356227799245
46.78241357186882
157.12172752285804
168.08663989263795
130.91602403341287
202.61560694397355
89.37423195410972
49.44944519108469
96.59011959878212
194.8731829502815
62.623119589745905
73.31546760926418
169.7872112109113
193.354590811881
169.98265886263226
72.65194544721038
202.15548607463927
146.1327876445441
36.16843775769905
80.18453175954127
200.56715612116926
186.06764908271427
190.42272078046034
87.14665456708357
66.18354569159534
129.4762683899439
191.83681915663936
68.45910723760404
194.2819801733551
221.92514056886776
191.30598093800086
191.52382968656562
186.21054328932377
65.38673938297477
132.41138171028945
170.30633985919596
101.02097616715247
166.50790662060152
163.7860929804478
201.51793799558996
171.4324745141067
215.34221269886086
152.66223984889766
123.49761548364094
46.068767567345255
193.3822389169367
90.15443778660403
68.9230203735106
162.34378790770322
208.4835715676877
166.07507183283363
101.18453664501952
155.91470150162837
204.516058947877
210.77698332231697
145.85613347651932
204.55891995960255
160.93732041182378
33.06504866434062
209.01293828295684
66.50013390908668
40.40663775179989
156.04089173141037
157.57100454474772
171.8007905447796
135.74400478002832
67.72043534679395
161.07135859754985
154.89828256462306
58.785069856840494
211.38735795960497
187.31586587214454
202.46707611981688
37.46305282184117
60.11541412037972
159.35456056139262
162.24986039469806
201.04900983335241
211.4056246512395
137.61743343910896
159.19193265770653
140.8959897791045
49.38705860538089
101.05219238518681
51.48872684663939
97.5064924213021
124.8399705841088
88.4730112986072
230.80527841921975
197.77178954045098
61.60316409565065
147.00250545198054
45.80465663619463
156.62312642477718
198.73489167339193
156.9756094369293
112.60274412509649
197.4366747412277
140.124731863347
188.34147893325758
180.58492732049618
196.24983348284164
176.50141253586776
55.671327830122884
173.06463635428042
148.7537352499455
174.97178350090323
182.2755135137422
222.94693595855352
107.62434605753653
165.95601708042634
188.6716988730035
81.90872736861847
202.05253209007407
181.96154736936154
196.52030822099735
155.20142908396483
34.470313697705414
199.8356838218462
207.48707781729436
149.63205720431966
187.86958890832838
87.16777686037737
141.02070219776067
127.77369270340388
68.70941352839904
186.81259054745752
176.28193231841954
145.49215893851405
182.22438127519254
173.78844984981805
166.91376798861285
168.9769546797987
150.2639236584109
151.49811595980265
88.74705719585434
183.11720081207267
117.59450424274615
207.05046194506528
185.10219688736123
67.09085445677442
117.49649278818652
165.68871596725197
27.43232068334041
175.1397878617318
90.70414437891154
164.77856496051805
59.94841086893883
179.99205067490473
199.9489307708322
107.86176000327778
191.51636060360278
181.2519299836034
46.2445799967151
152.4876109072568
205.9608799733893
171.45037736495834
219.24696374254395
164.85360835105539
147.25403632023645
179.58956306307363
46.24539626595296
181.47655382518357
225.73183306524754
115.13238855972138
216.38405499105556
148.79258580141428
183.56027420469258
140.42358745644694
174.48012821254625
208.58617533548943
209.440345370266
181.82946600907167
126.79538247592208
159.87245694099235
59.90210447404545
174.75121530681437
209.0591032733099
27.766381087747167
186.91603204598417
178.85575985009137
134.0403864764907
206.22834915945768
65.72795204444712
174.28276674564685
64.76096554662655
107.11597889231192
207.7472637720315
179.78990992551897
106.26515723267553
53.03820336948914
223.7992084200229
186.6557686028302
100.38362085443279
31.200442499104355
134.53036105590348
131.8855172025428
79.05331302430675
48.87234654986575
217.39456704956297
102.2763776584521
175.28065284741518
150.58151282760122
128.08678411823175
116.65368174920239
57.00001422935638
98.99430975941326
187.82178744123647
173.36764579103053
200.7437797457769
123.2692505109708
186.34208473872488
100.38727004007926
77.6851136083135
49.50447312102173
120.96460182838557
194.1033104758672
72.79609686670278
218.4282765744768
160.380988227209
48.76654274014357
174.64442793665506
186.77268422691026
192.67407100482978
221.2439932551002
169.33686153979045
160.94574631843705
196.68690514656498
189.4937873460028
210.8936239129584
199.78324476658887
184.31714490401143
50.534647989154635
179.20868717695993
105.24271492885104
101.45692223312126
196.7534535549129
162.42682420269014
103.63261858876693
134.87338336154446
80.84786764357325
147.1352238631187
200.515217951439
138.87578469869348
35.27310537421527
192.66905291423723
93.03792155254048
196.80103525004532
142.16968537893405
68.24962316780744
104.3119685145901
192.0135236973715
88.12719796885193
115.24796955950943
79.91911480717977
189.63315237571214
187.34345610535863
165.02692415745463
200.06433134765464
182.54457315529146
157.26732729307687
200.87518268648918
114.06375549765622
174.1904427183139
94.12306847438359
125.2180812603519
188.93514572694974
178.03375267388677
126.18763942135027
123.04310858909774
197.05285790131046
63.33466265296678
212.49814528301644
84.34728309480128
197.95875183526104
27.48484357115518
112.25143221942722
30.379329940679295
33.38223274030451
184.47483319782663
208.34677903655907
59.591326868814846
177.52346262786637
67.24904720843928
100.60234451141774
70.58605910627993
81.34110339594798
102.6850363514799
82.33949345820503
81.43330531916511
120.36914123370948
58.68759594004503
48.153868112970855
189.72146410814327
188.34595419091121
194.4094143599648
190.08153759034025
119.26865711503311
130.98032886273907
197.1315358432891
169.00437096172567
89.66079831926312
53.10676007486716
103.91959146166617
150.7648066735698
167.0030349777483
37.501315082667645
49.49054128829622
130.16852168529346
183.41373454152333
32.619855692469535
60.68620809241108
50.78534663498028
127.34983412898286
198.021888008341
192.96196061746488
41.97047561509576
172.89795824693047
80.25522110201736
94.95608129011818
183.9167493484311
108.44807200964908
51.2158333536119
191.27943481354325
117.82571809037708
138.47574758889837
141.83190063664938
168.75727345106054
162.21559961503024
175.73200877859588
163.79958926317184
31.88195705926305
90.07289953189655
209.73275759150297
87.98774239684819
222.6359865372256
62.75973128525525
188.89759447074672
90.1124389667413
34.399472810610426
102.42048587957176
103.75790820662188
28.79862432359598
113.44143889370731
25.776716039384674
177.26563185598283
76.29565430251964
148.42591152048698
128.62208320949225
51.45111153901539
197.2119768284414
178.35713639114655
164.34324914649372
120.54218500024585
139.36537508200016
122.43824516994941
152.26820022419648
158.18305046805878
200.86929950629687
172.5555964297754
40.996597666922234
192.02648242002385
174.79557502768392
181.46665266611632
154.21719253962132
187.03726619166562
175.103714463457
90.7561288161799
89.78338906221796
62.734200320518696
94.56622488997878
152.5410957898508
140.11840872317828
149.42222621578247
71.98977811797118
83.50936777659733
58.012663071496924
45.8451840211444
40.25056972124033
34.34532239388725
147.51130030993082
197.7716208591729
174.6790901994816
70.13351572487001
52.631638421384146
113.62119931217607
160.26621757380363
159.47259593316093
43.28280677510447
197.0939816725735
161.7348933190158
187.54215041450246
182.23586153277242
131.7277255866209
127.32734272735703
125.53778633988726
103.35488189127783
181.0466406896721
116.22164148534196
144.255248802653
190.23540024798626
55.3916551907791
31.47544032493257
87.02686891825405
180.05407463453008
196.54005623390927
137.7893008492129
113.29007320351946
190.7500617474371
38.904998067869585
132.1524512071857
178.89885531867714
55.13030243593588
176.92029825995468
184.2970805345009
158.56037504912388
165.9918119840039
53.116203126545614
101.66225810534121
57.06136370777598
154.39967710267692
210.70151580342394
38.07470950924773
144.69711339218705
211.78781665113
210.85377181663134
213.37188221615622
195.66596344335025
131.6036488293214
200.4028789966048
50.20760050161893
145.59068854306508
73.6050716099772
200.5066342453427
87.42217658078584
173.87312352548145
136.88213045504042
128.83839204319068
47.746258482733246
132.69164852254104
226.86326991618034
57.90679715352334
184.76568710794146
192.28012273038848
191.05384928617917
140.7393431326704
144.23795079310224
160.08327621115924
176.5323369623333
85.26992001982197
71.12607506273596
154.1724423539638
151.60730086025154
106.66201640830975
187.41989592570016
200.3571212756092
213.33212002669134
158.35752441699222
139.06093969242474
191.6772325255125
142.2072215437935
63.29797274397681
64.9054813591202
195.792587352913
200.12950900064402
124.86179694585749
103.65910399913818
189.82325177649227
192.3591180045654
139.1574492040063
76.8351227466669
73.78902521673099
54.73536016286212
163.55926446391794
182.16591989176723
87.40133731035095
176.03389083706597
128.09560173959824
132.56064175922293
187.64313453812665
157.57081608641852
155.5678519586111
182.64370309369684
55.057538164101295
111.17589245117786
33.937825887194386
175.49105502489155
192.36025154608757
138.47076883483876
150.23129535410283
109.01312588088989
79.49576789414512
134.08969098729187
83.99730030184134
188.4943329151745
185.129861588471
161.20318435219343
125.24445035090235
96.99863880366738
179.46920006438359
197.52201970744406
168.42063856973363
172.10712392369885
192.87033876709108
131.46188780530858
208.4107107659977
137.4161574171628
187.84039103482436
204.22471210236125
212.45626347989838
66.04288320686568
152.84909887521798
210.6712418122228
210.25422741241292
124.7959549039643
56.23187724977652
55.714612711951624
170.76540544602625
221.68309526115328
187.85493569141445
157.10717957181626
231.84527228568746
46.81679147923243
116.93774746569622
112.47385408940926
163.51829663334314
99.90484341196984
105.6485653020397
185.90398623707958
54.318869253259145
35.842589943546905
161.6844769183455
193.50293666688285
172.49200485130592
62.156964933823375
25.991193444901082
74.10368005493552
175.99432177573408
95.20357818541066
216.15141351966057
132.04956710328554
198.2854968101467
211.44499408669137
189.00717884208774
195.30265309677034
101.68289767467871
48.91863059783129
223.35766911001707
29.546054559947553
60.110131038323566
188.72597684017225
187.93649786716804
36.53506802506448
87.86782453716364
127.25556061073456
56.76401832249548
106.54118284580687
205.29002945477322
171.0983627213895
88.57128281594012
49.78335252516257
192.84836737105837
152.00667604748818
39.93028770977069
129.78854840091435
124.84706796149797
156.33104023894379
33.17708549918482
30.962344462326293
169.8044788870394
194.84497402761352
172.27084326092614
207.204597435922
108.39859188480901
200.14333987406178
109.02203125032705
108.11182016318362
116.7588480968106
128.9701349210857
225.20693937267603
228.72724781246922
198.4265868150496
46.112899805655395
220.38722878986906
51.13554423634708
108.89656366113724
169.2954237173187
89.27562935414025
107.9795795673444
60.66269907146873
181.73572660497862
175.51779323677584
169.2360550588789
200.52848021962106
140.44253610856407
41.08295819247089
215.14805819286383
42.45323795490017
164.13603815326658
184.32728698456702
134.6213264480701
137.11856662393484
126.9061192051871
64.6186299665067
102.08570681026981
103.86842334190625
150.82026328461112
139.04633673892897
91.12923192562565
202.31213843243296
199.88105276850666
196.88057844394197
201.06474976412161
72.40179379449678
82.26545262386755
90.17268097020161
90.29622349992856
182.13394790938287
165.17606452279935
58.122035947109765
134.81617462203351
121.60777388256126
124.11918345118318
70.15232348466782
170.4983216561412
75.93728864868051
43.32226250702297
73.80085059726693
159.26710115294753
51.20525232018236
90.82601983865808
85.4587720489995
180.03989187899163
112.8141671971956
74.85687030304126
137.32473353756822
76.21893856556376
74.61139195663864
174.9011888510535
212.082110382719
75.73510964983014
90.90865765723188
202.00634725765687
161.13712708113408
184.555897739659
202.40910283991624
175.13024778206616
185.53989355310108
112.76283417148267
57.31736853846693
195.36505372245202
134.5419678883847
155.3466332655175
215.7617317702432
145.89675493963418
171.58392389859569
106.86867455265647
191.59712868063403
80.7679117623577
97.01715362826705
50.28813347272816
172.70433848191155
133.92242052823022
180.2872175207841
215.04973681946504
91.39864159311153
158.01218066200136
29.047648536284786
204.76564289882774
172.16548413107614
173.64944674370906
182.913658582414
223.49680552639484
122.57654307422209
216.2137623725146
93.75393313507666
165.58661997892304
93.22534327110584
44.64907332499935
182.98786388796327
36.59478211294168
91.64282934828069
44.93526932088843
165.13951863111453
183.5955355920758
86.24699111655252
212.28334180083144
121.26709597976972
53.88260175563953
213.5941590874984
47.515138229168
181.07891779266032
56.40777213027239
187.14754772155933
106.86677204829468
45.212711043358
205.31397745181934
205.0381417996382
232.2100282715256
70.76586680154497
195.00580091301597
199.28929406790584
157.79879137556324
125.78204036396065
79.39290586460368
62.09927573965838
64.77251951578388
149.78590393186207
207.93118143182335
75.16768113596929
48.592594544520345
204.74700972702834
55.57658403948352
88.29396900569886
82.85059643825846
79.94984589813816
96.37035457127388
144.60050076667716
154.56567498566537
220.83274436178655
70.68425322360588
164.64495359776197
184.8651728230716
199.4546867065496
150.22233313060923
76.46597070361581
179.03271055614397
194.33392187591497
159.8217731199064
179.61308192335574
189.0790155845889
161.9880616607755
111.52709393689766
28.661906482855855
119.80058110196755
38.39256467931139
173.51281018658568
201.29561395879955
66.01074435252032
158.19269012386087
53.40112732100567
36.930658038875734
29.39142288044653
57.43365965046611
182.70189778406757
166.94319223191386
55.521215070515794
187.96599810264897
107.98883135637162
96.67248366839603
160.36261800375536
198.4485094215925
142.96965738700894
145.75533499261806
60.136527189686845
213.0277449427586
110.81615762387406
179.40225003919085
134.3240145652222
176.34964019334873
168.29652143317935
165.37223966530797
188.56696828460503
126.36756882045971
152.3954779407268
175.9466797508884
100.00509798465772
68.06481969579265
165.75619437923356
45.344060599872996
98.18387712421628
110.27225474451166
95.87364585784304
173.82534447226266
40.03197572540837
175.5877769068739
88.87790656070683
149.35293334136787
47.34779591332818
180.01135469345408
166.13842113297716
178.8633236617523
59.07852717924633
164.5273041998942
35.811388578063834
116.95533017602222
199.94519906435357
137.7607351572514
182.15429861145182
156.24085614168607
59.149051164162856
172.12439899148433
176.19435005938607
51.54096035443114
135.05163966613551
111.99353064525599
126.48159877745334
213.74961862563077
32.95390808807455
68.14710337326868
115.07374602798352
144.69113828137557
65.20622659197718
186.97719734751254
85.15378827677837
94.8061373458396
107.08430301925976
194.68339714650895
225.0799753206174
135.9271238518823
130.3457197694577
116.66037823844475
193.71246924914104
59.649325093271834
53.1404896978662
71.22604966359155
179.33439204024572
210.13696116699114
213.19454167768944
204.04478658617097
149.05986818709383
196.17427828853823
113.06185754846831
171.8629278548431
182.4772336997432
125.08453730535693
160.62590585044708
176.44177089518624
69.35520995322909
114.461315257477
191.43688467141337
210.23047803876824
190.76123790511468
96.33440067513133
75.40871101548836
78.53602583201533
157.67924404264946
46.62847378044884
54.95197324956335
166.995469064286
87.11983505779187
161.00413126513416
140.5735500992568
115.67558493824286
113.06433985805862
192.0729450678862
109.672710456357
209.39367714383968
97.49656139168835
163.91623860682358
204.38041565322828
167.096150804239
99.47901559279192
70.2929368778167
118.28716716155544
122.201408512061
43.113496792188094
60.15862021433392
137.4067203271253
207.51028813611157
157.45445549312544
216.35229930000284
64.36960211779135
202.1594867218333
158.91284177209886
210.96863534879455
172.99733047663742
121.59557483194949
111.87136112461752
158.355308115802
193.2104189281584
148.47843735172177
161.5516774592717
139.49925717848214
123.44043781101813
149.53143197405484
32.1692099178814
206.13340925062965
157.99769605241104
105.07259370024194
126.89054643993609
193.2496467191349
72.80361629311754
142.1893531651184
50.531427135465194
65.03736663441218
159.36511577322014
128.97682185097875
149.63677739687483
156.21653263204925
138.69202854718083
178.68439908574538
187.17809318951532
213.9991752363068
40.58471812125969
176.06694697412001
212.97884541612754
157.16017475285284
211.3383821465316
37.70515807866135
217.44272424067464
39.71144075482021
101.2961483091646
40.93615583696979
91.23202877642026
150.17362298636525
222.56422705520788
122.3899485886381
192.7102543369442
78.26098649589791
115.68919907774716
83.36912980164836
147.47318978448035
147.78615216487444
119.65018150901997
87.13654370661135
174.8936504863701
167.28859239738122
29.56872865840094
196.0381812723729
87.29427970944793
199.89272081408023
73.07786865516097
178.07733976938852
177.86530194531616
153.28582080913472
126.80896493572133
61.83610020937087
104.62606743027422
27.815685814156712
108.3758251887076
85.29786199187114
156.9102331829815
183.06760753377557
145.59068854306508
37.586657053850175
159.79153249102737
84.75475235937031
155.74639668075415
31.51656603595474
31.705582939520824
204.9987003205066
185.97283549832355
172.5364673494441
206.20731735550496
174.21054561561814
33.81680209847572
206.28573849089136
204.09981077180282
168.166653195872
120.36062903094502
203.1650986786886
161.62959527063646
190.76446832230266
135.2364354127429
54.62771542993173
67.89576961469375
155.17047330163206
60.64066431146587
52.22017077409957
89.55498464881221
177.3280970194341
135.08878559267055
159.06985152005348
206.1136101319598
224.43089793432605
155.45715192353316
164.47768144137768
122.47532664502872
92.44358106593704
208.00866602354643
193.32291254085442
186.51760579244603
188.6088614391464
32.79512940345799
146.71143751900985
191.86192809529877
207.27536116542095
131.73829355546346
207.60139784967797
138.37670043733223
157.4723906346069
73.04761151272479
205.58093234562617
135.72845223948426
213.2055540359729
79.72069882453228
69.973807556625
174.69130657706654
48.05442872267089
165.09148354169116
107.78514910207241
106.15059667873389
193.14697922285157
36.32009818970927
99.20972213438665
216.1336507532847
160.31770114596517
209.52947946468223
144.26255823506543
197.91329111349228
110.47546715352763
195.2227253609203
101.13170147205079
174.0740057523525
60.41335391684977
113.27026859345338
64.53886112836034
72.05647537816368
217.06079698738782
137.5451455745811
77.09375414089992
194.18588078861444
156.11597418001807
201.1939933032147
183.06941400310268
45.669328365751426
42.3575778339706
195.7540677653353
79.24445609365634
213.70200529239625
56.42643177165034
101.3589823316046
159.52205822967326
174.09677126007327
156.30258424507184
194.019348310897
219.61892228988452
63.63479906971604
90.86230675685596
173.317231570904
127.70181333280019
162.83570699967945
135.222488828621
175.8232018628268
162.2195346642366
42.69401306345488
215.4195231628575
155.23716183947073
183.4390571460915
118.0263694499911
200.9475044918622
181.77462795014904
135.80855331931284
148.58650049184922
208.39661271252922
91.40184106882944
218.23233041571336
181.75568939112588
130.64849182921952
184.7836837698674
70.10532979693791
177.47869892431865
34.62819658982178
154.01534400305002
104.82776985869742
192.6053314389989
204.41991564883585
192.62494372790064
37.29407304944173
37.008805377771196
29.751534493051867
141.0481458135656
43.558027953849276
170.3337403967224
133.02334492055388
158.9368856771848
104.60674209811226
27.64615614790277
79.09012261388632
164.49637301230254
178.75447853613906
68.07421350138482
205.9964531188066
222.6522701653643
204.42682512492843
176.0356565289945
161.96383142772572
105.1763280225572
41.47593558015096
168.42398038098534
178.49100201344774
194.29017846680878
141.18776327511821
159.2696115274781
149.70164207007494
190.4686576238734
145.5828547964146
41.55787900187248
127.6937861912258
48.61886754663329
215.3671344946942
120.02046307824965
85.8186163640647
191.73038012674368
219.91409058771367
166.35993154312038
101.4963595089109
151.09231706771774
137.84886639895092
111.01794030253664
57.09375368877225
74.07246669632104
188.88669520153317
63.60659652057413
160.01728639736865
148.884871717996
139.12698377764173
202.42518285709355
213.9675680242433
144.24618401070217
119.38726287906162
71.79223143166725
107.24401435988707
120.64320886306719
26.01962993307214
55.68042394042372
170.67886518940009
154.76840814517243
213.3420425053878
203.86545372011076
208.61076493710596
201.42008388549115
195.98812290324736
184.55272813950376
157.58922092647526
166.22483814381283
180.47650505604236
196.21841696453123
202.50137838156425
190.11612179352596
151.44571013595262
193.54413955869225
125.42904853219437
133.37656001803052
197.1208357674269
192.71928732905724
145.9695295966426
186.99070626973906
192.27140077688594
181.01569464535956
186.91062676875774
108.98962114727824
203.64145519278173
67.9186011877948
114.5519198165684
149.3328165680207
191.51226347662953
146.8455493959561
180.29343805455883
85.08111074554776
214.75465289813968
194.93205582616406
112.60164692753038
100.22812247345108
134.07717522374566
195.1632179714533
175.72951811332064
135.91812765264777
172.48238049414513
184.3239989638151
184.56543624595196
118.28716716155544
153.33157906015586
196.8582898435201
217.04895780670176
63.95877859744392
65.60832732998335
191.31476119861392
106.61493557388351
195.96440542857414
164.21755813552986
158.66598643227883
160.70572840764612
200.3709482192208
92.01751115955103
60.903519288067955
96.72665200143051
183.51402417742577
145.05289540767117
186.20334583067643
203.56530803375907
113.46068809464433
89.69557759939073
49.70799957031971
173.5324218937943
155.53566479859956
190.57128975309837
60.87287081600959
166.756450385981
76.83724195048192
151.65928776130542
201.9328899704892
93.2126463809965
175.13522292118296
153.2321845132356
142.9918127387488
102.12128950932843
109.49892434507834
172.28916366760777
70.11369578514326
117.49071319806366
175.71135396075718
199.68506294814657
50.54690411808108
190.730079478919
130.7656803025612
190.91827013943904
98.41051090333673
121.71666082188072
202.99932570291875
43.80748671510682
72.25530720894999
207.3491262875422
166.04312846723715
163.39831449054796
83.47143171375217
165.2276118964738
124.6327350390782
181.09290737608222
184.41874756066383
53.42113383770401
218.90866865514923
191.64290168400544
194.41369053995274
132.92989293208106
41.340268873414544
114.16160956065468
85.00573368814017
56.18470475838121
65.38126603065254
142.020480447517
169.3056863041258
47.20984451910594
135.96034383919294
46.20384010580688
179.9414039418163
173.73428491590207
96.80853985216451
164.1999026623125
182.20813249994444
196.29611072031668
185.5589640513508
161.13705933786625
149.9713582433322
88.54820921223082
71.4133843575791
63.837835491766555
90.70116522532757
172.13960741762014
51.32062926597488
173.2133527341689
45.18469885928688
140.20445970107787
209.62261168889415
134.86805331192963
101.13170147205079
158.30573858646977
130.8398440753234
169.85951411477419
100.72715614300901
190.86876895040487
146.89002672694866
53.22676369749478
177.4095805943741
166.88526942322306
29.243285008100077
127.02358003333886
32.55640738815178
172.99235114922078
141.35005810280026
103.0976222735047
105.77321473330942
140.99597891994463
160.17542601145664
63.10975256249255
221.89126863406509
168.87831282833102
35.246133583934686
123.24301895431934
170.3817367342228
55.656318187333206
106.07182527062041
87.1889881354077
64.73245309452172
198.08649159625674
192.8555750268517
107.1856972046865
202.35536954866117
208.93434829841945
207.01591063918067
30.58334325823059
101.65922414368411
62.60009634870959
113.81926910646726
186.9864320906636
146.1366794126651
149.60564441776475
177.82439886352412
212.63132758305073
207.30211313639813
137.58283923509396
153.28528091485865
76.2614358908159
196.13429000083832
40.298067068118414
117.52704154358385
141.60768109853626
198.3484854696219
205.23430011117514
48.7325865110194
189.9757562068723
76.21090580315216
196.7476950405578
42.6325637779911
222.00346284812426
204.42973665408255
214.24033166618227
193.5786841436444
203.28235612286173
35.706292137973485
85.13988928678681
190.12639590337233
219.8978493228783
146.570865932381
155.8235166935934
73.39574037366634
192.20899389053912
85.90158456774486
108.99232583569574
213.03204688525952
176.00585538516216
128.98882372451314
99.18047081157964
65.72522744919544
172.68616886861696
204.83168336158207
69.61644889730063
137.32603778596336
182.9186066565318
192.72108417057487
44.12113696490384
148.2152052664279
156.1224792540786
41.15195182432026
155.3813448403057
115.90601027281815
159.2862070702293
50.83391119043701
206.16593349124807
187.5038974019132
49.24819744526761
195.6986586664727
186.61750947906043
120.9609007659629
55.98543268029147
194.50393610263822
200.02476842322844
159.80624008378854
188.5035431193202
46.270203890812255
26.32530964104874
198.4667503546154
66.97233538897005
178.2285793619495
80.19658790837828
177.5061216550791
68.21041946256172
147.0864470064402
168.53542526019103
192.53437442238686
55.16206954354055
84.48492430771886
222.83096853718828
31.32947773221397
76.68240556922316
161.5831945750711
82.74451266582254
164.48137233109279
58.358063729688745
81.62470580845854
136.9097116600599
126.7512324183692
177.39487019032433
195.2971014895654
90.48424217968324
60.02099279043129
57.31736853846693
222.53137277861
208.33611071606998
173.7444516793183
86.70189807544793
148.66361164628404
96.01305796957726
49.62756685594489
161.40356182516385
191.37832361673446
171.61810351132368
109.38118621174044
195.71637593959977
168.60651295062436
177.4346983465648
146.0007275566339
160.7972445627405
46.34559439805817
57.4854174937942
139.95510387901737
202.23037541191525
88.56027072682514
137.6098839016403
192.06911228885028
142.7045336707255
31.263470433973048
154.04606994676186
122.84742928555374
192.72893194532122
72.34590625259764
85.77411035562693
42.18047947555311
228.4299858816646
199.21890518718112
147.72791054423746
66.45793872592516
172.5355915383123
113.56063732302707
175.57473911158917
151.5101402122538
141.65999694358325
186.29061918103807
180.01310857735305
207.37860876195637
26.061947834652564
183.03124257783853
202.1722602737223
161.7433328772936
147.77479175864713
112.72985864991519
208.76932626905437
135.02069814142013
136.13256296836954
51.45658326593831
191.94187841697985
83.39850444694613
162.7420470730025
53.63447792191222
48.195541402642924
168.58337381468036
131.78666018552389
173.82514349940195
120.24167931212342
222.4344586202353
166.45435319137064
196.49964221334534
195.51857860266398
154.4745657925703
192.4578052577378
187.9076911719332
43.87685817024661
199.45389276743805
187.8362730814401
154.6040879849239
52.97394960909268
104.7030866329703
186.98265136470667
96.99288876975582
208.17192637110645
121.86433107391555
160.27528050436362
214.02805248538482
164.1144205031251
31.262378566927403
169.3783474178344
94.12570171353832
182.47817060911586
179.48320484292358
42.68492343492481
137.29171149785802
32.65973325618407
66.72029235372048
40.25685204474485
85.58957847248641
33.27828819512793
98.4454355102121
182.4876898339961
144.9452522125605
177.53960787301855
188.42878816616005
207.7641107062462
182.2515247223754
180.05477758568932
120.60802145400599
47.35809558775408
68.61811522463636
183.6079475700055
214.3674413304988
48.31975208931322
167.73517691106318
29.43153037478826
130.9639069935027
205.33680456054714
120.10925641784274
200.0085807183792
187.0647303508511
155.43717667509202
213.35653758027996
166.6525743287376
32.5712327743505
30.895901888489114
51.9615497796485
34.27924556489784
151.32002504522478
183.0666994070479
114.55331657314805
54.57102598182981
135.62371513693427
165.86145784008735
188.86830294211433
191.57604927591282
182.4588076224537
200.78413556570501
90.45408353546249
180.9483313666563
87.21473828378227
162.3395983275349
195.83166926567813
40.84811228762826
124.37661160759691
35.92277739346083
146.56763474226906
42.82887059890192
96.76681272489982
176.10948069007603
172.57692766848527
165.0387016983249
186.97758102494487
44.41859836804793
70.94695233076206
66.71623286048163
197.3049646135719
139.30190111304492
220.81500506449746
200.06793309309094
91.45789119471664
84.48952114768568
131.28350165560937
106.17021003716512
183.754256137548
181.5561012986101
48.5643618310749
51.42873095733275
188.18282958033572
112.80691525368763
127.8998789253642
70.39097052728346
151.23021101225433
162.49859309557885
86.02651290986236
179.42843140463555
150.62773310137337
138.45679461101048
99.50025214518878
181.3373850121062
171.3232826082711
174.80221706730882
53.015515729049305
42.26103913146677
177.391700232671
157.15024441339935
130.4108482264682
146.38292997022725
30.0618565175684
169.2456489648611
121.28721690104211
192.05262162843388
38.74541627739145
180.54845065371617
203.62441505385092
201.74949339034194
66.08885314091576
47.23495785662189
156.61365766344676
83.13180255989872
102.98768245125825
102.35649854434928
175.2261818528932
136.3991582676304
122.67452340488582
34.671703563801536
45.651067417823654
214.58520256289341
196.4490292145691
52.43345974054644
48.514114188448005
178.8250105029337
204.27907059110956
199.5371368934979
154.6256987877937
67.52058421022004
165.43703011276466
47.99049940528681
80.77179866029422
122.81129973309626
84.03339190898323
147.77176634885555
190.8856790049995
217.0654607955896
82.4359946722406
150.66472303983835
174.86293087966115
43.6391298274201
230.39214576665768
198.61763240084022
67.75348330071691
197.09129410252254
91.97197167948082
183.8271931753779
172.3056534853671
223.4906641252941
192.21237005460256
205.38305218467107
153.74944981546525
163.75003450554118
81.02308257420529
166.72098331529392
50.52233153300322
191.5024542337836
179.02045681396507
98.55497174302445
162.89011934672263
92.50223782718925
207.04640008680883
233.17639281821837
178.53627380792173
111.97166796869821
164.58678916217335
85.68446033367393
188.51195346750833
174.09688706070776
116.86961119467702
180.76264121673603
76.38561953457453
190.26223333472947
76.16609254024806
199.70331532402838
107.80650775350506
33.17709711814719
155.66068100978717
152.49969678200958
186.89675990164793
76.24970662268542
109.99642662451774
196.1618635901931
180.4429471915005
187.52638034014663
54.14744524382536
164.56662703056887
209.8376370745796
