113.7332985205641
175.25791846652146
183.8228813617828
149.3134799426543
138.7116649626542
105.30171629877994
162.09228661016434
126.53460123396847
83.88604081081746
121.30476964992992
221.36549299538345
186.6928302771673
206.5350539496192
194.2337304337566
183.82732834504588
124.62242955766915
185.2261960388068
188.04036110414276
92.42992475869156
25.818845299722106
75.37355194470972
35.315593563447194
146.7029346905615
235.66623649947678
203.74979807647534
140.08810769743883
114.3213281300938
119.96090705078963
73.40209422126692
145.5772103303613
141.6089536791823
136.13753968887676
156.50427079427394
185.30191034458795
109.93072235471502
208.62076819566863
27.278371963195575
124.30580449867364
177.88381008276235
65.8049516703456
185.95219934630578
115.99626439146462
84.50028225441486
168.00000790827076
185.59295000453616
188.24345097480347
135.66990208669185
128.28373644049682
52.78918905109788
89.22434568084218
68.93931515615692
97.63778767585214
103.18772978724779
161.90124363552678
130.99104010212145
154.93092805247403
134.65145673456186
53.89128696687897
203.47758125496802
65.5085107646604
98.31567160684874
74.05312343700875
190.7244256369565
213.90936310379533
42.190929331761495
204.0732794175683
181.97854206577784
202.02151072103987
194.31220422275274
186.84469098935614
96.86801583400297
145.06377220400614
121.90038407620743
39.50031224590013
141.1239731059842
73.5320029717719
205.64240592998758
179.73461006480926
215.15076143112535
48.92165647369831
142.29092565797748
141.70964072042935
109.14447479465478
96.61571473366479
78.1251491523736
113.16161304258227
45.69889836312041
128.82357108843306
32.14610307706193
158.32848630870802
170.13369381705715
71.91678070953343
209.9835360358074
124.39799173190677
41.8473317502299
171.97107433596096
138.87945481570316
101.75876012397586
112.84337952586569
146.26828751152988
38.36647895375198
149.65203130997799
143.8399988220188
169.15647818181324
190.84063681311287
147.7109395548815
191.53731956706008
136.47556676382345
174.63153724832662
123.56645954242964
122.80197217869537
59.64454748619678
35.1828245613274
68.10701827992443
95.17756486016832
60.163832701914096
62.45249079431361
75.45168101696378
218.02299822266164
145.29815987630684
191.10994807229847
125.9707281181067
54.768660376015966
28.10198449773092
190.87748317452377
50.73366359447229
125.82277211251144
212.14846858412542
162.08271689770632
64.03494669875883
187.0884010457942
191.9646378172893
52.45031587266271
178.6954444431859
87.8499409223854
192.74381182215745
81.10856259602924
201.621292589198
163.06330957342846
189.4712066547071
55.46555063613675
200.71764802257752
187.325507260835
88.06467190229263
189.2417535819692
183.6455563694307
205.25692409192177
188.90899818278893
192.51894941953762
180.7797786449039
132.77000403534393
33.26257527392793
100.07383527246567
85.3238816443385
115.36026726870088
185.04255567112833
55.78380952898638
33.94878462638781
95.08243070373294
206.15096033929203
34.8646238078682
199.8073811747662
180.32189808346803
176.8561022083708
144.8910553693285
210.32173052373471
46.950086489473854
34.96018123534803
57.916638869718746
208.56052351496047
84.7141909071933
161.91753270952458
118.58575187656699
46.34358639713194
179.33386842245207
109.82554518481194
41.19250556595564
116.87336409049047
220.5103190826936
91.78211821797035
179.29851684011044
188.21011601582236
43.354941093971824
158.25322402125772
46.727030950916294
100.73562005174598
52.43309110966382
161.58393677056034
172.44098544601434
52.78020270732911
187.2567948564464
132.0544364707678
93.44014083338024
198.3648751035331
52.4377901187171
193.10163893263518
37.594264768656174
205.67728430975274
199.05552407559216
78.3924326088504
212.4122210184127
146.04018488181126
67.88292746104904
100.74988490107765
193.04147661358
163.09865688498914
131.72293105359893
88.83762180381736
162.12431360513992
48.3625063132419
53.5904799048751
150.2175674198961
178.0407459337731
125.91193308876946
114.3660606974456
159.95143380975196
168.8686369994931
199.89442411650245
217.5976039807963
212.34945779767983
213.03593302019578
163.3862644025747
177.24880875175577
38.62324201051729
103.49684378377268
134.7326358500977
204.79830513189484
173.71481642732127
143.22543803035214
137.65507704676878
48.27052609838021
162.93443808580412
182.78858485066115
219.06245922258964
204.07775321882343
102.71680833976436
165.05032422424844
27.016814841933755
108.35900180574849
45.651421450232206
38.57302578117054
194.76563503689704
115.2031904321427
163.91766897332775
92.33786242789138
198.27600465953455
85.91306666705613
191.96499537481137
65.49688617481047
211.983109670255
134.21206865355975
154.20454753322795
61.020078862049466
85.5832635428679
47.038118794672386
169.17882346889633
58.29185939949439
101.92129659583858
180.38076217382235
183.8589132382086
204.3317523043334
179.36742158556234
112.8181373926187
151.14201122126474
200.27639797672754
94.07287816270944
212.67103251018037
100.53420727687848
167.80711408681097
121.00505648483367
60.12310257889176
113.75145070168918
136.6136807221616
90.49698051948775
81.1333652349424
48.72514948983821
68.49224898374689
206.87411445638134
128.80464189679253
151.74134913555227
154.35297258797647
188.33372703933682
192.0136038414746
187.72763728093508
117.91663218053922
40.74730148147051
91.94368097439094
186.10464670928596
189.42649755188037
155.30708663138932
189.4404732413207
42.1070515785464
197.15664767217038
208.1312389491331
64.05018611600057
173.09469688018572
202.5720645884886
122.55721603365186
161.49878748945414
212.76147254507606
146.4165708454819
170.2171003700939
151.3335872836051
169.06481525125668
139.68117974597342
128.74075788837453
108.56695061407467
123.2685946155076
211.76047399479634
42.26377077313542
217.3546904123671
194.8457154712861
108.36341583479421
67.06721964466037
171.96534419819838
201.02765920723826
141.34159289623304
150.37224090560346
215.60297995477237
178.32545732932567
211.4803757151329
126.49453072454453
170.6599410268105
175.2999281017502
120.92315679435411
140.8960418195299
108.49293823092148
125.20330267251138
100.65868713394943
54.653869505703035
114.5949889345336
211.5277221780277
174.47526652358206
63.08795371488414
117.45089214877736
58.94646558461663
177.0076201120092
182.37425271089708
176.26960969152228
122.19550710435693
127.08951824075683
191.63633847804425
197.09902674177758
153.6003158772933
141.15146164863785
118.57727188266892
180.78554140044
129.92469928750654
35.46521732570196
70.2903421519512
163.33952104119186
188.99217358193766
191.99532955002323
107.53123304832708
201.99635865961997
125.37848395770379
105.79817240922985
136.10449619334906
199.98988093046236
210.79700587409928
90.5083220666958
166.9862234964968
92.74730006158251
148.03375183666336
196.46324304206965
112.11106356442971
96.16372729070962
148.081891499944
40.45034355164628
190.6955384590709
183.4549190519231
188.53465714659472
136.49110130936145
196.15448311042815
119.74160928651933
47.00598425732944
37.997489996744854
122.94336484514729
199.25873022579705
35.54632542098274
120.76044509791699
139.48702526949762
145.77948891942026
145.34801182111624
82.29687870727756
53.41996481490685
156.79916661005345
148.59608616941358
153.85581964938615
190.7032824611321
205.87267674411206
229.73855651138516
123.96842963986471
35.047433492901774
205.44099849505704
201.4792177997196
205.8601345575785
220.5629095877584
87.43265978641504
141.67995240275093
135.67919958871104
122.00018447585354
183.08827230065845
38.184426149971955
182.78012207764908
58.292198451287476
141.30835109895352
59.92214292416389
211.9216902116092
101.17393494167118
93.51317532487224
55.28355421686154
148.99587363179643
136.0385993737277
58.97453001056009
174.7506237664061
113.88414793080828
87.71536313006459
144.1416560588706
187.04255939531407
74.97548450620812
194.43543570570012
211.61782649727198
174.23870702428766
120.8141619809947
83.22698512818103
214.70640700507644
40.019901836982044
205.43126770207178
116.94588842822758
206.68623980069785
201.46077521466484
131.03401127176141
108.16157857937847
36.956035767371745
213.33840213563056
196.82333174593975
96.9528946982407
154.76838991179315
176.56233960565825
140.33367076733802
146.91458993835633
68.97121415277859
201.49684411917818
202.24172897294886
205.36209107315236
72.74548939438037
147.48858328675314
134.2511900730739
149.89047446091098
37.58323023260606
52.3311993083223
203.10012297949254
48.00759027141558
171.24378053703634
136.68026536611669
121.04735042262269
203.48044428429557
192.6085230942789
173.83921791823286
61.0341282952077
184.25863676895727
223.16906394817377
63.011124448409966
76.1944625681271
83.01152337947754
28.682052457203177
194.38665475246188
88.17180309677873
73.46567337365968
177.96332606101652
112.48497723496881
187.10058563828363
32.746953657930646
210.19170976181704
79.68504550428962
203.21070955001522
178.112305188639
56.09300175689174
204.69897862752134
154.14214198946286
71.12938250388478
63.316735020023046
112.6814451018913
155.27766468948894
36.98717701627094
204.52932083111307
210.08015170821648
132.03825506405053
41.98324631301712
36.31967946334989
84.95350867774495
102.63974941641929
197.02876263070604
74.52708947201022
191.16008069547956
161.03883453537543
146.14903901345332
201.47304188062165
181.32641686276688
124.90308279887294
178.51843812784918
26.258388690625928
162.83933006308945
210.37371048045364
200.90814116682867
182.58196387307942
117.91815890429417
176.2728723639916
29.40079407062755
43.70511874871485
36.04684790234799
59.59272371954209
195.5704541512174
193.2921350618263
207.74925798950625
190.9760454357293
208.0085915599141
41.68132487183029
193.1385055503224
176.28919514747133
197.35305621265692
131.71715705596992
67.05688700197861
188.86326188274543
210.9271885355611
77.86836355605307
135.81502435659925
187.2497241400099
152.2180407029758
171.6865121355718
194.48847743444543
123.94858535225957
83.10097937319262
191.9834106986618
128.82357108843306
198.97060581544386
92.4125042395398
190.35900251066604
75.0150265167815
52.74913638354071
196.46686616105424
126.52562068622284
189.34235022663773
109.74495403128361
56.44737928107776
157.90835366812416
142.90262785132558
151.02123799577916
207.87614169253436
133.94857720814423
73.48818103726295
151.1500760114646
62.829349180311205
140.1165823196651
96.78595036881686
198.17608197721933
176.59550556725065
145.03345286975227
73.62684993530715
31.66670458604708
204.43216518482205
113.85676367056378
178.46456248211476
227.77544231397354
91.54410151402746
146.50275843612894
81.24686835437413
201.21049754036557
74.17008809651375
152.5858095667759
67.94289011473747
195.53538023952672
197.65065663954348
134.19862137628516
174.12319596110916
194.34357967611106
180.98390370747504
84.83389999266332
80.92854122168048
125.33055512757419
132.76200094802164
222.05183106205595
198.75464516112527
141.12379264921822
179.8810395627767
51.26938269162735
185.66147573975735
152.59469583771806
88.20103492324523
145.52807419695898
141.9493411452542
198.2117828187395
176.31750838808418
176.76057117696632
91.53975410926881
159.4632697739265
133.19009954582228
92.4524248507893
81.22871468331968
198.2232725532576
171.57336121818685
216.76009556951607
167.30326533498126
189.34567461367632
103.84105920633756
187.56940939241915
183.2514704607019
152.38441658871568
139.0309651990018
195.5347788907403
92.920573325727
131.94206370198734
162.6447837816042
172.74825660120004
81.94459168215366
209.22391721458573
89.34094326469709
225.09127238647318
70.50146959347317
152.22410022769512
162.2434164569124
135.3664342247126
187.37121643389997
31.829290999682176
139.11314904153627
182.15213696192689
172.25602625602397
105.39418695667271
109.31794138242157
200.94047782679132
79.07733313457727
149.9115089333378
182.25048152962864
180.1696775905507
65.90811093492921
173.27347539410803
170.43819819191873
216.56625187461574
169.87546614172595
59.81464933426064
83.84681753071797
31.485567403020678
72.11310801054461
153.0350336937332
180.85540328231025
158.77560479524362
41.746543494196686
144.1634757122552
200.59737155922735
140.3206618643266
140.22183437744295
126.58514256995454
60.830688694924135
204.26544709024404
51.63452626619009
29.804806427640063
175.16197657718504
191.06362964792459
183.42406544089403
187.9861328162195
198.44193439380263
184.89628583753662
34.96845966809439
79.95612064138399
88.40810357971476
52.99177272642646
128.1047497975832
199.60482614820813
137.83392402862103
205.71346523870483
210.5234401427324
73.27009344979788
212.3625508239488
105.86357260062402
55.154531464680666
193.54605052933266
142.06038427631503
202.27897957353798
212.52268392711
183.77916809363788
177.56068490704502
184.7718578830606
210.88688401062782
193.28972523743673
147.66644951677907
179.69945959952895
100.36738305428115
182.1431176811377
150.64129582828488
75.10567181534915
79.63556953116014
39.289697464289354
130.88460563041528
188.04155198702531
112.69494588193096
63.65405125680797
157.72973905104732
140.818296908407
126.37479537698482
140.14489143000446
184.88812833879845
176.49103880636144
198.48258078573528
156.49509897279185
144.29606749819547
138.04138217797524
113.85500850616381
190.98609073835917
92.00792943548272
184.44062522121482
190.75467516463138
212.96831178982433
103.88614690735444
177.58690641762018
206.72566917470257
107.73736722342194
195.16370603870217
148.24897110168152
84.45078282114291
214.19850679286932
191.6895749471352
155.66907520834195
99.55589999692997
218.47106609890835
210.19573242798688
129.25514962793577
174.25379618746254
230.47872423413585
104.2427572885828
206.49969984400926
106.02456342861652
204.31110061713858
231.72076529913696
62.89259992243021
160.7257036557265
99.13003059848369
56.92247070098385
202.06463788348157
168.51242524715857
184.7799070811093
91.50327169580513
193.25346423401177
193.35135193130023
166.06964744038203
184.98637773175105
163.24213110292652
105.81550741063317
175.3600761114962
34.938818184931804
143.0108612590504
29.648854512481396
163.84317704509894
197.53121072319666
70.41539723814263
171.47787508459194
96.87641305162683
32.21618726753615
174.4343589505868
36.14320199586253
30.07121750680418
214.69789548840689
163.35994773741038
58.73838136864389
41.27662435262785
199.0680745335531
179.97285272629995
64.13778312767057
77.32527557563542
114.2647252469655
187.89137225714683
204.0203319126013
33.9431996791757
199.98356814703132
63.78334403223343
129.2023003916851
157.82410314091098
31.86441945870121
151.79126487900385
66.86703827982673
170.2776395441602
90.9297294366043
199.1308481709992
115.38419502189116
98.51614449090374
112.63697988506885
83.28260238673668
196.45180141370193
120.80789496509341
147.21911456172344
234.59008210122474
170.76481906743277
123.89935120165951
65.70805252350311
220.9099148737999
122.76359811001929
200.21435691335753
221.0852231613802
199.38935875326396
140.4718142618038
100.94274850518077
124.06693738256048
190.1443799873596
46.26791883005663
199.9488765070051
143.68227320911248
187.65481643374747
63.7581145691665
155.2693783102851
82.97681565922413
157.72306372418922
135.53656255377362
104.42002249932307
48.502468513179664
164.15805199518536
38.93242023236536
180.42202230597817
149.71754044417597
199.77476035022102
140.49420659781183
183.62149579446643
78.76996781158331
118.29941991964509
31.8654275003003
80.95564034878812
108.99491854910245
226.76484086437827
158.51002542028502
144.9419823547675
201.26566090540186
202.65998329018888
215.0034693524811
49.86106839041009
148.61140202086523
176.39780049782485
175.33307902154442
27.64036038831133
64.5541082823446
88.03215722974495
228.5121105588429
184.8609885538578
167.11430094990564
223.69314404061538
97.15116879679503
46.909301641853446
158.50027092923534
169.58560990387736
130.76836411548368
201.26686650250045
89.17694623781487
49.340375818708004
97.35458596437266
195.7085997935555
62.678349570611516
75.05810022036181
170.47672551008722
195.03010202205004
173.49847311824033
73.3820236306837
200.18601989837805
146.4592522160696
36.53859717912028
80.39470095144922
200.30258538714213
186.2205565711536
189.45439312887103
87.98553918797518
66.24996505753494
129.00938744849827
190.47156911985252
67.69882198530426
193.64980116055887
221.906344422773
191.0965649261213
190.76894779914693
187.21404657247254
65.07625564503584
134.04491422211944
169.7504531861637
102.4604304590052
171.6678979029475
163.19632864045488
202.71131966061043
170.37871466218886
215.39859942834138
153.888807272538
122.83750731485165
47.22646435817492
192.76986925768915
89.846347516579
68.69258299481841
163.88991782337217
205.72664350523897
167.6844219209737
103.45171809363775
157.93583445724414
207.30998223563395
209.07629019963358
146.70849071493524
204.5939059541426
162.10709242799638
32.97113956918249
208.6414077130464
67.63024519297804
40.85469762864284
154.02207740497303
157.8165684086545
172.44811034069528
133.48188080627415
67.30634988765799
159.67520833724643
160.92620943187305
59.501257762975214
210.61301796063825
187.03350889881315
203.05860980223767
37.49528928742171
60.62260341338804
158.34681057378398
164.68987964610963
202.42442163016312
213.1388005121977
137.99762079296787
157.7930252451348
141.44506364503897
48.98167079257917
99.966167668593
51.975729916449936
96.43407276976615
126.30359702102702
88.26880512070787
230.82472443184582
199.15997201820116
60.956745185608476
147.38346040496913
45.55883248947257
156.75629283112164
196.09069147490163
155.53618880368785
111.52166405397564
198.37140408828998
140.17061975869325
187.8920927711454
181.7798305065647
195.93342708989164
174.20591848206783
56.02333154026681
173.29735979251217
149.69517399392385
176.65597970545966
180.18409091558885
222.45058291724038
107.26346771666452
167.5999280851438
190.941968609113
81.48029283719943
199.50149126283355
186.54767317389812
198.7017147697623
155.20501266567916
34.6404661853294
199.24421361472298
207.68911789035172
151.89929545918397
187.25677132390123
85.89977943060691
140.93473318839418
126.8552119803387
67.89816414335924
189.06114446306904
178.37243682375242
146.85923369534038
183.00317406563562
177.1954550658169
166.81242016441055
169.29842714533515
150.1101050745501
149.7601077996596
88.29797537207594
182.22796686704936
117.01212148507211
206.29374735308662
187.08073776307293
66.86994462423249
117.1275127335115
166.17162986414894
27.869668183055452
175.26253335744065
91.27533146582573
165.28541099101895
60.08274305562072
178.91651251533207
202.51948519535446
109.50109756744529
189.98962645903902
184.56489864184576
47.01852123463243
150.54273713221406
204.54473921176813
173.32782298462408
217.83121248521988
164.86909480323814
141.55333288952428
178.74683038839768
46.28290319989169
179.66235041305941
225.90253540506512
115.93287032050485
217.66230081238328
148.61357984141597
184.04043885557672
140.98607280063644
175.5212280515914
208.2935329805832
210.09203913782116
184.33228603768328
117.97833636720904
163.3930735379161
60.616480101701114
173.25225010414331
208.12795854093935
27.569051054400582
190.1629839084288
178.8135230066413
134.796907192039
204.45257080724207
65.69720256292428
175.1161590838688
65.1746193207955
107.18930618486547
208.45624339016126
175.54831066048686
109.01893001825196
52.67384727998048
223.9809377396207
185.35346324508203
101.06531625205083
31.009262021877714
133.69702962071364
130.34995987915542
78.0140356112014
48.72938531578692
215.60778115416423
103.35427957141454
176.53030494358333
152.155320333605
128.8710107065792
115.41462457723414
56.57568813397645
100.71075129304388
190.26901616735717
171.90972581915148
200.0850041509561
125.04762546750437
184.74362274727443
100.98328799383835
77.26647831072547
49.601006977099935
121.9882527589044
193.9113544461101
73.58734861661696
219.18905985795243
159.3937311089961
48.905512313424225
176.0359304897771
186.3543859149073
193.52100747417555
219.50560791696827
167.41466647291244
160.3346223803569
197.15355383298854
188.87760556060115
209.1626858062741
199.39811453433467
184.64332336599372
50.31760304075942
178.32890017904717
107.19886373983064
99.92579014236051
196.30219947801945
160.42991202539034
104.5646085421528
134.75163217396823
80.46476478707432
149.12653707640422
201.86706924355687
136.44532876126604
35.35775961548048
192.0967593090217
92.6392699620847
197.88192498239508
141.52812210044667
68.64927261042206
106.51288472924648
194.97875375523503
88.71431521522393
116.97197155067947
79.46905928244124
189.4106630355457
188.11176354439868
167.7794393409262
199.92489765798638
180.95273353534566
157.10445657591583
203.02993679719438
113.02700425012767
174.41464979140352
94.34276734216729
124.64454412231383
188.01050219001155
178.24438655580366
122.33944665511068
122.0654508488238
196.69980102516996
64.68708669587679
212.64163408998905
86.80585731694377
197.32286946051664
27.435483920920174
113.49010596655096
30.521189516166427
33.49922078302601
184.13381557213052
207.91178766910758
58.91405688033117
174.1979216237747
67.79947376356526
101.25216871821856
72.13828758953026
81.413429048793
100.54026743443268
81.30573017941262
81.01640188311549
121.7165933198326
58.34834079684323
48.738335286171825
190.35636276907022
187.65631364908677
193.8273119564544
189.87929354871673
121.18082406947104
129.25206011947006
198.7175707380385
170.4425334144279
90.51126995341134
52.120211121867904
101.86896472169661
151.52175093284393
164.55160280702768
37.044819423086736
49.15998789386943
132.4586494367594
184.60546272290182
33.02534070307403
60.083321885448385
51.59810974109502
125.55437021570414
198.52843914283312
191.7658220359467
42.54671440290515
171.5301230521243
80.62080237328723
94.59001068085055
183.28175599426578
105.2694465851404
50.70888814191332
188.64138169836167
118.27390503735423
137.59699851405313
142.87087192572463
167.16374879766153
159.73388445907213
176.1325780023366
164.2864506635581
31.863321062100542
90.6300684079518
210.58844310267045
88.07045573599942
222.79343903141543
62.57746294871283
188.14076298177005
90.18620497692075
33.953671208736445
104.09178034626183
104.70777651305272
28.782927427090026
113.9660213125514
25.870964545085222
177.78973176025397
76.24852550788042
147.86638218384647
128.72770653462442
51.345682775598725
197.065494302606
177.34730077274517
166.80805589429642
120.93950060562912
138.76357512997282
123.27386022320076
150.91601999849522
158.66256741175724
201.9636733326726
173.111586411441
41.270418664710576
190.0341697018959
172.90115244982002
181.854385824669
150.63731320329896
187.37441318246331
175.06105065010803
90.81958681282133
89.41786364742141
62.40437922388663
93.60890899641025
150.28248811895153
138.4360284188652
151.41287211369533
71.94732118386214
82.68298079757527
57.93616848090948
45.914239824497464
40.36018324788158
33.50969158758114
150.53860803425513
197.79934530698682
172.32928915145868
70.43287765844654
52.75446650760107
116.26031622245625
164.50093519882978
160.756163968115
43.44865674960553
196.26068144373465
159.06141746307333
188.61375239539498
180.89759071548497
132.95372023816114
127.96308133109966
122.71156330467498
104.32929515688878
180.67083946912715
117.41919343276675
144.50605436680942
190.88280150840774
55.18201389371776
31.38102567725874
87.1327353284495
179.3672234238665
196.99400654338234
139.93845990694658
112.93046006138299
188.68827403000876
39.13894548459067
132.67961196008181
181.79177985784028
54.392304050063125
177.98101810476473
181.70468052340257
156.65131191890083
165.5496858830195
52.29523108603472
99.62871630852862
56.8345543611303
154.7302252479299
211.482650586086
37.97571110234379
146.37862504652807
211.16978547313875
210.50141731986713
213.33611430207802
197.8532340724848
130.1609038368618
201.51536505375154
50.0719577927537
146.0910967316401
73.76341324927792
202.43689404274335
88.75009410333055
176.46400541128813
138.0613224909599
128.26324588358304
47.597273999724884
134.0059869767885
225.48277791939657
58.15066815887288
186.16045865916246
192.9316797735247
189.646353789516
140.02011083541728
144.29919096103524
158.41699116954595
178.42964756713647
86.55332082574466
73.34588418948127
153.11077579880578
148.4949458584001
108.68921525601823
187.9120068020948
200.04836733410534
212.78753965712423
157.22708629952567
138.766870056262
193.56231277344418
144.57207160251613
64.22349808037265
65.45405532526367
196.79575393173022
200.56949648245853
121.51990516359477
105.00743482684534
190.73950698559597
191.58761374212955
139.64141740859154
75.72109811766353
73.77861618106687
54.81515006980318
162.26755032748895
180.88454916525723
86.10699641238614
176.41783344619796
129.2986756041254
134.3013165963339
188.3544749276014
153.91816886258084
153.75386657678249
182.60576076190338
54.94776967664082
110.9133583762111
33.884510898049086
176.61175713545362
195.26738711114444
137.7022640806281
154.23596045816305
109.27876134321922
79.34190984318865
134.29325142747246
84.24949459409379
187.96952530429766
184.05664079641917
162.6945201752085
125.43716333943082
97.35555465737148
178.28862546833798
197.94168600170656
169.3116838252816
171.19597060677566
194.87883355811286
128.94558594749566
209.9951420241286
136.49447210914607
191.84823526445462
206.59827069243514
212.23974443294617
66.31231647277912
152.11689856649667
210.86827817567777
210.90413701965264
121.68286351231741
56.02884779672623
55.29868238284342
171.714631467461
223.1262219666917
188.15105909497635
160.0877366019691
232.17081587756337
46.82797779705693
117.317965033832
113.87196882389284
162.2653671972259
99.76052013320032
105.90239350902753
187.14280514540195
54.66388002775985
35.70153839582198
161.38875188191562
194.95453139262065
171.90877118723174
62.19852608997365
26.01378790456162
73.58944195927111
175.99189953064288
94.72128186239408
218.65205546157014
127.71977811961447
197.71316407039652
213.08145481510795
187.5940529259548
196.1858483432697
101.48347537380994
49.01774080964667
224.302518215351
29.573935442563354
59.576927788043406
190.4149528195451
189.3023853398823
36.589466297051054
88.06692955902824
126.391025247508
56.40641478075836
107.09854493164875
202.71106905209356
168.15107073770756
86.20321616221774
49.63616446417949
190.20783843621615
154.8279782585155
39.7637547383179
130.02276585497523
124.24100006882638
156.27226454991543
33.212561724973405
30.890344018823367
170.4820393165461
194.9531351990332
171.97849815375946
205.59823006206085
108.44916995568862
202.3119210910847
109.25874923878166
105.65340714242484
119.52948475174385
130.01155715737747
225.68801037761835
229.90475719034941
192.58303331178962
45.88196317690575
219.9980583007527
51.37782386288302
108.9194177843021
169.31870896302854
87.40868822262561
108.10540066914942
60.42879351731035
181.81857215007813
173.1774396138147
171.54556118728073
200.9943582604912
139.7337923062976
41.66923045291931
214.54551501548573
42.526850390529276
162.81702106867345
185.5120549301434
136.31018217057533
140.17278409514532
125.64163604255884
66.23142276871725
100.36521574679931
103.41542093103705
151.2424503366006
141.88381878263502
91.71117379979451
203.30115535014227
200.84297834452343
198.48258078573528
199.97536573364593
72.86551050610075
81.0647764505335
90.48067651948325
88.85178817120406
180.29857957296198
163.82377403789067
58.49825551020637
132.08624015299335
120.30309350843079
124.00588830311501
70.0674866415229
172.33689998751404
75.3932519793196
43.49233604477057
72.85102529186857
158.45778288599774
51.306215344755145
89.54804215403051
86.095453618568
180.55213415296316
111.12385641022045
75.35336635601755
138.7111556386528
76.75938167175146
73.58498683142699
170.1989218429634
212.65091085167273
75.35762975013508
90.96148100876744
202.34836795698328
161.12787542723555
186.2634694522856
202.43707234906574
173.5560544745625
184.33869929205613
112.56369378838751
57.94778332311827
196.1256450428281
135.58929230644446
155.69381886069726
215.50345862627032
144.1121148820488
171.24093468424414
110.7126405111003
191.89387837232437
80.55963766910654
97.67061083126482
50.79974946781857
174.25182634435944
133.97260004252493
179.54257210815447
214.5052808802786
89.38007423025365
158.97360505194763
29.233167898710192
203.5467648053845
171.31116552094778
176.00536705774584
182.65477581230948
222.19619911607734
123.54108492915988
216.15106228332291
93.31853725091915
166.64896887372996
94.1105169292801
45.20925414459412
183.41515164126972
36.67533222816287
91.94327858600401
44.76383494681012
164.85753826662884
184.32057098342864
87.97418446974481
211.06560020239834
120.74082117584366
53.997401634104996
213.0874828219491
49.204382280014265
184.00303666660452
56.55930292833831
185.30558180123055
105.18889463409955
45.14517805094046
204.89777609847397
203.64620814481847
232.20186585065983
70.31860974873895
193.7639828078609
201.53210661806634
157.6120151738843
127.91566189953397
79.81706393467653
62.63256735409102
63.86999236135225
150.48574995325814
208.42165492122678
75.01433288350707
48.155745208076226
206.6815877452223
54.81223515171184
89.15357719625625
84.17393190646315
79.52923664569988
91.97096785088428
144.57256039575134
155.44025689455793
220.9651450971847
70.31273805634659
161.30125647084535
184.4918571263806
199.29576306837615
146.83472200043772
74.46506191984909
179.8090523325119
195.33350303768353
157.9672434880557
178.67747198683884
187.06377242075325
162.0016916289122
112.98626525227716
28.261113888860567
120.80400943156835
38.64453441421075
173.91571048455774
201.21834010379754
65.94860104872653
158.54140370676535
53.58019778481547
37.078652273301145
29.567162215528217
57.37688407685819
183.81894375687867
167.07492133242084
55.69080151427251
190.13777013689366
108.1780432133045
95.10722725487172
161.02916224720343
198.43459673947072
142.51246857710538
145.29436445181304
59.87258791915341
211.29893180807744
111.91992120546408
177.67883303841987
135.9827863292426
175.42223727366297
167.6192619816108
167.42148675923423
190.01496170054787
125.85016526287576
151.65504767286896
177.9572521287777
100.43908720559513
69.26910319527606
162.48425361346426
45.07773601598788
97.33351222019512
110.2068714304399
95.15323319613275
175.63522272308387
40.441079829075996
176.40724340255122
90.38386239801953
147.9271397803153
48.02286779220068
178.49027644708048
166.87218970693147
178.23005098695134
58.74413228587577
162.63649546109923
35.67317001525609
117.18399426314733
204.1586564404798
139.10053374963513
182.6166138199834
154.313864077776
59.77352177762789
173.10851007763134
176.11933600107287
51.2089942685544
133.26474457051341
112.22784037419532
128.2749100892348
213.35134496829306
32.98258563000335
68.18208572780398
113.46078871733383
143.9848382877802
64.39163897273146
186.70512003833522
88.65818488502352
96.97268970892449
107.00415064823504
194.0030600064642
225.03598137130248
133.7744057940536
134.42320238628207
116.38979608799512
193.77763645029225
60.172353409142765
52.853931154787745
70.51716714330323
177.85025418633109
212.14845505216653
213.8845991301066
205.81343154247506
149.89047446091098
196.50370987839173
114.40048889274183
173.0705666997747
183.19014781386593
124.96766507067395
161.96643603019228
176.8798459753289
68.79899447579851
117.06371871125717
191.45161833861948
210.66910598257596
192.4604455154442
95.85475310331363
75.55775174365763
78.10360005595298
157.10133845265332
46.562622285600035
54.57692031079753
168.09612482150808
86.78339493180941
161.809407206733
140.49420659781183
116.90407707189392
112.71255134791322
191.77579427422
113.30413326318485
211.02244682891214
99.09289179086403
160.75500080486646
204.63263219209767
166.5269539710003
100.90336368337734
69.85345891212803
119.20411008618166
121.26080523321701
42.67568075008447
60.92065923773962
134.2496194476512
208.49289232877712
152.84892466281227
216.59429161856275
64.21348445009895
203.0615831062283
157.9562914995505
213.0421035209933
171.87926344516228
120.67815256698033
110.79096541204659
159.57268186105642
193.11756560512313
147.72044258071261
164.4223407892542
137.63842816377058
122.36283860388338
151.04350709899606
32.43516692751026
205.90009236108304
155.44626258006096
104.58959855620559
126.80221306762972
190.6976509760594
72.69622835949018
143.32224589691035
49.901080282242454
65.55187690403179
162.81393158302336
125.61345912145589
151.3231215221347
157.93481052790372
136.11058066198768
177.5412660665561
185.3888340724808
214.18815826598717
40.58817073559359
173.9422837570008
213.25887545173873
164.51799765169238
209.8223419788922
37.95925967383263
215.8375588262757
38.973753446646825
100.71948243076703
42.50665804496076
90.71205871415854
152.70600081671665
223.18053095072813
122.8709701758711
192.30059885247093
77.29556670923289
114.47753893076174
82.73396196099266
149.06743515165022
148.95903143020016
117.67832823484997
86.00511560723754
175.502941788223
169.01024736291333
29.641093750685382
194.73348346916507
85.50665897724242
201.81200603948471
73.3947662607125
177.40575793299462
179.6965133368731
154.87143391780248
127.36993254985855
61.69068152188153
104.2677526680749
27.98928170960286
107.81388597358668
84.90505298327245
162.12845024397078
183.08471752248434
146.0910967316401
37.39555878801271
159.99099051026712
82.11557046233793
154.58383753645197
31.29473484308091
31.5729501269768
202.18875193047546
184.6369664687832
171.4419418869088
204.7654078740191
170.28245628311348
33.21748784588358
207.2902250307289
205.79889526347966
169.62450186747535
119.81969143841779
202.85012503791484
157.9191004555497
191.26631309938105
137.2037231438155
54.47046868677805
67.88542224232972
160.6056767559016
63.236456289560316
52.134043128146374
84.83148610289456
177.5804888320159
133.2564093716537
157.74055402142125
205.84759748166266
222.40261539157814
154.89046603689184
164.3164574534393
122.22827954740706
91.93209311355153
207.56358219345657
190.72356229610935
189.18674600046913
187.06967369609387
32.72101312554747
144.10217614528528
190.4472800561736
208.79904695523243
129.04432195199286
209.15899274657895
134.34469078791386
155.03200607528893
73.5155796604035
206.99784534045853
140.41676424001204
213.21128130936006
80.44334108532527
68.06271258149428
176.17463714126117
48.22036346650125
165.74415173142356
104.50973177955316
104.98507651220658
194.800967148302
37.14744180564787
99.66190549829525
214.82027731855132
162.56673102151208
210.0195489988817
144.55604729801937
202.23332384309694
111.09579617582305
194.25012278508837
103.69174026076004
172.51576145399463
61.40463028648458
112.91233928415723
65.20293661270938
71.82163911848218
216.91350387813077
136.1720933958281
76.05410875817918
194.93410113495133
153.38298090416734
203.71757448640324
182.46707966394374
45.48886568202343
42.27495634207634
197.11215908367012
80.35333085292753
214.31461440885843
55.792882137041204
101.25060344030553
158.43408850552117
176.22329826405314
157.03115735898945
196.52605588660245
220.81557290465545
62.862673393461996
90.59737787427007
172.49873792512736
125.54131094086101
161.89903606573895
134.39922248898597
173.66960301427125
163.78882693728826
43.3595810262901
215.76657976131068
154.34156301608957
180.67070059829422
117.93876623957364
201.92893460452322
178.9987167659974
135.73259555000791
147.3423021323093
208.7086726045588
92.03107743704982
217.4955484951055
183.9008732985266
131.25199438563047
184.97027441022848
70.56302123808575
178.18659189526943
35.01365755881174
148.29431024887631
104.07404952876894
193.67006480795507
205.02929159762394
191.11832119816754
37.510351498383876
37.18674786299349
29.608276754393824
141.689639302692
43.10065318032236
169.79434195612566
133.78510645466676
155.95359070532638
103.21806593198924
27.65905888267229
79.4562997292402
164.0970148470603
177.2207508505134
67.56232452414419
203.50646251812745
223.38245146309467
203.60796143095044
180.31035404764367
165.06054451548985
105.7255073790497
40.19967576491242
168.62615250974207
178.5995019085281
195.4733931263008
147.37077479538635
156.252881878038
149.65522479722526
191.48580218269035
146.9321919258724
42.20158182666845
128.48231718725629
48.48072869649726
216.4953943533392
120.77637347849891
85.95750021093755
191.67360388616828
217.79651472463118
164.83222727066496
102.9340684035616
150.05805850498646
139.46307498648957
112.27036826365793
56.92683628034258
73.35689747573794
187.917989032584
63.39290468551357
158.89788986555192
146.73874348616638
137.35573395288802
201.32994598116176
212.63431438905522
144.79919068720835
118.7548951421638
72.00484164172296
107.38062736613949
120.9232413106106
26.010075645751662
56.365483286600785
169.60916527333254
150.67871524439502
214.24639961702493
202.60934622494014
208.59762520113625
201.3084377144253
195.44939834670717
184.65112001471292
159.64693744769068
167.652686452496
182.79747721547534
197.72852605504585
202.12281357338966
191.2065922509799
151.5953361870626
191.62337147466684
126.48685241160511
133.15596954777453
194.7997906503565
191.88337359407217
146.59029591943425
187.2677279805054
191.7188131455549
182.00385492665137
185.7472975942744
107.42763768690575
205.19871694492497
66.70010770792378
114.10417101831823
147.85182717242748
189.27023881054168
145.01062773392047
178.38733560989607
87.19412942508764
215.6924886623253
195.2114447279007
112.24923089508344
100.10324402986463
134.11437684469934
194.49051012260972
178.11243581174114
137.66025381066842
172.3489302868352
183.54613943563825
185.11496517551726
119.20411008618166
150.13808274688733
194.19566075164965
217.6907571564595
64.55212940023657
65.2131498241437
192.58841964043
104.90483583956838
197.09911460095933
164.12707227421376
160.87674096291744
161.35737968798043
203.45535674723817
92.61725919346173
60.781625300978604
92.72085209164268
183.19452821241416
144.8165044431022
185.2619463431697
202.0841796168674
114.98165824743461
91.02018905107043
49.835389964575384
174.28019532284304
157.6114876348682
187.6397505750688
61.28635949950741
167.4441545880742
78.00957842436968
154.44772811830236
201.7745593599615
91.86086715348598
175.26712850585318
156.87279023698142
141.8032802685454
101.51875803172915
109.92879814417827
173.03016705312794
70.07484478860968
118.64757253305882
176.1721891688963
200.28116930921206
50.75372122558695
191.22695865973827
131.68251659884092
190.3866521671859
98.34527297482687
123.05060252370866
203.4203834109471
43.92921012993931
71.19740428261728
206.35104569056492
164.24775980607004
165.8792131923518
80.63485474677334
168.33647351817757
128.06214984374625
183.27493473865346
183.16195254693147
52.78353889188195
219.35663216046405
189.48828146032616
194.4730406905088
133.46850042883887
41.28467875157005
114.7849176727143
84.26209449620039
56.41749319639055
65.29962206373486
141.64511077966702
167.66333617024765
47.00427155001947
133.91052289679075
46.683797034062046
177.44007959769365
175.11742243989923
97.6657819865707
163.02924929633798
185.0542964638598
197.82924802861527
185.12366368706296
160.23250637778534
148.5546450808967
89.62632137834458
71.32252000122884
63.480577544093414
89.90460028720298
173.07634202769788
51.565133768380754
173.85877562912566
45.0297825414229
141.28061825069125
208.1173306210355
139.04500147335767
103.69174026076004
157.98109094308865
133.55540010787064
169.92140718422306
101.29032992914173
193.2362409808894
148.09653113894362
53.249240716196304
178.05495530104588
167.31516888952024
29.300056146247474
126.89872145297477
32.358236378822234
173.0359568467878
142.10623089805344
103.70779002233135
105.80403880696832
142.69015127491951
162.38424493922457
63.298005407399444
222.2107157126293
168.32412823515443
34.99629893240005
123.68131284759842
167.303503264122
54.22960458279835
104.19372693168228
87.35716331549945
64.0320567553322
196.7944591758016
192.20810264513264
106.95221305225682
203.56456522258148
209.63783193103515
207.4672817751007
30.638339246341495
101.50674152853985
62.39856198691131
112.53062442324615
186.21864096417892
147.13756583123657
150.1597563768487
180.62376179967387
212.7352608134987
208.7002154957885
137.3782527883559
153.7954938161065
78.59329522103204
195.17822775379497
40.68983418474965
117.0433790703782
141.5301862892888
201.49716339086234
205.45935515198502
49.04656184918533
190.05698346194114
75.51037873032355
194.58935861887602
42.51842967708055
222.54807604107734
206.71645127598197
212.89704210661503
194.24678800107017
201.61006132485633
35.70483141720656
81.8120340343406
188.81231362001245
219.15549602232622
146.1377846259764
158.7555661398423
74.16189577322963
192.77714647393057
86.67020973524075
109.21632607861093
213.0447464560997
176.3800179796476
129.3001094821205
99.41124208665677
65.88428237373509
176.5389273705298
204.2306090498141
69.45866737956075
135.0158433876157
184.1562254501499
191.56515758269646
44.04606590892324
149.1169477613248
157.07520173663127
41.89357599573113
153.87026908813388
114.63319617005551
159.6179789639464
51.26938269162735
202.20675622604764
187.82570085107798
49.23294753778775
195.51663435708247
186.4766371923277
120.9693592696762
55.37873916583207
194.0922364874038
200.24980361303636
157.7649889896522
189.30412189358654
46.41890570321697
26.371901619858356
196.80055759195344
66.57583426492154
178.37241388394747
81.68481610219044
176.28392139641346
68.05390744999562
148.72039694304445
166.11231215299057
190.46258316645566
55.62325301098037
84.09755184551148
220.51394285738047
31.285135795188097
76.82642259957277
165.5533375038868
82.45514353458715
162.6031179355075
57.171761995145346
81.65337670770745
136.1026554075869
128.41244794744807
179.38348556586146
194.70914514542403
90.09202635246946
61.43481548270856
57.94778332311827
220.7441358371597
208.68793905247568
172.8623846575587
86.5093569807846
147.6131349505174
95.3879911848794
50.35465913964651
157.93697188613325
189.37246201171348
173.39030387835382
110.35720608218311
194.50349777372296
167.7670777921725
174.58499403152354
144.07724206645773
161.62981230014844
46.48826408278282
57.37381447421837
139.28761553508585
204.56404468035043
88.57827915162322
138.83701229515074
196.4317481929723
142.85423448408454
31.3837627464455
154.1026680730312
121.63269568855685
192.8931063741213
72.15214004851981
85.9239368324887
42.25185271716145
229.12432075838
200.09477022505627
146.85179649306195
66.24487879437478
171.018178636886
113.6703366171644
174.638259271881
151.3338576963321
140.15149812639237
185.05167900662244
177.51495623877415
207.3138823674021
26.0852281796561
182.5129986521849
203.67290114722792
161.89844127082955
148.19521655194984
113.28670073800419
207.31897972037905
136.86519709170332
135.41894003788337
50.98349852980815
192.99149983956679
82.51648028682091
165.78141163439105
53.38312583912515
48.342844412203036
170.49656565922177
131.3781190927235
174.85682999892487
119.80898219861528
223.31362618519043
166.29147063128352
195.14213864032882
196.46707403357235
154.46615602409935
189.8521050696695
190.842860710424
44.436057828202124
199.49627700385443
188.45317730396266
157.6655577883626
53.21337920250982
104.93674765782517
186.72257764277325
97.0321160461659
209.96403030969987
122.04775215709765
162.19761417847025
212.695796226042
166.90850145865463
31.201453943419768
169.63069231921097
94.50061948885231
182.88904062633898
177.44086508958787
42.66772869050802
138.3605917899324
32.38490657421756
66.86910283764422
40.0590259426014
85.17723153095191
33.65523704522874
96.60301379958895
184.04577474396325
144.6294311609705
177.29814841262058
187.13492081875012
207.48181848957506
178.6356972008858
180.41889066291395
122.50245427328511
47.46860015697351
69.16159019621409
183.95233471936635
213.45037399505813
48.59090055562068
166.40410618507926
29.363864680317846
132.03096984571687
206.91385056669145
117.02771358215126
197.98672092988443
188.52602413444
153.8469151677258
213.08926990401596
168.10705353872353
32.50725453295294
30.90419678270075
52.22042358124365
34.620187141063404
153.72713612723828
185.15859808587
115.56483952623107
54.63426100049118
136.62189527691774
166.12360629464285
188.78941751981995
192.47042993665193
186.12682611752166
201.14879375090243
91.89102000262436
181.51615774089814
85.80572624770231
161.48317620928424
200.1026794693136
41.062714053183036
127.45949618106943
36.053471881233456
145.4227829246967
42.64551335386283
96.9505230556783
176.38886678707712
170.08960844235406
166.0669043788413
188.618168917919
44.618008474133006
70.64700819813235
66.90635896651321
199.04610016481175
137.26006739106072
221.96845446984307
198.15929704203484
90.64593210215304
84.39036381673233
131.53854919654043
107.7733916314071
183.7790807967754
178.9687437472629
48.61858542724153
52.60911237658254
188.57379632819254
110.2340422803122
127.82519886511274
70.41082529790002
151.92605403316807
166.69812761792332
85.60965281166746
179.0047806566246
152.971014487409
136.14957894033313
99.09289200718936
182.65345819564828
173.25951835418172
175.0951197536556
53.109830353303536
41.83026509635658
176.1693721396121
157.15796265246505
129.53355138878172
145.38843798328503
30.085945002010458
166.49175625413307
120.3128061578573
191.56272938648667
38.485271066316116
180.0297468201324
205.05552461761275
201.083037449752
66.50214795703144
48.55244160248974
159.28158431286653
82.50798336506286
104.61750446371406
102.96630338297646
175.85127621745957
135.7542584540312
121.90990851279213
34.97545463365777
46.2625510427599
212.44004896804222
196.8304412917484
51.64177953800672
48.59058721468436
180.38445997829933
201.1166459773405
199.04696165792902
154.68202209963871
67.58410150449212
165.81951785152336
48.291195744765744
80.77776662879982
121.89490117485279
82.64982430444101
148.43984786956128
194.15260554611126
216.96727227876093
81.73479991157627
149.41062901294916
175.66739981595094
43.5899327525651
230.84903546008988
198.56312960095346
67.61026245118906
198.70791331379408
92.0099877545519
184.89358975998857
172.13268436782406
222.6071387165607
194.37849467314288
204.59512064050494
153.76776488831865
163.88034902600583
81.26175267095945
164.82920650000034
50.20875660562273
192.82964294188426
178.78656208626768
97.01793466870915
163.98228533214476
93.63585967076074
204.7505550538559
232.63177043128545
178.49391949218352
111.65959899260744
164.81726066645442
85.99712046951164
188.59761364797595
173.31651851630065
118.00964918699408
180.11912615361604
76.82436040019091
189.72459036976056
74.7790184230168
201.47304188062165
105.87280222826072
32.9903164567165
156.07091490375845
153.83321364301392
186.48497141829097
74.94924211992031
109.72543114732433
196.9219199411289
177.840731788972
188.68041749838216
54.26517050574165
166.39323210520845
209.06357773988375
