115.66107116387977
175.47331275016006
183.14171160300214
148.43654356164691
137.5347514062541
107.94558278936675
163.66810271634867
127.33919964662874
82.31310039934127
124.36546633559631
220.85670647133122
183.5082367064744
206.8478222845546
196.65220606818036
183.48354698486165
125.46371081480982
184.9380393908744
189.6885795521966
92.8898113287258
25.919915691386286
74.92953606680136
35.270214476655205
143.34495651080323
235.04061283606214
203.77958219405213
139.53937031435066
116.30511643286408
120.25786049720264
72.81756776676278
145.79602467781527
142.74460001473162
135.6084803598517
158.8873041847234
186.06535393645376
110.26558563463858
208.97191985481916
27.238106418902845
123.49912398556347
181.09408879792602
65.41940054309289
183.51660323267853
117.66090518191392
85.75442277290098
167.2725590372282
185.68879281554098
186.33657249299802
134.8936758265201
126.41253961511455
52.69622645094879
88.11098363690205
69.22406590183947
97.97414537768798
106.9191098662986
162.67399225327725
132.2338486452838
156.36937978618903
133.80323268817796
51.60707176938067
201.58928689893924
64.90632445543454
97.23934354230863
74.88823363580696
188.65717269135715
213.05260960651822
42.31339753638284
203.7130176269929
186.99263911463433
201.79124936723474
194.17389480649442
187.2566888734273
97.15712833788164
147.65283749118944
121.76997352912662
39.57120129808732
142.37645194902396
72.57539798652164
205.68708384035165
181.12337389686175
215.936028944347
48.783578272291514
140.93534788157564
138.96673395870081
109.43856071451874
97.58221726644135
78.50682401632885
115.73122601246479
45.53437003155382
129.09687242505262
32.40346566246517
155.24070584114466
169.9412483369812
72.59137379881116
210.167771479455
119.82015899538436
41.85612714334993
172.9838804805718
139.03429049841654
101.4099822149912
112.67696281552429
146.35140524891418
38.35926847674796
151.27737171582856
143.8951835890399
169.32565813178834
188.58643827624167
148.00672684675766
187.88284860728464
137.22697835930495
175.5575126776258
124.44290095996162
121.03845851200457
59.33676156852204
35.474835158987354
67.44987344844093
93.93799583283811
60.3526334446886
62.64597054606712
75.49734291576756
219.09997505637241
146.33910922909956
191.04851330983823
126.82007295093499
55.543243145131996
28.02315811005471
188.34345043963117
50.57209436258555
127.86416719230868
210.955264330748
161.34323786573896
63.039510576670615
187.4756182011171
192.6911063045419
53.606344144026515
178.52478462036956
86.52409399856833
195.99884100744907
80.32606764701666
202.51726441164715
160.16869475006305
188.60855728786404
56.26076015783513
199.72095272018524
190.52726844377355
87.7708815138916
190.44309976072537
183.66996229839046
206.77164100440737
189.54394029978573
192.01205323306442
181.790313542926
132.87085898370117
33.55049820933706
100.84249171962782
87.4088722481083
113.32232895541293
185.54605163263074
56.239261989764636
34.632273916624726
95.14107017488023
204.70576522598017
35.18872899378323
201.5932735013162
179.5198944300287
181.38935246786335
145.90127944162361
209.27740208448535
47.088931465836524
35.24919379483621
57.854901241764786
208.9287870777627
84.14018063843055
161.15449839780666
116.52115109984115
47.02369821298204
179.4789640852233
111.44585122175599
40.85784205206561
116.90268702500195
219.11975655127844
91.58040413407326
178.2183585867983
189.41341793015374
43.34711034974101
158.7398167964
46.79408081615571
98.46838818586855
52.33601304478375
163.74474609635206
177.53919005354788
52.64104015755453
188.2820941161357
132.21378237351863
90.76644089801033
199.7595945083561
52.099703686832626
194.01238676118194
37.67753242953482
205.7631813490678
197.23683008429106
78.12898959984385
212.60694177692062
141.36702463389733
68.34562473281817
98.74182122799088
193.87617828789539
160.00519626597386
132.93416112956203
88.58914021842183
162.0197359675342
48.259508785822426
53.76461477777033
156.35360794610537
177.99653556409194
127.53784398927748
117.29682657963812
158.69685667787635
164.00602948676865
201.75368332535228
217.29065336973915
212.165471065068
211.38332357277216
164.63728633534106
177.32822367666154
37.99232693112582
103.22453843194629
136.22170183379586
203.4417230338629
172.38656040784844
143.91257945887307
134.6697430644207
47.64611505286118
164.69456430869198
181.52732865553995
218.58155091420437
204.18164906248148
103.307264252907
169.441260199384
27.205266333117766
108.78520991195009
45.985387064839315
39.15892946409989
194.49474757374307
113.38342551464324
163.09438179215985
92.54087453560348
198.66016824506795
84.78937123206458
190.09053435344634
63.91904061985077
211.29003051216515
135.8553352507568
152.14701927126987
61.44155005250475
86.44732378090079
47.173215229218584
170.70833371468348
57.393634036540256
101.82177398668912
178.32061012775034
185.37422295211042
201.78901461707852
175.64096494667714
112.47736938935235
149.76970590885483
200.20438545802756
93.6807652053861
211.36134762044185
101.40109038557254
169.71452762399605
120.47339762465673
60.23845755718898
111.51708018474542
135.1255213350357
90.19949769384118
81.72936217482206
48.171445201032704
68.00896262958749
207.50102413981142
128.22493966140013
148.91740150283442
154.2991224766533
187.9494415946811
191.15739204595747
187.8508716630685
116.45520843667838
40.49988358638167
91.20551720489068
186.77292449784798
188.70540102093122
154.2398266589949
188.70271482949065
42.33068929306318
197.82418768088
207.28128833761383
65.00092601306774
172.21425725030048
201.7198472069876
123.0348512801687
160.94019076991393
214.64583913436414
145.95803626991767
171.52056265997095
150.05094297046415
169.13407830391222
136.786711222041
128.08120728920844
107.29789898055559
121.60190852530447
210.63843333333045
42.353183931277485
217.41273391130184
195.35013047527087
109.87112682677338
67.02739667565525
166.79998510467604
201.28196911183082
144.6993559104408
150.5107408320593
214.90585002936595
181.3118450926893
211.40535786881173
126.50132199402049
171.48486287959042
174.60099659257259
121.51019521628997
136.11294146456243
111.73417766732645
123.62834512098301
101.05430685304587
53.98459894853508
116.6011867365173
210.47921242227488
173.45339567598072
62.77221320771999
115.76463120996321
57.646109301467554
176.6712597230507
183.8881929859598
177.28435329154868
121.25935840522935
128.50433977918158
191.8553621158406
194.81380347650008
156.22085503414226
142.67463753762107
119.46090231319248
178.1909413790041
131.5397667901595
35.56459414568709
70.7703612560936
165.5928143171592
187.93885199949867
192.97127966721555
107.84898145386379
201.77401218659065
123.61827306028255
104.15570710128185
139.37544385528616
199.68164542175296
210.48757176134566
90.13143030890097
169.5272562277857
92.20494634106582
146.38749668505662
195.71622153294268
115.4945849900224
97.56337942527149
147.69062602880155
40.77061757260153
189.42727592716656
182.3519943092489
188.32720019494144
134.44151915423296
196.02849488418252
120.1786645871663
47.07289158711549
38.022832102863106
126.93615161810318
201.84968305393642
35.63972083211152
120.27851803377094
141.55639601232332
145.06470949925682
147.41871050218126
82.72364877367113
53.137264035653565
156.64374007182144
146.96128714238316
155.53957253110994
187.5975856363736
203.96644702197426
229.56041917270875
123.38901122464577
34.722972562229415
205.30216724234901
200.949341303584
204.57723351069387
221.77987484262474
87.0662738714419
141.8720045098565
134.25553901986794
119.2074470893796
182.09413613488104
38.20512569324262
184.30319848548731
57.51348952302787
140.80049581265078
59.92805279597263
210.79557298013088
101.42076951141836
95.3600553503207
54.59082257307727
148.662339933274
133.2369295802387
59.35873994175326
175.33233957159
116.57980393479168
88.50134071437034
142.27527226619517
186.67374226256072
76.24219466202246
196.91125961196724
211.8815719753911
171.2659379981327
117.50718594386589
84.00097697170207
214.47335596062118
39.57816626284915
205.26497207998466
117.71757382444521
206.06529626528902
201.80889238427557
130.97883538884867
110.26054021358668
37.12099545223968
212.53513276670765
193.59640576167843
98.39793884693626
156.42626197892955
176.7909485743461
141.2068234853029
145.0743214810462
70.30015754503486
200.0037893292353
203.2924512043113
204.80571088624401
73.1429748180033
148.23939058301855
134.11549406109904
149.09704408326886
37.71295063743339
52.20412819900446
202.8552930792263
47.6892947318162
173.8869252860452
138.05289487029148
120.5962031905493
204.30963420583777
192.64354998093316
174.30565688683149
60.71089680636648
184.74841741182237
222.9906257577406
63.331367211831314
76.29429471883272
84.5790897258134
28.61992749715443
195.5020787315088
89.31580376745437
72.43828520455656
177.4725575225507
112.36272740502788
183.6353570719684
32.7593545875099
209.7772173349876
80.13260462560861
205.0051854963213
178.05968938849196
55.547327713196175
203.98943416188195
154.77010447446176
70.02447767077119
61.58952581797779
113.0622528241052
153.75258414275118
37.4506828097784
204.9964831799289
210.47627861201303
133.64138465812275
41.93019394949502
36.326211173526026
84.56458659869524
101.27643864998042
197.99889415897175
75.05242555489208
189.634110556268
159.35980750793433
148.0693104895989
200.44183190593506
182.4279713058686
126.19028640701197
177.3374849189906
26.185210450339074
159.72921941930977
211.3122445732254
201.93333100361593
181.81421751192755
118.60005910161698
176.09927387218852
29.40093689299385
44.19890606481195
35.299031715481604
60.879818246131876
196.5038660079843
191.11703651951188
208.7691306150648
190.84950808994157
210.64837069099158
41.36283283555429
193.74373875154367
176.94257696265248
196.14253933690398
130.58981414095382
66.51707571599587
189.00507746045403
213.6958801648296
78.08630815184331
134.05970269736898
187.14831233652575
150.68956048944352
172.74500155584636
191.16410308226654
120.62460084486142
82.56251159082387
192.27275332103935
129.09687242505262
198.1996351436018
89.63705917763696
188.5907160120389
74.49840728081543
52.8524843115524
194.205593704329
127.14684085658531
188.32599951205012
110.82393855568019
56.49894383466654
157.18618669941344
142.3323182441513
150.10463043914896
207.74739509242463
135.12338276982302
72.46304597153963
152.98226596782663
63.67070170653061
139.0250409034965
95.75497725853099
198.01436028124613
179.51106235493546
144.94261591634
70.26626721590662
31.79223155472686
205.32907961499006
114.35368140867493
178.7391275492514
226.01240621523226
90.81638772334259
144.79473792873486
81.70729657296867
201.64627312251727
74.65776482243254
151.75473948365033
68.17547941006717
194.4716723714386
197.72499605766652
136.61874568880856
175.03172071700752
194.47417094077102
180.97066786177172
87.60033548896989
82.42645667127493
122.41696454958556
129.8565576190024
223.33808851828695
198.65126555478815
140.62326133908985
179.73653895236185
50.809079867646126
185.1279179505435
156.9425583872794
86.94252015296871
142.58198328223244
145.8460611560161
194.16162216362514
180.7736472989879
176.23119473170556
87.8548864292111
159.60510893273008
133.41850663925084
92.2513639112422
80.28771794355511
197.63170969945304
170.63802968444648
215.5602539808945
168.5377412710337
190.1689162558599
103.91712294816016
186.3462062728894
184.12542890112726
153.90006122137697
137.538066333301
194.8439393949495
94.76194330324891
130.0996143844959
163.93216874782277
173.31358361077034
83.31375688011539
211.09613636237586
88.79187046551218
225.96370078554875
70.93727687002388
153.72057893242712
161.13801181117992
137.88301164755703
188.34027274562422
31.658069220985734
138.24199364403498
182.27810645846415
173.56752683063056
106.89458013136684
108.88876265233459
199.51043290004077
78.9436671597123
147.55352672206644
184.5000518564945
181.5348367483317
65.53973910009445
171.79283680605693
170.59213870249368
216.90875779320746
170.0654162130971
60.14892517798038
84.0196852790069
31.70176891123407
72.12172377679894
154.6066167436461
180.38083218862073
157.48021816946033
41.61172065423073
143.6435038350757
199.6580085037664
139.4605759110578
137.89263254275144
124.98907930662634
60.964854183751335
203.48494375073938
51.712316260091995
29.841733992350836
175.66283548166683
194.5875795027212
178.28528707017034
189.4850472109928
197.69157492692895
184.30750341497978
35.48427635578144
76.2419455577721
88.48046803404165
53.037072401305416
129.13021399276928
201.15672372556682
135.83174863439524
204.88229764015506
209.78596617993043
73.45437785612862
212.60582775327825
104.91509637431783
55.35017984091674
193.2686090455964
143.7615893353418
201.8893568377443
212.2356289412005
177.86212418618618
178.08696401486827
187.68026050257578
210.72885367805122
193.42996201161736
147.757282589589
180.1848112653783
99.4121737287149
181.36481897018996
151.18630350709128
72.9792072911557
79.9496989982031
39.248670836897986
136.47877765727662
185.45304591472737
114.36463603260724
63.41557285290623
157.7925791307182
139.41128972142016
128.2739455253275
140.88522500218102
185.9054165610348
176.31099874196582
196.2620198664398
154.35025442285942
145.0454706351531
138.5962278017483
114.53860876352456
189.40963692163606
90.96630097252451
181.53186773988554
191.51319841269196
214.52169692878059
104.54947135100585
175.57568952358415
206.283612549628
106.103475164456
197.05335800329146
151.9214111199368
83.42716352177138
213.83246234809118
192.34076001898893
153.72492451571034
99.14623164389164
219.3209635668529
209.44110838844642
129.1071007786725
177.37456342120072
229.26473354107318
103.83905700392577
204.40847475687735
105.61311373929189
204.47281514719265
231.00271753610454
62.901938199695074
159.1239422536034
97.63158796221981
56.64059878945912
200.85593416277348
170.3745756507175
187.51052287382342
92.12484943278069
194.10295236091562
191.31988982199618
165.10522731847428
184.74405532473438
162.65896521670584
105.2375600741097
174.73676244440813
35.32994677457688
147.8593911912416
29.83600464931034
165.74490858614655
194.2242303886104
70.34854086120674
170.68302385866554
99.18137802117727
32.26611432893167
174.7427907225478
36.670805169919504
30.00302266008971
214.97302048239644
165.31536193959226
58.91914274936387
41.47491392502223
198.96810090291245
177.18486593628884
64.64724788443833
77.46567292122447
115.49551379426943
188.10753853132732
202.70526983672917
33.83998153630914
199.0319915308779
63.46248222261432
129.8641853843558
157.78055428923736
32.269743933675336
153.26561438192292
67.35208912656692
171.15017301284075
91.43446392309299
198.3225587091974
115.40838042736901
97.60344923897901
113.12658322468836
82.76364596786858
194.5124825998249
120.91493663429375
143.2981636083377
235.5819823170214
171.2116838573148
125.3763306018886
65.49213655965761
219.79254295111298
122.37079008434148
202.24039615213292
219.48817384102927
198.2985544852652
143.40429440461912
101.68324817851445
123.241761031534
189.94638087944642
46.70557147335908
198.74698220377897
145.1982586094056
187.51066824230472
64.12052635319557
154.73739470347974
83.04224195477907
157.96301302380468
137.06524508194215
104.99430675484534
48.79933165817599
159.75881822531966
38.92833106256925
179.30327276235687
148.59924861703703
197.50622712548355
138.46448906048113
183.5863006320806
78.09594910695115
118.4362943040451
31.92646129963062
82.69878098283547
109.620184812675
226.4792343577412
158.04361719896022
145.13427571109403
201.15894681534846
201.3023566861974
216.3025241071119
49.16566222825964
146.85924606539885
178.76324375528375
174.0288054572548
27.563994497734356
64.79593255005314
87.73495895615318
227.77318311177274
188.5951110313518
164.966342847795
223.3248221687953
98.63615118356903
47.50813458142044
158.60715775279502
168.504111274741
129.96922787561647
203.86647526856999
89.02913044904109
49.69327813449278
96.45454216493528
195.29559170410442
62.64900497383308
74.65775278438669
170.14562018571257
193.4838001778401
175.74674601851802
72.51590082038636
202.17003184057694
146.35369236393146
36.95863969700989
80.45426204128108
200.29859928349268
184.57383499038383
191.02327777983174
88.58287971901676
66.7201721129016
130.26721273119625
192.17352142593202
67.54436018669294
192.90338116934825
221.84389347061315
191.4010489843132
191.23140671715925
185.24161600284344
64.46079608289054
132.60426956901463
169.5644180360195
101.12741821016142
171.11191641699574
162.06839670333252
201.82205081398516
170.02655900624217
215.82759785505655
152.5739056498896
121.1256750336629
46.17676137312543
194.687472774225
90.11598778835786
67.88618197605498
161.88792356090798
205.11879570718997
163.88929643161129
103.85768325548688
156.81672281853218
206.0764270807195
210.32429531719603
145.21311447107223
205.03989326981954
161.1371564924649
33.25364121179388
207.36576010793192
67.20098022520189
40.955889967023545
156.628422797535
155.81847596924243
168.07674647392253
134.13384655996475
67.47566361284645
159.15083604202536
159.40283754914716
58.593170865319
213.3132074116848
187.28922265479923
202.13565512230082
37.35001873631869
60.675660905061484
158.38400870379402
163.31561482569063
202.92737476340656
212.3307451346474
137.825493407548
154.3349755020316
143.25329399660632
49.64057450314237
99.01294844078807
51.57502661911507
95.29928401685005
126.2564019048369
88.9722495644448
232.15718781577218
197.86364967713394
61.37667882285167
146.36879993746763
45.521422990985634
155.49986713613035
196.68896105362748
157.96242993353113
113.3335435930989
198.37652328232497
140.36377519271403
188.31659560629012
182.23748347502823
194.64499000133063
179.3495614227684
55.751074413350224
173.16348500045166
150.0481006294977
178.75890391719926
182.22543043107368
222.3330837240747
108.29512436134749
168.92666314798151
189.3882376097645
82.62361740203812
199.77913281655265
183.07226152446398
197.53362986323734
151.98801936227122
34.401182580435105
199.58964089708226
209.3406911893674
150.52919755595883
189.4380288949489
88.31202179582527
139.4095903538633
127.40941487263693
66.28652789926615
190.01560481460925
176.06851379318735
147.10978390809302
181.50992852586043
176.4120430028066
167.88616561234946
165.28379239882338
150.74254015459252
149.77521053996966
89.23845712269868
183.48062207835827
122.25822038924402
206.99823577171895
187.69683193606525
66.9314485179461
116.36641490251569
166.48633325196158
27.434299339425053
175.26357457587696
91.84052946950028
161.3169776878597
59.86473716352474
182.14349632466963
201.8191078872885
106.7679425305241
190.0761592451376
182.27151016105205
46.64136404037876
153.24149759459084
205.34662347174498
173.33214163288602
218.10558633623896
164.82239167239538
139.0195698070898
176.50364086448639
46.33083471277525
182.1989868978214
224.65906817601805
115.25588456962667
216.81519034102826
146.89722924955234
183.37172692734762
140.61238527900375
177.47497419254333
208.76513882832936
209.00681459570427
184.15463690232812
120.26990290762829
162.24638574931058
57.90015280827001
171.169933007714
207.23976758773557
27.47448039134419
192.3767488707985
176.587214584031
134.52648187972756
206.2386333607171
65.37247993407313
172.8808674280873
65.8185523608702
107.89962202665808
209.09104984508028
177.08181240416008
108.72313972950134
52.4277263897088
223.7071732330953
185.98318024652102
100.16847255544089
31.061471174301843
134.93362486768413
130.34221427093354
78.08408283732258
48.61217276622211
215.26798379895058
102.18759629777605
177.58443553446324
150.04855473392146
127.04700798447611
117.65546684131368
56.45813582702445
97.33059806078676
189.79826170391314
172.06972021449175
201.3029871428663
123.8447878482651
183.79415492551206
100.22523019830724
78.10080987664928
49.5344291383666
120.29593301294561
191.71260221522007
73.86030951726839
217.56062047399286
161.1385841627504
49.19323798375173
174.88925368819778
188.67110802993588
191.87167896659685
220.01706988375176
169.59873977081782
160.30871318170716
197.28538755269412
189.14856178635603
209.4637041491518
199.98473843722027
184.284164355758
50.5289803005786
177.43930563199146
105.87494995471536
100.76008048230932
195.82546065639826
165.97725806670647
104.68896891382407
135.6943282243139
80.4352962358456
147.93588088362588
201.13691368295002
138.41288494784826
35.05023132914386
192.95232704589804
91.6326124364985
197.48861548006786
142.10880250851562
69.14810849872318
105.59275976408725
194.1614972388841
87.92017412425129
118.41613768614859
79.40517339659006
187.16466245902117
189.02102649538952
163.6739771301016
198.54940107128948
180.48884449872818
156.8810521189169
203.4639843833845
112.80389609999463
175.31742763762017
94.61057912118044
123.16046755457988
189.1533100139569
179.20066617827354
124.17891544667498
122.08353843162685
196.39937654277165
66.62427806064701
212.51763730588854
84.73095514468973
198.90717495633112
27.39343364614208
112.68654123584678
30.50557501284039
33.41438688166606
185.26490363698315
207.42757962893594
58.76929380606778
175.0514887776409
67.78503383266573
101.22780624186765
71.49184096511921
81.18866923954681
97.79208005374072
79.98188580115949
81.08169197041208
118.84122794345207
58.34190167967683
48.636213212749034
188.74887450881056
189.2540656023608
194.25627110710323
191.3979405830644
120.86491616249907
129.50337178799361
199.27222126673152
169.87807220222138
88.30197995399817
51.69882362024169
101.82043436696776
150.29445341430795
166.17202877011778
37.52879169192036
49.66509001064091
131.41195348577978
183.14442559535598
33.23228396395028
60.70848604023339
51.47748039216106
128.14247395371538
198.82104195464538
192.7744583597197
42.269264632042194
173.23578045086253
80.20493314499019
94.61402871105739
185.53156256753834
105.2383176633255
50.579098693690995
190.71512721683223
118.08567287306995
138.27229635156354
141.88265318435273
167.2673273116331
162.12780810594876
173.94193738865152
161.83589504757649
31.752330253648275
89.34106414112364
209.92328693572102
88.56440260127425
224.22273699453575
61.97742948066625
185.9321056667338
90.32349227321296
34.29645904119927
105.02273042025351
103.76808000765526
28.92109188641629
112.4559313437091
25.84196294133131
176.23214662832794
75.91927294311633
148.30136243365695
128.94238930834473
51.7659840364775
198.50153231251298
177.9722794246833
166.74059077367855
119.71574252856458
139.64381405712854
124.47384861272246
151.9388843616466
157.15804905773476
198.95038578417743
176.0080048936747
41.064652105731106
192.77796095649344
173.5583927052927
182.34245381151592
153.8144031995596
184.2270252561914
175.90348884346486
91.1619950101826
89.27001638402005
62.364448863061554
93.53619582484347
150.06370390887068
141.17195663383828
152.16412170469533
72.3280439651729
82.37775835305114
58.134136102175724
45.74856058575408
39.78207960991914
33.84071689631903
149.78336765351642
198.68951505200113
172.1686702448958
70.26849306142678
52.55159326418014
117.34341569718138
160.9063252742053
160.39131883612845
42.87644302182551
197.12746387149417
162.78191435699898
189.2678676581899
182.33319168961359
133.98920950745614
129.4827677017766
122.79444828583202
102.33965475170986
181.7682672272375
116.7632790883959
143.90863764470853
190.7929009637813
55.526737868489235
31.312421195502978
85.57781926378479
180.65112505338038
198.05483728901024
139.33302353379932
110.32419258409143
190.84495218848977
39.255259796667254
131.96312343287977
179.68005861672148
54.98381697809514
179.33514911890512
182.751295972893
157.31139562470864
163.31420907871782
53.18363721542523
101.7269567016916
56.95624008352469
156.8271800436877
212.08574714210545
37.90236217058989
142.87458423624935
212.12029552629133
212.33378748872235
213.36428433232237
198.44081206108774
134.41906188045763
201.2412279794191
50.73355972690057
145.9457402200281
74.01177333226448
202.36357129600967
88.6949030768735
173.2216406075496
142.27823655913707
128.52333387218331
47.57692802584982
134.58101450896604
225.11241003894693
58.27534828016976
185.89102706797422
194.4581110003983
192.11450032109346
140.30871813517135
145.23781934818203
159.47822565160865
177.57639592324884
85.90034477222434
72.71625266934556
156.94961854463233
149.52070290786943
108.28384125580713
186.7444804262661
200.55591161379726
212.1461653641866
156.91488081191252
139.37193772737007
191.09625148673015
144.17375753935357
64.61402491120711
66.4321862477593
195.74392583310805
200.7643467132559
124.58953844311786
103.35673658365117
189.51918498772005
190.17785129658589
140.02938860718143
75.89060614909805
73.99828814616981
54.811741852560544
164.44341220410206
181.14184878127492
86.83664241235557
176.19296731642524
128.83678180766793
133.7763017696313
189.4861508789954
155.87376337328374
152.66773172572948
181.5969273441996
55.22172989328716
111.13216000448581
33.92584918982649
177.54135550544825
192.96879882808176
138.56484774064793
150.42097253760883
109.88967837730883
79.09124819367452
135.2419252822051
82.98038687062106
186.41562834152697
184.2524389805286
162.83314784695946
126.27924279048419
97.34925597168143
177.81827131571865
198.91498590836994
169.48359420650237
171.8151960304865
195.01608237501978
131.25939167770406
211.55624381351663
134.9227284353405
188.13462661085566
202.8544084494459
212.8936703656538
66.46561190589806
153.18256062822064
210.54781317186277
210.0671042826119
123.57983512346749
56.10545499134352
55.30277968115199
171.37766855466492
222.39623901423357
187.18831383869
161.51144615263254
232.0080571045573
46.813757206314975
116.24120027585575
112.3915952020193
165.20656246161403
98.44899543327567
105.59313252436102
187.51715243615365
54.87620450824389
35.79079193959525
162.6608906884736
193.94273389097222
171.6168527434621
62.32307486077077
25.985098399296593
74.14325666670462
176.76146166985487
93.85713365649558
216.99847554752222
130.06415948092683
198.00467565860387
212.88295850454335
187.5854305543027
195.93746295235536
101.3676204010445
48.35718407520997
224.12064916209135
29.476694792744716
59.119009717272895
187.7973155213442
189.39162750956228
36.75743741079672
87.70578004611116
127.11744468210576
55.87978194789988
107.59814479593224
205.3415495679812
170.16712616494158
87.13571088807792
50.30382189921029
192.26433339791228
155.7496724977801
39.71100752967554
130.0017942352027
122.93614695503354
159.81391632772142
33.21369278631305
30.933321801382768
169.21117454459204
195.8911892877206
172.49251927843227
207.45799777844417
108.29212041003062
199.4956184664629
108.9666754618258
104.79806134478412
118.46359640729678
126.768241282252
224.44265412292324
228.88020262675613
193.5592103183785
45.99661611178252
221.1223271785864
52.154848205867985
109.52047011145883
169.50358567788695
88.2938140803597
107.61311492800459
60.09286431856168
182.92711666662115
175.46859089239038
170.93482513239232
201.25252706849315
138.4741111906276
41.64601509043158
214.1436639081214
42.43355380910539
163.58158579736516
183.85548253710948
135.63185437774385
142.10866023805764
127.83142709479446
66.50954181349944
101.82596825839147
102.89140587016072
151.257362558592
144.26092896736102
91.75839887714777
202.71853852044825
202.96556934653734
196.2620198664398
200.60315206464705
71.9494334740272
81.74597440271923
90.23602489286512
86.24798832042221
179.1935774865429
164.35077982180135
58.511808864846614
136.35748681568418
120.92165677478498
123.5858647919936
69.83998921483254
170.60572810150782
75.85230007573745
43.040010216681374
73.37653310971714
161.19145037638916
51.47277664722552
88.46885117917567
85.49052793954698
182.76887019944226
113.27800195371488
75.33207526226496
138.25868441008802
76.53199850419568
75.38613677641774
174.4410140916365
213.2160215859553
75.27946367580022
91.11911257043585
202.63346005733695
159.34313148763528
184.0013172496987
201.50799921818628
176.17362200999418
184.33728804066487
110.45416662935469
58.13678897023109
192.84210936509825
134.61417341123467
152.70435939740386
215.0027574977044
148.07078595195372
169.99686148796428
110.12130109060428
190.68782422021005
80.62541860195172
96.53763471794963
49.91575608528121
173.2334358986928
136.49015465369854
182.6445059221196
216.0242753656484
89.49105552249232
157.5753757515204
29.104552804795492
205.43157657032853
172.66889548727872
174.5229691594381
184.14696315531236
223.40867130974132
122.3042832393434
215.76693307309318
93.27830307928149
166.3474057159557
93.1770282223541
44.32135670323255
182.8855814345924
36.692177220028945
91.76266738785982
44.926856468549474
165.51628157515654
184.40202550171756
88.96531099253296
210.03695975540805
120.83261251830156
53.24813318108577
212.72700922520679
48.44136900732016
183.12432931348968
56.93707015391978
186.94873811184289
106.03611183833854
44.982223661356116
204.2325252205342
203.28307028239726
234.63535265451205
70.97695987949523
194.5091384427423
200.18710116205582
156.49757275146007
127.2751094115517
79.3747819350584
62.71415056668234
64.1451664753427
150.4891037610904
209.84711350913298
75.95509869788772
47.815426448491834
207.63308201474698
54.95834532022053
89.13860676062224
83.5632930745711
79.5269134076067
90.90863233419792
144.41140279051834
154.2201779907295
221.17169508770777
71.12321477964022
161.69869294193538
184.7015649254548
200.2772532369906
144.69621779808213
72.63070624898083
180.90622607252072
193.12280217627912
159.39119328348133
178.4881120904598
189.49818781680378
162.6954746768724
111.3027465795425
28.481520224321244
120.00265759678824
39.05232960835087
174.18195322691088
200.673746050048
66.05354582887959
157.80117474802557
53.583132361736716
36.96433120330348
29.514778862317648
57.643189853596176
182.61180526420307
167.60810282187816
55.9456278072514
190.56113137315364
108.87125502184226
95.82710919086766
159.67151708999742
198.82990699292912
142.9259599615164
145.71636783600113
60.32738071031346
211.24919898497956
111.99958766547167
179.1063672183682
134.87847580578674
173.81684601156695
168.2630774548904
173.30207954120817
189.98578072767558
127.36066608504518
156.1748607146738
175.9827949315347
98.64765825186768
69.08145816419253
164.12290899669938
45.732870236120725
99.35842775913619
111.3252252392529
94.95587658006222
173.22893368402833
39.87904718767269
177.08151848161563
90.1794192061278
149.4980343691625
47.23467360172202
179.5110733364324
167.80782705664458
180.83539873514562
58.8575246875599
164.18600902806637
35.915402425950965
116.82390790208295
201.99820231478375
141.56172360443088
182.51675682984063
153.5531206459312
59.00782704271692
171.5464780716649
174.8743591391686
51.089423457548065
134.91758336361377
110.54411589685466
127.3786505269552
213.84800698359294
32.81635503831913
67.75376268966009
115.17838637450868
147.675499415801
64.46088116503209
187.03866617345258
87.73954720857246
97.49672050526101
106.11122783507865
195.5466988610518
224.87879844623282
133.70125306726283
131.3075048135647
115.69027355164555
193.56017785949473
59.92602398780847
53.0180255709222
71.47821225365759
178.1358108087928
210.3212292967827
212.77337528302238
205.87473577918792
149.09704408326886
196.06778190738032
114.92267322400002
171.37667459099399
185.0875214907715
122.97624166453843
159.7899689202987
174.1115359823917
68.61171204265487
114.2062104470035
191.85173574688955
211.26407001418832
189.93650484268002
95.0288649771589
74.62825957013355
78.6509622537438
159.13821474975455
46.73934984483926
54.1277715851283
169.76313336384322
86.68428202564286
161.1545602664884
138.46448906048113
116.66240119123599
113.09505706685977
192.83528307399112
110.45067410963836
209.92907778754687
95.72200969323161
163.20222310439542
203.33662488394373
167.8553292710095
99.87261273434056
70.5036437961312
117.5627851384975
123.89583489162767
43.04088174613944
59.98398307458471
133.41643559512855
206.72870835173313
156.5499715368244
216.73764642619324
64.76159011654093
204.3165746100257
156.62340954700204
211.67790133970632
171.003596961316
122.86593253378565
110.6690377660713
157.34612473738954
193.73619079983905
150.04370824517562
164.0434544641653
138.2681387023819
123.19701939071285
151.25303497832155
32.499960398867884
206.78983334384583
156.35823038776695
104.69313882285826
127.4889699632082
189.91343327811
73.28708058510765
143.45514800231817
50.44947764933603
64.70953291971998
161.9767480542756
127.24746272958286
152.98257411811377
157.40848104115267
138.0001555097901
178.61471790037703
187.1515660717702
215.25496121017423
40.59341454876473
176.06290962626287
212.79956954151274
159.36279973437672
208.83917652181046
38.18680758505136
215.37541087960327
39.89036109863439
99.68864293420198
41.47035161447206
92.03461436311446
151.1042087593266
223.3732556235672
123.424124242516
191.53544018590574
76.49200250592145
115.5979590273586
82.57076762794121
147.02913720388855
148.21303455935447
117.53728385567999
87.21401267830821
175.93822168205753
168.78013648928925
29.70348453833491
194.04951378046647
87.9858331935585
201.66747975612026
74.28824382525889
178.54216205358702
175.40744741756308
154.1223571928027
127.15773204421356
62.12553048319163
103.6097706062421
27.86157109470541
106.77411670809501
85.17454353436257
159.57511094936535
185.54537974602368
145.9457402200281
37.68683030761792
161.06141939348814
81.12756359674576
157.560957797834
31.42845505301775
31.5545336654039
204.21053972025078
184.94444762846683
172.2445127476572
203.17751845292145
173.70945026110934
33.77911270026865
206.83196467024192
205.14239918653794
170.63090460683046
120.61151676792629
200.81491581765164
159.4016350465543
194.12509497451524
134.0882849371212
54.35017111366728
67.87444464805426
156.95270096876516
63.14840884775392
52.35621650564564
88.7681100161382
177.0299046216118
133.32488862878995
157.9128633918512
205.04132753649793
223.4620981403365
156.63931724143
163.0826852304913
123.66954884364995
91.54047120056767
208.25661193415903
197.42298359718055
185.6621787092478
188.76613883022947
32.74472075844271
144.64275906612474
191.70977423911583
206.54292218323178
129.10587070671298
208.4829783662031
134.23166248907341
158.9158763773524
73.19157268778433
205.27187848391574
140.00870481988593
214.36812259751292
80.98502545459037
68.93371785295862
176.2230604076618
48.18533185919198
163.83168039832356
105.8806062283713
105.94679569117224
191.67510066283057
36.81311179151605
98.8804958053928
217.09909125217385
162.3216026773751
209.674075064121
144.38268210647695
201.84881472735935
110.79403880228003
193.42695772958828
101.00779993377917
171.09771695579113
61.321522681055164
112.50762223838302
64.3067653277587
71.73915424293224
218.05848084868018
135.21807275860135
78.92219126306546
194.06086610934196
156.35355716443266
199.95386046206332
186.3888267639175
45.589570421266785
42.604608023328396
196.33732523779256
80.53568970759937
212.51520276065833
57.133276306875615
99.56968082049639
163.33184868976105
175.5653797608179
158.04237392976026
194.52579335817066
220.76629998273245
62.850963099497434
90.77532154614755
172.9796156835475
127.31426162292546
163.77343995782942
134.33359626497025
173.6248859381168
167.373370245831
43.53064506767279
216.3899525261154
152.9580629294713
182.25402626995486
117.92416859635458
200.754908754479
181.78836326461507
138.0638456868811
149.7466076356557
209.161670876151
91.52010062847661
217.17591745675975
181.38745790362913
130.8335327454099
183.48987920722544
70.03362638776277
176.6463239852893
34.85435887796629
150.75232976249075
103.30730316611373
191.1701993079563
205.99695473240183
190.4351203119598
37.25324629031387
37.4496588599851
29.603717650605024
142.37288872570335
43.65933504924102
172.0586102238533
132.30096417635232
157.71759228098523
103.90766868009403
27.594179203260524
79.5172004100386
165.87182935100245
178.88686621313775
68.3486162178296
204.83469121271492
221.8608369348581
204.38767505497947
178.23329064934808
166.16124086173292
105.42710852595141
40.98228431584674
170.9829471011206
178.1995962402483
194.79466570373702
140.17968422063328
158.54149984440147
150.8470345781146
191.33756190148932
147.14732087725946
41.46960553725212
128.23598186631523
48.49764904915458
215.38128070800755
119.8384033265293
86.23415122473064
192.9813940395792
219.87688116180797
168.90576153557532
101.9835998091278
153.0367844279973
138.45589582789285
111.29034292181134
57.14863986064698
74.2571322826872
186.1062313668874
63.55867712477566
158.6943877753599
148.80339503941724
133.42501054429243
199.94082423500123
214.40167633269047
144.99733565078697
119.219064453834
72.15220284858161
108.03846245347513
119.814434049314
26.0393650152361
56.63536970988361
174.73526777023253
153.13218180438506
212.6159198402625
203.00989513887424
208.3160390990768
203.1289195575
195.49109341279865
184.41737541187945
157.8217276501798
166.92280343630586
182.0545771824797
196.6755870436916
201.53828862124436
190.65259915520116
154.40495363243613
192.7659369332851
125.79610985147463
133.0430910312987
199.51194222062438
193.75016890932181
146.4664375259556
185.90391967038565
192.69910526753296
182.38644124596604
185.6386669401155
108.37200711288068
205.49097705452903
68.57723068322767
113.33039849199872
146.92693876459552
191.86721980368094
143.14643623487547
178.24627264779357
87.27242547975037
215.55531370012716
195.46173946161758
114.54515334215792
99.25994403974887
132.86429373184
195.67358211774447
174.0281514627789
137.12459754868712
173.42218335491307
182.5275878815171
183.8930497661548
117.5627851384975
152.34225379338895
195.71835396098533
216.5685740078785
64.1630525473936
65.56885821435716
190.9652487056193
106.73740562029681
195.04261973420924
167.52754710205795
159.00680221359832
161.4978265750727
202.63475631850366
92.67831151149817
60.63058998208332
94.15011543134536
181.633078998794
143.64772278222515
183.58098691057882
202.82504661354525
115.85801978188863
91.30086106314134
49.80840136178418
173.16059397702503
155.04039428013286
188.57419163088665
61.17989861242557
169.40123362680285
76.70520004473575
152.6345531855853
201.6580784287035
91.78927847771214
174.29432158017417
154.16842222106158
142.51875167498733
100.03544999873937
110.69730505608811
170.73552602048755
70.11395855773185
116.47921583089307
175.32763797397843
201.2749039650831
50.46206477549566
193.70826735126778
129.07679793497772
191.5991288436744
99.68631262634455
122.35541377859941
203.58208329550007
44.127752882402326
71.40199692001305
206.32513988266172
163.28194596725717
161.79360248677986
84.57335088444924
163.47956603888602
129.63464976489624
180.58383762873837
182.79637960719782
53.09053533248824
219.23542181799797
189.61613670130063
196.1891180088738
131.5296188443085
41.289120263718985
114.38458044960701
84.6323007419732
56.45960713976971
64.87639724243753
141.0809382568946
167.20877160348383
48.59524782108442
135.40978332710833
46.4568447853481
180.61407692840004
172.11017826217622
97.36148907340528
164.91607098259144
182.55754166553024
196.83547225808883
186.45867496215325
161.22146257026057
150.27111376960502
88.23745261750123
71.45931995306582
63.337029051900956
90.03390161281553
174.4035236486268
51.31914603613985
175.3897307220409
45.15034762017766
142.84224001256126
209.34789585240566
135.60288878854865
101.00779993377917
158.92802869657194
132.55703884866924
168.2880900994858
98.83487868795777
190.56134163209438
146.80858841239427
53.44184188978537
178.21876463402438
164.72035217230462
29.363571015538575
128.03202839823356
32.31363415419852
172.63521458468574
139.9641100051763
103.35294328121456
106.62223485052235
144.03282583850276
163.94045291384484
62.543624290342294
219.7816159856976
168.00243594864776
35.392864797228974
124.82997540485555
169.20175564594484
54.61957952593039
105.975280187682
87.14700389729184
64.14851548176372
197.02395209518824
192.57011920340835
106.40441374311855
203.49810644908584
208.71632663772826
204.96268635962363
30.511886618006294
99.58841261952159
62.39246913924386
112.21415132107944
187.0964404337115
146.16963154259636
149.69076354111544
179.39279874295372
212.48510014535017
206.9735891260081
137.8875058688403
153.71881365486374
77.50214978508531
194.61998592330156
40.136312629508495
116.9932260078
141.64326936374724
199.14067331579213
204.9213609707823
48.729261663437924
186.54197778351104
75.23727023648406
194.656987888436
42.93114371593453
223.0760431503726
206.73011402465542
214.66719439889806
196.51792739727176
203.964334845034
36.16910606716463
82.69917538238319
190.4070109688692
220.47716710282594
145.93346572979002
157.9477571755517
74.90228487792834
191.0735783850939
85.64475086318356
108.50705369581206
213.819859236718
175.4643891982731
129.53212936504545
99.43665495933199
65.46313946965799
174.98873873236988
204.19178055833888
69.89466069369112
137.11416014318235
181.98546014630915
193.50008790025387
44.009364025521315
148.86852531683851
162.3987755733841
42.43749008381302
155.72908516950474
115.67769598794048
160.1827841586817
50.809079867646126
204.93767752864574
187.02186128719904
49.244926515516724
195.76154537090113
188.85759223724733
121.90682020689921
55.951633131946956
194.1332852700491
201.0169566690318
161.40363185062114
189.1932284789885
46.22190821438065
26.36028318101546
197.33621967630208
68.25089716536179
177.6649160526113
81.51421599652997
174.4579500233414
67.90154070930429
149.17987286898835
168.23975087278112
190.51318343652292
55.30011608287108
83.96101497818073
221.11481710361892
31.305951618945482
76.78040138415065
164.15489078693804
82.32580427298939
164.0873180521055
58.14117793204182
81.6859737506928
136.6794231271521
126.95007210411703
178.04116716318225
194.89811709963803
91.0587347299525
60.708097174565
58.13678897023109
222.14399592148678
208.04962020676442
174.94795396556495
87.5487046942896
148.20273135832267
96.27354361853746
49.46561912992734
160.7360246309805
192.3936918519418
170.35905831689246
108.86207383836847
196.29355855823744
167.546568923259
172.65565566648584
142.48178037499505
162.52682438821327
47.10962747575446
57.74194933047588
138.53231525533735
202.1938060711951
88.99821158169095
137.94702821436067
194.5977827858804
143.36411825484055
31.477744576817802
152.12988007485495
121.65782237774768
191.726106461587
72.15789299749129
85.50271578841522
41.99501657962273
229.07743786026015
200.69837356962412
146.30644642440814
65.8732997898433
172.38524222853073
113.49637850799769
174.94299904711715
150.43707471293965
142.29139171940392
184.31454147999665
179.34069439571638
205.39333563365216
26.05043547814231
182.99376438799956
203.22828127729508
162.20705496286044
147.08625456008562
112.77453945206277
209.49655374805604
137.27767599688556
138.5934951266741
50.3854159070813
192.59657649068285
82.93497885989197
166.91511663564845
52.6982549081858
48.3053609395375
167.85160075225778
130.8956922186178
173.464329657546
120.08294269615438
223.73214209383084
166.95109146640416
196.67218828022732
195.8919585018867
153.5287319258883
190.2929233272939
191.59160521240537
44.31730841251517
197.43778805744918
188.25602033003088
158.754014100694
54.20203290297617
104.39649500122508
185.62985216789917
96.23372804949345
207.89952048740562
121.32416015957851
159.36274928878805
213.13358373846984
164.70421750115997
31.10995791568751
168.40059278222435
94.3633057616627
181.4964884786197
177.62891247861978
43.0359686734227
136.74217630169585
32.63569151176337
66.75393307640537
39.78255748845096
84.66050122534403
32.97241131431151
98.75124399374421
183.39520292661945
144.73996289216174
176.8949398124397
190.10082732243222
209.4317795049088
179.39084467303155
181.59884272415582
123.46700671455154
47.09509507325537
69.46928791999612
185.36189718313494
212.63644675739403
48.44682683573155
166.49069092714828
29.38901059401194
133.268691984547
204.64920367690382
116.02808529425774
200.72713341658388
187.0123088632089
155.66958525639313
213.69069271716032
169.3359324888716
32.363267327718
30.957639118089634
52.182018834549154
34.29590323092538
152.4790350105978
182.1581632984135
115.27876624116726
53.88778292251389
134.83503340889925
167.20833442731578
189.85071903639835
192.3559282933841
183.54168239259033
200.3196457571049
90.36067716835099
182.96394376313913
85.70721840499738
162.35225115054666
197.32769696324058
40.97017637461002
128.1167298567832
36.057546212809974
146.17618914482844
42.55213237684714
97.2030668493479
176.97301149854275
171.28914604903898
165.35011037587188
187.7659830402276
44.34764448553454
71.62151557285937
66.6328970835326
200.53027921045592
135.29915441381934
221.1087682968563
201.42388611591602
90.85591946373088
84.49796548852348
131.96686281587566
106.52815381888561
187.16887672410135
180.71841135535894
48.668690533821305
52.06013405650506
189.56621418680598
111.94886981625918
129.7106471631124
70.29981221994286
151.73345914894009
167.46720326455622
85.95766863987609
181.89550378188378
151.75015262463347
134.12650744254978
100.7713157505368
182.32348235006356
170.5252752363474
177.8348943908645
53.48698709765607
42.296436156835725
174.8196418475266
156.92538000407242
125.3547011932846
145.94116781273058
29.998164702541303
166.44798913550216
122.62620097358625
192.46678375772376
38.34704998550055
180.21364269165372
204.7021976651853
201.4999358685641
65.52283960346311
48.362872475736175
157.83919442832664
83.92739160189417
103.65157501486237
100.63945446243858
175.54212421072373
138.28430485965737
119.41367055492364
34.76505189046131
46.43202408587142
215.35433172234255
195.94522204368567
51.07097523600634
48.32845901351842
180.5725257888604
201.92699637965438
199.22951684018426
154.60821368243933
68.0556232239347
167.1237978657708
48.09196435774368
80.49534423956918
122.60884067903795
83.49680845479268
144.72260679232957
193.43732660659896
217.4252560350138
82.89372806001904
151.377427724483
176.13346783159423
43.38181050170989
230.42042884252288
199.3106001752592
67.62006271693053
198.88289237807274
93.20359484916224
186.7735918015279
173.19467669362308
223.98744362956407
190.34299874677026
204.67709291372864
157.02680843116548
163.97868234869804
80.57161161495593
164.4430597045766
50.30666350762337
192.03627775272068
181.36687664134416
97.1204103676044
164.68303096695996
91.4830032714109
206.4450953969538
232.9216596720528
179.0191210682927
113.0804056897136
162.4203405037863
85.00796075711402
188.9545204915985
173.87508520054448
114.89683682683291
180.27348219215142
75.4941239457989
190.10476429160823
74.06107739109001
200.44183190593506
106.82152287543455
33.08387282505889
153.37451739914786
153.34107235782528
184.94511417702185
74.96568884205965
110.0394482039451
194.5448723401466
177.2836305988851
188.20606003281998
53.90334669546803
165.73859296852527
211.52735558051359
