114.25090135286503
175.4446265537479
182.95206859070083
148.14383900707142
138.45069609071493
103.98473140982993
164.35490851713365
127.75512316946893
83.44699728345522
125.0883693549018
220.30741498850102
185.8883006800005
207.47490682433875
194.8508671503033
183.4621320311008
124.9072651147772
184.82463320660784
188.67214399943282
92.74645603688384
26.13883609096489
75.29603966499245
35.5268632774251
146.36085757449672
235.71650996929012
203.21630113004946
141.834260290618
115.09131688516769
120.79235585848582
73.66911860884498
145.04771325835912
140.83440453681328
136.41701317497336
155.83321911702
186.38644379014832
111.91225912547209
208.12419840320538
27.310045683599796
125.4606655824252
178.81010929613728
64.85024343264162
187.37552424376912
118.00204537264898
84.20724997271411
168.6578894394527
184.6041138206904
190.38370668724792
132.945772903258
124.54389500079951
52.34924732468394
88.49745643027545
68.9932412731449
99.39042438458951
106.27682183109158
162.77341310720473
129.96302425953564
153.93435023134546
133.82319436692435
53.014447922441676
202.0362736154282
64.27218732736733
97.1309029784659
74.79687162322449
191.8047280357864
211.44957526863948
42.524393010469865
205.38104370645416
182.523609552855
200.22275234068715
192.14235697728373
187.85086246632633
96.06931474133752
146.06052976987104
121.12438216576352
38.93752871210785
139.0378961670982
73.53448873011233
207.7596559635768
181.55977746679406
215.09992910354808
48.97859980616665
140.34573810019256
140.63179224292253
110.05604651409136
96.0268884649816
78.40459046828005
116.15937943791215
45.97746541858475
130.48475353370608
32.213650711175674
155.89926616159778
170.33489717190574
72.15526983859516
211.28596672758619
120.97755373342729
41.78910578283207
172.7514075012128
139.3833679388672
102.13381239713233
113.40760668480688
146.3348401464946
38.40606860256286
151.66670709234646
143.2910376825022
173.22195903982004
188.8229563833188
147.80770507352327
190.53269942620608
139.59017687303495
174.44185055795393
123.82856349728691
121.45641789846358
60.524535449601025
35.213529583689166
67.91445023012555
95.01079736075117
60.0233512955377
61.6392699621928
75.39779278595464
217.3147410959782
145.69341772043984
190.8665758650878
127.23981744276314
55.98439872566411
28.013892776051176
184.62278751047302
50.390526986343886
127.02482747789183
210.4798855629874
160.13327450155037
64.98817940665901
187.63788682835323
192.71597277619819
52.039093368609485
177.38095891820888
87.278639199652
192.96726903225465
81.49065771583861
201.28679047642157
157.41375062598928
187.2768545824375
55.82079525898955
199.92667133346833
191.58521852912355
88.78585297918055
187.82022973844917
184.39378818071145
207.84134527983753
188.8272215138141
192.95268093949022
182.29906542990722
129.73292687426476
33.249670255094976
100.33326633355561
85.52228259489566
115.97690047201641
186.2749067593464
56.423678640209005
34.16383858695876
95.09323719309009
205.6321237426584
35.30542144966652
202.5063642164635
179.73519480011961
179.99739468903732
144.7504529168332
209.98622408701465
47.09806843586031
34.884536713024765
57.659361452654366
207.9665317000263
83.54505193318222
159.6374976092498
118.23193694951632
46.617303343074916
178.386164538071
114.07069904940519
40.99295520928621
117.35240909950804
219.5547894757987
91.87930950739002
179.22329823889888
189.0209606889398
43.23288967609068
155.03428729967104
46.3318667734779
98.44800592699684
51.993162699248835
161.32253125132894
172.84284887602664
52.766762579822164
189.0247065034493
132.61835925184127
92.093931472374
198.1393088417544
52.527726132804695
193.83166862067324
37.68588500104966
205.87258954187146
197.41734930408762
78.13446304352826
209.82127129764567
142.2268874005938
67.86289480243622
102.91980580682939
194.59030558061977
163.0512482556782
132.03418472983537
88.26252882822556
162.1683025679862
47.760603164314695
53.718548337876356
153.12959727575787
178.69866848820945
127.75864056135848
115.62505587504593
159.93101135335326
162.76560953675536
202.8618034743766
217.33197772768852
211.76710239857783
210.30874659400945
164.75575411402085
177.7119086784537
38.61896601636663
102.72414382161689
135.06818349227933
205.93779191213505
170.43029971164708
143.2646364943869
136.4152036056748
48.03980723253412
163.6625184831811
184.36761973951744
220.01713672710645
204.9462650798105
104.42632896722465
168.4758715602795
26.947999644512983
110.87038749868672
45.68594663463565
38.897037814714466
194.5876710102564
116.39043846675362
163.47360431265807
92.23149193752717
201.16490467680066
83.25827404484897
189.40574461551813
65.30482980600502
211.95466186917668
135.05306357363187
153.25161698300377
61.75991214179002
85.92876760975055
47.128619602587634
169.08595705667307
57.106132310808675
101.59684494011589
179.7306497179126
181.55018605008203
203.71819361747774
176.6220650325015
112.50172246094692
150.33996093204985
202.5202747741644
93.98694441167801
210.47548698067092
100.68331319843729
169.37272811432308
120.38667649125325
60.048164375522894
109.21229634262353
139.121473859413
90.48163898698253
81.57831991689957
48.201508217362864
67.74261539365288
207.66284260737993
126.8396830225511
150.63526060947277
157.06043530474724
188.4776437966686
193.83834751418064
189.20071642060674
117.76604841349295
41.34336142852054
90.88917644481278
186.99621501142866
188.799965431341
151.67973517283696
189.47051683550472
41.83192322401471
197.15112265846054
207.62983662786357
64.45935787472811
173.3710686885978
201.8371064921867
123.3974321477803
161.62628675277813
213.34231451302978
144.60362896964736
171.14603312795188
151.039881003288
166.8015413027036
138.72505626369454
129.3790146539994
106.92801571302265
123.16247906983436
209.1272285707138
41.8218539963593
216.9012531745738
193.05089210056136
108.45269876549985
67.04810420926798
170.55358097828662
198.67816800166332
143.94584547810163
151.17148584376258
215.79996561003082
182.48788597492043
211.06837233470128
129.0241923034384
173.89375483419482
175.30943161094098
120.80959437033755
139.98520374575176
110.00429409099549
122.46955646870101
99.270886729675
53.94832872335329
115.82817354219665
213.0409114741213
175.02041522721876
63.13232471519242
119.62562823899442
58.8323341752204
175.95071506253288
183.40968285956498
177.95950571521843
121.23217975600396
125.09497036441395
191.0932217658529
198.07353584625054
155.35537579992118
141.76458773863413
118.79902369557847
179.13424678360764
131.91849333453834
35.63451936295256
70.35573420164275
166.14184720178537
189.79176141085887
192.55561121563989
107.48277724913646
201.32920517612084
122.00667333206707
104.88923672561143
140.42445864183293
199.49571650461198
209.28403772771247
89.98597121454053
170.16208788238615
91.37773651665997
144.91057664888487
195.68461487465365
116.98955580865018
96.25205828815761
149.65488040271134
40.43410186532726
191.7932825513019
183.58387071975
188.67917570775538
136.9542522133603
197.85588457530855
121.3759594990477
46.98393446094585
38.10587979394849
126.05172139942925
198.01174538882634
35.47252067126994
121.52028017791918
140.18226999598443
145.87348786954917
148.51413201496516
82.72659132530647
53.138758130843556
158.51178766705596
144.2384103015982
153.56675138155913
188.91546815380312
206.06500483234964
230.14940787236822
122.53645862384886
35.040363328738025
205.3809627842826
200.3652803485514
204.6299777560728
220.45582727598304
86.9908731909453
142.93576098916924
135.90653239949077
121.03902504042844
181.2381009417331
38.202018732629
182.59197949415523
57.88291127807575
140.46607143072222
59.98123116893338
210.822815965747
100.99498601228571
95.80026062780424
54.402222368150724
148.30894603675654
134.00371809401662
58.986790513965055
174.97535504951878
109.52489130922814
88.37159792248217
143.42518610529117
186.4045412481481
75.29704250661277
193.23831767557516
211.15576775913482
173.6897510044667
119.8433888858763
83.47293382240511
215.30855810561567
39.36251511057756
203.7231036691273
118.94746608741681
204.5235084816452
203.50994918263024
130.65753119019695
110.64787703255776
37.10967448217701
214.03484870112584
196.59876478348605
98.61394512598294
153.27099913939418
177.07862101688158
140.1675034681443
143.63847995843517
68.94087321938039
200.66219953922828
201.15823599033567
205.59372356338088
73.37825543887493
148.68819473425162
137.40785920963822
149.57117858117118
38.08192844631173
52.358227733836834
202.89533073659263
48.76733645100858
176.49239473703435
138.32086715246348
122.86241884723233
203.96836548806496
194.0532299195989
174.2764661280241
61.21521011509478
187.89680758807052
223.08069605203656
63.262716360036826
75.65004060045307
82.69556291787782
28.794675340914882
195.8059749747398
87.89411684232098
70.8423411112753
179.45499285903838
111.23492074616486
183.1243710219773
32.76770748881925
211.5168555523101
79.32325944740644
203.8319763139095
180.03149391810896
55.855915899047766
204.19712902125346
153.32186959072652
70.42085836730507
61.5029664306052
111.53971498399338
155.60490685468778
37.28646632227493
204.52890054225728
209.25907829813755
133.55224336835028
42.02067087253899
36.53918488242445
85.33457879739937
101.73873655020668
199.4546240594931
75.24704046563757
191.79225251591157
160.1896700837568
147.1171994476568
200.20101300035006
181.22982885933277
124.31133907676114
179.06578975564136
26.112202944984702
162.61454724258823
211.31476336084236
195.99126361970121
182.06081984018354
118.22963062027111
178.48612576785973
29.47628954671725
43.93023009422339
35.83810083523333
61.92957588214935
195.8286268244463
193.0987902271787
208.17321015235564
191.36187171073516
206.36071728964544
41.570389686045665
194.14832156870602
177.2618818914576
194.7150327690031
131.67540276176413
66.27348984640457
188.532799662553
212.84481128535498
76.79720237632861
135.34982062930018
188.40788086651455
150.93950102947161
171.81780114233803
193.6239072977174
118.93639882592021
82.91311082634044
193.32458736354914
130.48475353370608
197.6528185191966
89.17927980799345
188.43021547564805
76.70858220868463
52.26635946644058
195.91194727864635
127.01878774600121
187.21568582710293
111.21271127385941
56.20158242935265
157.29305453944238
142.81842124899785
150.5744097637944
209.79552618975347
134.93682422881938
72.99267538746088
152.7974953224485
61.166523354901166
139.30689691407116
95.87260608172654
197.54400717297105
178.28343375832645
146.06494849755975
71.81523079141901
31.73054420242309
203.80931299849095
112.56048641102863
177.63560151630372
226.74839559720675
90.91323409532968
145.4583758808405
80.66293851167664
201.33930010360407
72.89914174920102
151.4487346358775
67.07401211944848
193.7662379820776
195.76952410214463
133.97984447367259
173.35863172748805
194.25097316167432
183.65229688826787
86.72896086805859
81.02948772040929
124.25942021596586
131.1186428363591
223.8585784408781
199.22916583935827
142.05848602167487
179.91843638995806
51.05155831646245
184.47845809896322
158.07334893165051
88.17089745224217
148.03838937039197
149.19432062737368
198.53825469962635
177.02808514938192
175.7979969355319
86.70884581545727
159.6442462904321
133.98531632837984
93.80463676296785
83.09835014596702
196.94593966238466
169.58689590442634
216.15601528126814
165.27932505826166
191.40317954525207
104.20975640309969
185.9667670605707
184.04857338937737
153.7633119755657
138.81224583848908
194.1708940097056
94.32394626182952
128.766505220244
166.22751734351303
176.147791979508
82.48308343550733
211.42178894913854
88.58630983842069
224.60360104958554
70.26472051351729
149.56813137857284
162.20455661284126
138.107692241106
186.80516685781362
32.05543869942518
139.66344670161877
183.00467113955733
172.85535776932534
106.22614140431956
109.28998805836318
200.96622458957722
80.16893231060848
146.6613780162024
182.69552382181703
180.24282657640396
66.34812554855571
175.13855940120837
173.26237476746712
218.55140226375428
169.87640524115207
59.505989651514625
82.49928422580541
31.57764936791393
72.841217226385
155.15365848166383
179.03468316633464
158.7274007879498
41.68891085601328
144.23945168555022
200.30295704394135
139.16044027161263
140.26232812995158
123.24499830821162
61.63457750769921
205.45520820683262
51.1884059357323
29.695536073330583
176.2709045666933
192.24097490325343
182.5867448687602
187.9708389139735
197.29169507264467
183.20932212843158
34.55338501777182
78.15606448555411
89.12854366879193
52.60332657207033
129.9018500437928
197.96966195691445
137.35597663754695
207.22009813152545
209.0947983139226
74.43211952712441
212.76036162116145
105.22963651423606
55.2156711046155
194.8388587885635
143.15774064541537
202.43334495996783
211.71532964697775
180.83524051911874
178.0549262487629
186.04913471907503
210.82937679394112
192.5015577199374
148.1229300671497
180.41274452759552
100.06052980662399
180.3973341250287
148.99333545018698
72.66726644070586
80.43555596845067
39.06942859132133
129.50094587641314
187.76605466517034
114.5558523496182
63.44647754416647
160.76843711464903
139.40730025699318
128.16063367695193
142.70049208209045
185.98446036495386
177.61858724434558
195.59976326889443
157.00956504624298
143.63179427985918
140.22611138881084
114.69958803896523
188.24644185022478
91.86859231244247
184.52317256004508
191.89880515275397
213.72010635245525
102.71183238169407
178.11291622353025
207.19067022003694
105.97739978343414
194.73730302092525
148.67406586274217
84.41277847071353
213.2408520390231
191.37502009429878
155.88967363554747
100.71139540859608
219.730188192369
210.34862199894732
129.52285578693
173.84226187646863
230.3669720450413
104.97482489587351
204.2419417364332
105.46886040300829
204.2057767112534
230.8561121219498
62.829606068024276
162.3168010499128
98.6896331332858
57.423283564375474
200.6861532684035
170.86971870660466
186.041367732637
92.99028408284157
194.54809142630975
194.21796666106633
162.40020516920106
185.7758663585281
162.99244968921496
105.52345463439069
173.26644304407978
35.01062551833062
145.45363152054796
29.94101969690623
162.70337590458897
195.15776299259582
69.87408824974904
170.92486842688783
97.85729149776549
32.224254575556046
175.5666503858581
36.3632431534653
30.095423988705274
215.21357737569303
164.06146462706275
58.94035792489928
41.267211973557544
200.39735726778997
178.69912337036058
63.81983438073157
78.39485434432535
116.37881107821396
187.51612359293634
202.59549814470296
34.14861765502907
200.78608353441672
63.49823792215341
129.97301090224312
156.34082250106346
32.08316861451745
154.24147216557557
66.89965655952922
170.189895206105
89.70421393619786
198.65233946622425
117.64812118500448
98.56439404568312
111.28840125682478
82.17674299021316
197.91747451608526
118.85652678827032
145.5592436447093
234.21585450335024
171.45167285244167
122.71490495472212
66.01265369100825
219.8539082440435
122.73639357034925
201.971364163607
219.93417015548576
199.573421830861
141.52594642936972
100.38892769136707
125.01518497330049
190.30603012386402
46.57997515505915
198.66847889782446
145.5750782603588
187.49798666009193
63.98736528678248
156.8385858959553
83.32196604775334
153.5777598838939
136.78748489994953
104.84556545080069
48.64506849154886
161.27786777741173
39.015345547338775
178.78344897493932
143.52454947469857
200.16115812100313
137.187689320298
184.25332427807962
79.51890917550864
119.94332003532756
32.430485008342565
81.62808939369027
109.71828825045515
225.62098930319996
154.86137487768582
144.34658068311452
200.6594959209894
200.2129729261078
214.54089123318892
49.99549474308837
146.4715429727396
178.25033677121596
171.9461878758257
27.717854133971635
64.66184957515507
88.04159565248916
227.14502880693342
187.72864645975926
167.4974271709695
223.2648934951531
100.22954195754987
47.14806183547928
159.47436706795108
168.882978147086
130.9784603352527
203.48577761928541
89.42810473086685
49.6736727486757
97.16730517372667
195.48043363290228
62.13426832948846
74.09197218761308
166.83501363829205
196.14421770046445
174.05251048144657
72.68127015393318
201.96723232806073
145.5761262322626
36.42572051910568
80.57173259689284
198.28429407256598
182.21279240496344
189.58335585032478
87.13138321343536
66.41550465871484
131.42507812234385
192.41264331564548
67.34297344472574
192.65839803651414
220.69713921685937
192.42559912603699
192.46966290901847
185.7434725923618
64.27214551198168
133.4086186760888
170.48076136670062
101.60791726318774
168.61559378288166
164.46698076137335
202.34039716883385
169.1798193282409
215.2754944061422
155.4528349343738
122.15168858542268
48.128357159012694
192.78501006750844
89.51083859515411
68.90186796337646
162.54635886815814
207.11620034383168
161.9357009188345
101.39008218269984
156.05480364063257
207.7386840815479
210.74035648551015
144.5138200979756
206.1427221062946
161.48756754565844
32.887689577545096
208.3989614937367
66.76159517924907
40.85065414123266
153.1170334730227
155.39189800831588
168.97812072968733
139.4940585180937
67.68149576895867
160.46395069752285
153.29683671983466
58.262703948150204
211.90877796536023
186.90454161776626
201.55115321549158
38.092717127147175
60.43631687964593
158.4108521031655
161.12682843877437
201.90323405493623
212.00033752741606
138.57992004688123
156.40965498704801
141.31894834509282
49.4262742826687
100.33343014676772
52.13155039702829
95.71187344029475
125.9335885967727
88.912874157333
232.80149044909123
195.89047846343135
61.04576813217204
147.6319471651389
46.10829557121941
155.77376548063725
198.64746274478333
156.2621507940907
112.13335718711366
199.2058875350983
140.81133940271158
187.77130975873712
180.87513112929938
196.26824229816597
177.31932654362575
55.7032235521612
173.51290816843124
150.6680946038434
176.8320993697085
182.04875515676375
222.79648428177217
106.65705017585351
168.0377326869209
189.50187815699962
82.42738666537254
201.13643153642988
183.25724385708804
199.49316456936728
150.26085596275325
34.12304686308202
199.72568024463067
208.6467498561183
150.2089529223394
189.712989217871
87.99049590664637
141.45622598288296
127.21411550157464
68.06507324160559
189.2477635585464
178.095272429588
145.43588673768636
183.17751332672876
177.73165881077887
170.9112153942216
167.88407633461782
149.89733259859872
150.1112879995213
89.51941458684149
182.81803230079106
118.14555561323841
205.5244060410143
183.55308515157358
66.85780072472791
117.67843720294596
168.1327748239221
27.39656227360281
174.38558583745782
90.88226041441882
164.01993390951688
60.50610058552183
180.0624783892087
200.91586217578288
105.32313539940765
192.2269120962408
180.92482822958917
46.644983942121044
153.7475780425015
206.31258803786412
169.94661372485845
219.0981520671079
168.67388022504093
146.49446642541074
174.52184743852658
46.162773619614725
180.96200340212593
224.52137552166803
116.29343072443295
219.80557322501846
149.07143193419458
183.9059255404297
141.5653417694735
179.68061542359496
206.3950023191719
209.2708688418317
185.49857935712444
120.72473076336753
163.17079420860242
58.78571114413206
172.19118161150737
206.11636403477806
27.581792849585263
186.65882144301887
177.05655380264463
133.89470603750522
205.47791242205184
65.99365111816957
173.06828017361772
65.83011200431204
109.91273682950238
209.609283520009
178.9108269500332
109.6815265578188
52.88907026940044
224.0585588991874
184.02244747653094
100.22051698645552
31.09937211064129
134.49523864469003
130.24142975468706
77.09408566456503
48.01048410362213
216.08261499861518
101.86499270953061
178.25167588004965
150.70724376407915
126.43136548739838
116.31540300290429
56.686182540066184
99.31278644559224
190.9920729327934
171.95986272875007
200.90530164531347
123.62760888971847
184.08598938925405
100.88466454844097
77.00048578799654
49.39757092479393
121.1408041928326
191.45731536058045
74.56331875387936
219.21892507206593
161.15881385075818
49.277348339614164
173.87739150808386
185.30282137248065
194.4565256493533
219.97080627274946
166.28974632442214
159.89394729036644
195.80919537076164
188.830467437938
209.16695493566192
200.56475176413488
182.8720115360794
49.82763694273664
176.13994580483882
105.65882046883158
101.54759788406776
194.0885407941268
161.78301364068642
102.588611190127
136.13839843827625
81.19851664264337
149.45054151655316
200.3193924959189
137.17808242507533
35.3274556516402
190.1054805102238
92.64804189909363
199.0370600906526
141.8285373394094
69.06092193981142
105.41872986586756
193.0064168246399
87.56381575604053
117.14087443707109
78.44252340046212
188.5819689449844
186.37850645254807
164.69300260143174
200.15779478724542
182.46517736556336
157.04224113978893
201.60595909474566
114.82670325894142
173.25677454722512
94.39132651759567
124.42736770897609
188.9913090152717
179.41990713362645
123.09537717441901
123.37172621958548
196.9948607872431
64.9025201359581
211.27382477462035
83.82205702065104
198.74219113233193
27.385234201533013
114.72666628403134
30.382205419016515
33.33301076840825
183.02050012851066
208.90661628358686
58.97131480025099
176.58161187582533
67.49229253143551
100.59936429716525
69.96130819843755
81.47823796464962
103.14545693902417
79.34406021713926
81.24801783910074
120.1585086697368
58.648532766389245
48.31665910328925
190.68064429672555
187.7471207569349
194.84471488592507
189.3978487892452
120.07490508555733
129.38019643488823
199.64327161580016
168.41924253338712
89.13969939139336
50.77811199318107
100.81304175267347
149.76531246784418
168.3714507092507
37.35281395313449
49.77221517566662
129.92704730019622
184.75683226130988
33.15554727420985
60.23209495774818
51.63741576351239
127.3114987796915
196.8115436049083
193.30126876002825
42.32667731364259
170.69796034545743
80.44984932514691
94.83660599708487
185.97238134300716
107.52878848984705
50.346394983965986
188.88492503196272
116.8650522945066
140.63990160423432
142.77429371147764
168.70829221732436
161.72844071665918
175.4402735639999
165.2420019541446
31.858418729916103
89.09801266921632
211.32156044560148
86.91287377169078
222.5999559902874
62.67498304006781
188.89838152573333
90.61351558842807
34.2979280762086
102.9467056858219
104.77734961592212
28.93582238550354
114.0522361278906
25.86027901146464
177.8140808429997
75.81133581086412
146.52424107512257
130.7895112596969
51.77856847093831
198.97805247859768
178.87322609279724
166.1460486964426
118.64616860504297
136.7200744161715
123.86182543428008
153.60679002669787
155.2081146072454
201.65604221527036
172.03422320262987
41.16244795079835
191.79080231677898
171.4345723536602
183.51329470680213
152.44216536782255
186.26870117959706
177.45394470888078
90.54681009940066
89.73359992736039
61.75349280489769
93.8118561223824
151.18498788007747
138.58104327025774
153.1096120258566
72.84863693010834
83.75061943767889
58.6557790534771
45.875811422603945
40.28784968851237
35.12846380228007
147.2650760758036
195.59880499759498
169.4351863820326
70.54059805100361
53.09877737783908
115.08345870697848
162.57569404133625
159.61620699319627
43.265241122274325
196.851227416275
161.59004196790096
188.4050479494073
182.36975573251542
136.52478140613098
127.06361558518644
123.57974446795113
104.33450985384927
182.35078016452206
115.19322807735482
146.24091863745468
190.94497361817423
55.51887291137315
31.327143108650386
87.1865641641862
182.1468574111489
197.90425923512592
140.62861932585037
109.75992718032272
192.9902512113906
39.79296403817266
131.06161793416447
180.52410797809839
56.490091660659886
177.42242441069303
183.34304879102712
158.3241447815315
165.66010938746155
52.76890625251506
101.00814354905387
56.804115951456204
156.9327595042225
212.02816808321302
38.10551876578127
147.32768561953225
212.76768301073255
211.62409645824562
212.8106340717687
197.132626002984
131.01640330702736
202.4262364798184
49.54662503404383
148.15121006662528
73.51045306125819
203.0087322123362
87.70735925927451
172.89786731705306
137.859794289506
129.34761717949323
47.623131067122934
133.3895515393168
225.60104453503956
58.39468758197739
189.31173139925224
193.7026830926385
190.8415170644936
140.44562509896298
143.60967632575108
159.38755958910724
176.0654850760174
86.29172136121839
72.28444901815169
155.08257553498026
148.35085717210612
106.8222716061354
187.59871181313773
200.2646625185419
213.50783482228826
157.309183134788
137.77539416020517
192.1924669789251
144.8382474444038
63.993980964757164
66.1418602102602
197.3200924644552
200.72803551876478
125.90998008591936
103.93699379799003
190.87539068471503
193.15160447072668
139.3193188779514
76.02017220845501
73.42223787034119
55.52316251113979
165.26111079437683
179.72399770630722
85.923790316753
176.7108965972329
128.26784892816315
133.7049230895436
187.5157770666018
156.38242095485055
153.7754118040394
184.78322838470424
55.30069621674002
111.2181896074797
33.96839045921005
179.04397106859577
195.28759494606257
138.3113311618425
151.22358302419872
108.58962616497165
78.8220731017468
136.1404139767948
83.67095779524797
187.5014068884153
182.62734454845565
162.6461129417988
127.29427302041921
97.11018079915328
179.2939254977943
195.87011216814204
168.47424778298932
171.7235736812071
193.22964294669654
129.30092578896432
209.22879772665934
136.96073877433892
192.08087812975268
207.96725658440315
211.16919279861753
66.55120543011377
152.56362817831484
209.82757477390325
209.97511447174477
124.47804181811144
56.00147381543641
55.858670044188955
172.31930121562326
222.26554174473378
186.640452013806
161.94237212012507
232.26446894082076
46.664529576583064
118.57474093305399
111.41218140412461
164.73684648878702
100.18976264858203
107.64193266363627
187.21782916795635
53.48615501653138
35.877828802885304
162.4381716416189
193.96305713191242
170.6689417164912
62.755171277393735
26.017097194333513
74.26477484299457
172.95944171713637
94.72196103422111
217.49486134211628
128.0851038863648
197.16738892612724
213.45396591586345
188.0559392593136
194.76653068877658
103.06868832530684
48.44274120841611
222.29668227032712
29.645891820129922
59.88125433682632
188.68015050812105
188.8637010751785
36.68225773835768
87.95680355701637
126.46562633417997
55.59699269397794
106.84305492756052
205.6557849892107
166.8712212546992
87.14518337719207
49.93363537594773
192.19331977290076
153.11108121569666
40.27066361492205
129.31052409361928
125.06025358125218
157.51210599429658
33.300121676286224
31.26433195891418
168.4786752502043
194.6686468594142
173.69074770809968
207.94560919141176
108.11674271562042
196.36942903446274
110.57746811216253
106.12267672399278
116.95309256278836
129.73249868350698
225.02874950708613
229.12749414496747
195.5658754238564
45.77544973591888
221.57619437026
52.89998383723222
109.2161261085983
169.80683372736104
88.86880537031753
107.64437874276096
60.20885481580058
178.8144252528128
175.33518810406662
171.76903483942846
201.10211860163554
136.66236589127772
41.24458886144602
214.02220700954646
42.177646060869805
161.30382870738575
185.29364302219807
136.78571169150035
137.76711807783374
126.2003103092514
63.47687748244352
103.76314611845794
104.12912643842945
153.21324075328786
141.44172317702018
92.65812101094751
202.0482239523576
201.43328192721168
195.59976326889443
200.21194053972843
73.03877499699999
80.84908553907404
89.86947728790835
87.21538831197532
181.25851170193192
163.5597649680967
58.57245557933174
135.99405873587597
122.15121090593318
123.47213535101203
70.08789066904728
170.68191967760424
75.6150339443472
43.86543725172013
73.71092898578749
162.75980687130476
51.24433456301055
88.99866039854173
85.60627842551189
180.18899730117874
111.8762551025653
75.64549950602057
138.7919191308228
76.58053436909064
76.13404134838122
172.99934554530307
212.45880034264835
75.01942034288881
90.52933024891203
200.749625727749
160.6565617372905
187.623698546046
203.38097697492682
174.08254252426596
182.27079437801183
112.12697317377254
58.10025006591773
194.87311432556
137.0252579186445
152.51073052108023
214.91267495229297
147.79078401252787
171.96353797401315
109.99000382024148
190.00520326041212
80.22757983045838
97.30219507249635
49.49082417081803
173.4035497702944
133.8474355530516
180.8543826604453
215.70476958302555
90.03049092856163
157.9486777749666
29.145685014889846
204.83148144261193
172.11211169682022
174.35584846722384
182.4219352133274
223.22036796986043
123.17875545661387
215.47484475510308
93.76140236328479
164.96664797461102
95.11212570772035
44.71789018250019
183.18502582926533
36.88164318954325
93.73646896036537
44.9062760476015
165.39971089650751
182.52278745235526
86.80189963372189
210.057569098756
120.92824472839122
53.520102511754025
212.82619396324085
48.726749313183355
184.41730505426457
56.19193974739208
187.97129995354848
107.21335329651788
45.06273067693905
204.64702674487364
202.42940624034435
232.36202444208945
70.25186613572299
194.29254237721548
200.56960526198466
161.08863462600243
127.37245508064998
79.8021910711507
62.347746735599195
64.00986385649455
150.89018357031964
210.21054155328
74.31636625345061
48.21920365420245
203.9340917454743
55.11064217347466
87.34557661010615
84.28736361656209
80.29572313269178
93.31878706382749
144.06144852020464
155.13009257993957
221.90399227020728
70.70362677233479
163.08523034520863
183.71045469011705
198.391553308008
145.80003242481718
74.70631740224366
182.514286691906
193.16359268290705
158.23638753756512
179.5774180861732
187.92866431494815
162.92972302227378
112.30500468845037
28.86158550127717
119.8954447604914
38.29832503090282
172.71567950697124
202.7927011720098
66.64996666988773
160.23114926834236
53.4227236036859
36.958620106728674
29.796094943012633
58.07241646739071
184.5604107619969
166.1397198431024
55.12803255991952
191.76290163170918
109.15857487855709
96.06294250087707
160.87520755989
199.02117027399473
142.47790662947682
144.60628596692837
59.98372802850517
211.79855975781223
111.15359776527639
175.12734105157827
134.78479418621882
175.07191775780598
165.99052162467714
168.1757598406165
191.62322908091036
126.6427429909462
152.52391847018987
179.2680367338626
100.42735796994882
68.7998567928207
165.4542612905531
45.601513981693394
97.67749012353775
109.2738644934594
96.23139735386324
172.95906886293727
39.968052860897245
180.1372290023643
90.1049964650259
148.0798638954073
48.04711722365761
177.71642794705758
169.85629487126806
179.8634189466824
58.89014596830238
163.4635585056073
35.68183334341343
115.45284584026966
202.82550134408032
140.1415093729848
183.39171463701157
155.76326063682893
59.53353083770809
171.84272390821934
176.54712570981633
51.33174374101909
136.05696611283128
112.50924838862032
126.72560762949557
213.3383296726535
33.048264057255125
68.24356704573538
115.8255736584063
147.28352292181185
64.51577135825399
187.8783623823306
84.99687562718344
97.87474871704508
106.78591744411943
191.30123958797185
225.77037365386866
131.93210648291122
135.8184668186005
115.7107555755113
192.4072914820526
60.834621286558004
52.881549462497624
70.87834790308943
177.9457301939729
210.67681278645014
212.05308763035364
205.0989094828777
149.57117858117118
195.74933368238507
113.6780523802275
173.10401011181628
184.51022416947134
124.30960544891806
163.95360919491924
176.307813977619
69.32995807222801
114.96839231918196
191.6605442179326
210.42827050554502
190.56063326807916
95.4407624564066
75.27690396738673
77.81640562753013
157.6326094081982
46.969999579360454
54.23557517053294
169.16315182978283
89.47180398319527
161.69111749450093
137.187689320298
115.03778877584915
114.24300634758404
193.25641554133932
111.67162230303065
210.4977998225823
97.09948024156304
162.47266479121754
203.95238120955494
168.82858659579503
99.99473463846768
70.1235811863569
120.54879989611995
122.21582743220826
43.117155209328715
60.09054121997811
138.37147857088252
206.10410221397595
157.1970928241931
217.04476568826624
64.29061946646782
202.32857965295324
158.5648497785123
211.92001274758115
172.68370261809048
124.2868115902068
110.76171983591468
158.93855744274404
193.11762695694637
147.92339826417145
162.40645972524646
138.35479815180082
124.8583163108781
149.55508825889098
32.33238152067096
206.57828631655946
155.6722559473139
104.28197055362544
126.62606368428243
191.22428332686016
72.42607896546981
143.81079488446494
49.736032637343456
64.5690718443205
161.34662504772183
130.63000092123468
151.76755983164162
158.82116413500364
137.69183541530631
176.29499454355593
184.83857475757247
214.4318549831568
40.61249338003553
176.53729293286557
212.94455946119464
162.11150842556398
211.26537564679228
36.70041375138962
215.59912756689332
39.21964999802995
98.98977970589048
41.7294827317635
91.44075158631199
151.20676406727122
224.42582180281386
123.51220718762566
193.28303193427217
77.5819052096023
113.98213930703427
83.94835019168387
149.65983204375922
148.6308414176671
120.72091438776623
87.46081518422227
174.9090793076992
168.9013722498705
29.59491445633303
193.66497081632292
87.57660818551952
200.67102070277517
72.91646156505705
180.920787764275
179.07157175969232
154.08414952365115
126.71398352943369
61.89928524535596
104.29877866391229
27.932549596503815
108.95238568933466
84.91608510772583
160.69573727597037
182.96216432530227
148.15121006662528
37.62397112427463
162.28211315015665
86.4763022493385
154.9659320648354
31.39920653424887
31.643190378952788
203.77033617505168
186.03371703440422
171.35839087501373
204.04657716127633
173.10449310390413
33.357270343978854
205.66279120166215
205.1996118860059
169.71459933775844
121.17930042766426
204.49775224409512
159.26351965150502
193.58338270222038
137.57217538290578
54.189083690960636
67.98318293074585
154.76231133992474
63.46798689018288
52.245755701438824
88.96537413019472
177.19604914693775
136.78880367745475
158.63451977614216
207.69328368683824
222.80200921724415
156.5671818926971
165.53768084385564
120.61729971418715
91.35116382549664
208.49502847074262
197.54200783404104
187.74762113859495
189.57580634484856
32.62411289504325
145.83989356885473
191.84658099588563
208.04336020668956
128.79708704132432
209.84848183608682
133.73039774732828
157.11140035153196
73.41717723183977
206.1312553265869
137.3609798030066
212.76518691345157
80.55967493339554
71.21458932376014
178.03401981823677
47.87376036091103
162.6143494867335
105.9392791736253
104.43791468757888
192.2054029140146
36.142706332462865
99.6949364775575
219.37491023126168
160.12035994276724
209.4607843005907
143.7130270974142
199.50403576429167
109.44673540098671
194.79343223466654
101.99930818426309
173.44280208625472
60.406921314385045
112.76085911569145
65.30402803256086
71.90561190788247
217.89002310464474
134.86064386702554
77.4697927765167
193.9199416889436
153.0086315790523
198.53997055310174
187.8918640786683
45.64296960814222
42.32178868661672
196.68547996184054
80.03181548688121
211.91844976716916
56.3495229489851
100.79870145926104
159.92378576414671
176.0642484890087
159.06142808195392
196.73912906280015
220.64048179621705
62.28643701528774
90.50243317291623
173.00450279694687
125.9628266158388
163.3890028997694
135.70492075221816
173.34135983473078
164.18209693249455
43.32579457619397
216.24512985551377
152.82116145231055
183.3335005448034
118.65652050961374
200.9602408268064
180.78700128888454
138.5126529731458
147.94871475736548
208.32467765159547
89.45304571354986
216.44710870212506
181.52802774085765
128.97954576265872
184.8167724320641
70.22414975342812
177.66028846767816
36.274557047006766
149.50134434479745
103.71484034518998
192.7062609930682
206.06503014621325
191.95382964763078
37.21931810480232
37.0449083814036
29.596583028941538
140.15062496932205
42.974605981658925
171.00275248058935
131.75972011253978
156.30050363004153
102.97056446078898
27.64151349848474
79.04151364579674
165.59043385443607
177.84608757183724
68.68298284928107
204.23131349747626
222.04984270505653
203.70626068672024
176.14338070184849
162.1526372988356
106.71048764170112
40.650064821875795
167.76204298832516
179.1344719788476
194.82105728265725
145.14397563367416
159.87041105221158
151.10120982936047
188.32654292914037
147.7196182429507
41.34645936750057
128.07497475377974
48.622535806114016
213.7029325935917
120.30109631111189
85.43095063163297
188.9724225859129
219.7582667729881
163.53489014472186
101.50804183244668
151.74776501777922
140.5355732171595
114.22215263537922
57.35210852544948
73.45465489235703
188.71208392207106
63.5992434764673
159.1509199950189
147.05490124405983
137.06303738529343
202.17598943843956
213.7343655423123
144.6756640427444
119.20739848664604
72.29663559073498
106.81538927170921
118.31029034054502
25.950716505407968
55.86311428989097
169.33602629141174
153.47239543798244
212.55789329811574
202.37662483705793
207.37309021336884
201.7800416557482
196.9466275412103
184.74028997139112
159.61761592364616
169.27508818593031
182.27037441119012
192.49797514520256
203.56491285674886
190.01994736050628
151.14633610180246
190.62420085124808
126.74782282794547
132.2523403182696
196.48923999560571
192.94597326087595
147.59987431067475
185.55542521590215
192.5181963516804
181.00397754999503
185.62471715593696
108.34448866890853
205.08180318022937
67.57633508027577
114.09031328719567
151.88092558636347
189.5661676494258
145.11740366155112
180.54476062469078
86.23908494098721
216.02534526237534
195.1033098347705
112.26365204710609
99.40719612424898
135.36503353672992
195.7191086288377
177.87510018769888
137.08571910132454
173.65149094741528
184.78240214234586
184.520360259598
120.54879989611995
151.76362519234115
196.20388440494082
215.74964519603446
63.87997111429983
66.02249257724779
190.35365657068192
104.68745901142036
196.24164564166068
162.07564863289494
158.28380181625093
161.16964494579594
199.40934189437684
91.49045804386256
61.03665080042939
93.52613056083024
184.25478568798843
142.45892632839886
184.96173140223485
202.60467803391455
114.72202885648986
90.5162440065402
49.96342101403151
174.76410453895159
156.7598239542033
188.51739890526522
60.19233040592446
164.55043721029196
76.45077204334642
150.32822541462298
200.76696044882482
91.89293121869379
175.0179907943298
154.81449679140982
143.4992229771146
101.89960939088806
108.80698974533242
169.0942935447198
70.09752037988098
119.80603338220288
175.39463787406737
200.03374984399295
51.13072062540182
189.55728136878867
125.8449568287336
192.78268479103875
99.61574879565195
121.75651592811907
203.2352585338512
43.862420472933394
75.92835281154188
205.5597962629862
161.81551633611952
163.20217890116396
82.85478290363342
163.47008654984654
127.29518391740162
183.2572004347411
183.90371299068758
53.54142536771303
218.88482062685313
188.4868582336818
197.0369253240606
133.38193790694942
41.01946050962719
115.17732595094408
84.14062091761394
56.55307347232181
64.92151294588753
142.04217710087752
165.30000362150136
46.9174935838116
134.85697691133717
46.99028545970018
182.7377518072414
175.36573113105516
97.07469847100074
166.20226778993282
181.78782220768213
197.188142966583
183.85844969197606
161.46575984970923
146.75500178652504
88.89938629554744
71.14295137884353
62.765691643144116
90.85106224977885
174.74520822890148
51.28729585637433
175.00254652364066
45.22952677404772
142.58382085237037
209.9837665714056
138.73743205267132
101.99930818426309
157.3116066433444
133.79051491757374
168.25331014874104
100.04434931436982
192.90295166888765
146.04767117300503
53.24513160891475
175.3191303042584
168.3570724301421
29.32472997385474
126.91640190183936
32.54862320894145
172.96256149348673
141.2117324702003
101.30482271170841
107.18596155358117
144.15356489903934
160.76612035274246
63.4775628954912
221.6741765366666
167.93388077297658
34.73043274510458
123.39786994831373
169.48586630513788
56.05752731711891
104.55657576420366
88.27621766595414
63.99585022939301
197.49047327313463
190.95158562404526
106.5746582040331
203.3372539325066
207.79195430619063
205.70605117246416
30.579220168406383
101.13046246219642
62.36588442518226
114.25235021778424
187.13696896342
147.895234900033
147.85966164543566
179.18804730555152
212.89874588331574
207.8619310659114
138.87547379166804
153.41647969669654
75.48013646921295
195.40812880688617
40.47152921722847
117.08413821769109
142.00318552058738
200.90376424719466
204.58589773330442
48.7392480361004
189.4091913764103
75.6466683306278
195.3562912340632
42.230148666773914
221.400748111835
206.32840811528624
212.2719189473841
195.13014574500204
203.73819329934523
35.592401954948414
85.8695322951736
189.2680121310599
220.72371911701822
145.98190788526446
158.711143736143
72.95510119461461
190.46658135364694
86.86560235822789
109.89130131468129
214.76322306428335
177.21228660085342
129.38458156459137
98.74529322030706
65.39835736441528
174.89461614653874
202.5127791423002
70.37112582005625
136.59680815967147
183.09356288256694
189.80979206750345
44.1314450759574
145.79537494406466
158.39022285671453
43.090885445409675
157.09316314287778
114.11729528333613
162.41011730811815
51.05155831646245
206.95003618332
187.05468306206166
49.439495131471475
194.2104406970429
188.44399196368676
121.73768156479576
54.79958475101117
194.12886901855626
201.21573182261054
156.67683223723742
187.24722157585833
45.79552509547345
26.34859814178144
196.42552830966827
66.19477910159527
177.63993306399138
81.73369853066724
176.14886047437534
67.58892599617073
148.34203494990862
166.56274918261485
192.45560605614875
55.279621416564524
82.25334292437762
221.71002816826115
31.32015268996041
76.72242433535688
166.3210630128373
82.35575488746338
164.39728676364325
58.01293047462673
82.63638741766046
134.7963918990924
126.36741982795691
179.70445102571995
194.18153920726348
90.09173351219695
60.18571399031087
58.10025006591773
222.28543915645614
207.51893438522396
175.24682355276695
88.3499936365835
147.43235722592127
96.44510503313724
49.800623860876165
159.0195380720554
189.9628174351783
171.2350895918648
110.0672207796139
193.55371013975073
167.61656458041014
177.2083570408589
140.64744714044
161.2604621887762
47.39945123460325
57.434928890377336
139.3103818784593
203.78607216491375
88.60335135048322
137.73984744178006
193.87074993001548
145.10255861430426
31.34630418137525
154.4678737960709
120.60882307525816
192.4033572799842
72.3956614329106
85.98897630371
41.56436305336091
227.73936055889428
200.1057479685141
146.451146720527
66.68902102594195
171.45943928423208
112.68336673571002
175.72588799564483
152.03878683563258
139.37412616435034
185.9618887809654
177.9970980310429
205.7643207383555
26.01341768188712
184.60720485371525
200.3557262031108
162.54685071111984
147.6719957243447
111.92223766220488
208.00618342670276
135.504324825576
134.05979704162237
50.417763874691715
194.51477211991212
82.78096761498381
166.32455785010325
53.158846116094104
48.45846798313535
167.987106728986
131.13844389406412
174.89305300911192
121.2017555154898
223.08723526422114
166.41087899031766
196.5999489705469
196.08799131069873
153.5498612483273
189.29024518431083
191.48170059809942
43.712088347407054
197.7275013545333
187.99257264565304
158.1137259285315
53.60611960845687
105.14908674028332
184.4612399564992
95.5189828866251
209.61223299862664
121.90477571772841
161.08829450543826
213.75068126860543
165.87788318595256
31.161936150307156
169.9073020682855
95.35723105735418
182.4903315916995
178.1931450473882
42.783231078766654
137.48496007462336
32.30985495701865
66.63315831803442
40.47968826952973
84.88038744427354
33.29553677505844
98.09353303983822
182.30406975485343
144.93762647091347
178.5626578485526
188.42684593039604
208.5987214183493
179.0908482670009
181.97962069861535
121.4717913704359
47.46580607370997
69.27811488742576
184.6045885958446
213.27241332124507
48.57201821951264
164.99925056615325
29.310727005492883
130.53675904962606
206.6330325243422
117.52734971952098
198.93504206384915
186.8998052416542
155.83644591313904
213.30604971868817
169.63259107231184
32.368259611371585
30.746375597242203
52.12084944520352
34.453042958515795
152.96601479431308
185.34066924713377
114.00169079143372
54.28703954824519
136.66138163920849
164.45325107923955
188.41071917913212
194.08177818123903
184.14311156246168
199.83354381552104
89.10938542865479
183.0417211303199
86.23916214887113
163.3240167658436
197.46507147372367
41.34081739046179
127.25353956195906
35.62388117092945
149.5175846576156
42.474759421229386
97.20686137389559
178.0396164358931
174.52576642417648
165.91483389831
188.3265101993996
44.36217402168362
73.4719530619989
66.07590680538848
198.54462168154595
139.0258081211964
221.23997940224558
201.42907954177116
91.00824238128533
83.78524002438944
130.25385417520909
106.42462608407072
184.69819099205853
180.3949664706089
49.03078306433019
51.60771728430033
188.74555812953415
111.46371163798452
128.33062206839847
70.88189537978064
150.17250390334928
164.87264304668744
85.70909511153887
180.34792137770756
153.00232607415785
135.80514615393542
98.1551699927444
181.7023502955428
172.25273002327117
175.22302840434529
52.807594290886406
42.06658479079661
171.2444601073204
156.08113898068453
127.69710408242507
143.95725651373237
29.997114289765182
166.6574457894566
121.51867647875716
191.15960599932248
38.37874476627889
179.93830790192712
204.21198731072718
200.1965725883168
66.57722075120951
47.602218649334574
157.29093055411795
84.02769554508168
103.5358236136153
101.91012193923162
174.77249276344128
138.10972929921206
121.86689668476576
35.082407432102414
47.31328996652262
214.98257111218308
196.46727154393201
51.71769154876131
48.4810268535596
180.39584470835445
199.54455365246363
201.15317390253406
153.868069817605
67.69280897506029
167.65469968182052
48.09713106543176
79.82980297975655
122.04103260762382
80.32625485595473
147.9649998203034
193.11253509193523
217.6514575978946
81.19282013179765
145.5296055725343
174.82662747292133
44.054565756335236
229.61964913802703
199.3900403092319
66.99686045667573
199.10352203108786
91.73640045556554
188.02699803295872
174.3685610278812
224.75379574953982
195.44555984627033
204.5780696975442
152.96529386690665
160.69410029959167
80.58707827470083
164.6350892692921
50.44180304415193
191.4650222495503
176.28958887710715
96.88825929496869
164.05776694905282
93.442645330111
204.6311894488509
233.45014522600405
176.95856054254244
112.29437824499973
163.05200361466612
85.23285034520643
186.37937853178386
171.17155803687405
112.20190969500777
181.4872843140053
78.74742290790665
190.73831767985288
78.62029734482245
200.20101300035006
107.8931493641612
32.98982123825472
155.27630143401143
153.65598550975568
184.425129933076
74.51933123707481
110.22862981070628
196.52338431914643
178.54754354783572
186.3489113567546
54.246691614254885
165.71659842644505
209.7468714143638
