115.67514754797484
175.22312864834714
183.57785533664168
148.60002214326002
137.427830127548
107.2505866436333
164.00752599598908
127.68038874661659
82.46092580192621
124.05101836180462
221.03439911077413
184.6025197667328
206.94501678558495
197.15244442777012
182.70945517661215
124.65855590437154
187.64051906625915
187.30622087278044
92.91086571099927
25.820138755881466
74.73298008896906
35.154142736842715
145.7124183696136
234.53245426832754
204.55586291778226
138.5854450852631
115.60998475941932
119.43418372063576
72.70758755437298
146.1148312702966
143.59399882317743
136.35293465718988
157.77619722761744
187.1335844404203
109.29821429778592
208.96845009384955
27.299947994924143
123.59657048440836
176.49454984715712
65.62541587141985
184.38582247323782
117.38998161319938
85.08297862647193
169.7835926321113
186.2181704000398
189.0000364933584
133.66364049779415
130.36431895079983
51.93466082667721
88.9961205814047
68.70806997507063
97.42119984893023
107.31527654485207
163.09078110862333
130.18300581921392
153.7840095583028
133.89525156957757
50.68293255990229
203.7260146125806
64.69420685544164
99.15390469512782
74.64937071821018
189.36074929686364
212.0717167076584
42.6253652611006
203.94379930279868
184.15190916239018
201.01779761996136
192.63061774197763
184.9141652285294
97.16237083937932
146.83817151685415
120.99637252801773
39.62095053740913
144.13362680024954
72.97013975437392
206.84189071302848
182.02139363821712
215.23080774320763
49.075994740021024
140.024128168728
141.99055673160848
107.75514120687495
95.5913408204352
77.75189537467371
111.92465644371534
45.795650662422815
130.40633803433713
32.281330543998536
157.20673342869404
171.8067781914452
71.913131283751
211.12887293403588
122.74941738275153
41.77440840240096
172.97073050161416
140.98445445063584
102.27682893837839
113.08261420045024
146.8329321943139
38.35920955346147
151.525589233585
144.4997125873182
168.68212014943285
189.63121978859868
148.55453006535726
191.15467000846624
135.81651159366322
176.8989586449333
123.1846615594846
122.18705454945493
59.50275122627143
35.05318768341281
67.15806538418016
95.65994456927774
60.211188269131775
61.85405785039884
75.84618956118477
217.2345720974779
146.83506237362528
190.1780869439634
127.82743213316955
55.19861540883571
28.005504875549917
188.76541661974642
50.20881755071089
126.96365854401537
211.14575233139885
161.3232574892876
65.18008136068735
185.78937556594624
191.6329505708424
53.704606526408355
176.9724393282524
88.88962480945521
192.5558219526144
81.12672032706897
201.3292631563007
158.11953038383174
189.0122898928854
55.78873426356204
200.21245148142188
190.53002015666715
88.23020306212666
189.7186965067161
186.2419052614937
207.5039023762583
188.87915029064766
192.1897299976057
183.0736911036508
132.03808200532507
33.38722883366952
101.37151491335496
87.91219544089151
114.6186378225745
185.56392060971856
56.275745795064886
34.11479819816661
96.0028671547391
205.72242680500327
35.28899736155261
200.79156919849504
181.33059578482622
180.44079396358606
144.98706473631037
210.5398543164636
47.14501331472876
34.862500380937824
58.08437588378342
207.53418233200733
83.46145364001619
158.72221203862065
117.2085058131425
46.02609627974945
178.3677649007771
110.13358254622791
39.992404217926456
117.78395378032917
219.7521299744874
91.38747757370051
180.4733976238162
186.209945909413
43.388986049235925
156.00735502996804
46.59466918909416
99.37141708398761
52.28576776784938
160.99290743916765
172.6757640204467
52.649174103391914
188.2489322266255
131.38220909124922
92.58162558607837
199.4692843711112
52.50791358676657
194.4147569141131
37.80615460332855
205.07168944782106
196.71079981281716
79.23058777119458
212.22709245066494
141.80390776834386
67.56047096767168
101.84466507129058
193.5278317836982
163.7227057496141
130.5808955276618
88.72943208041201
161.21377110166932
48.32771403929351
53.77921819238551
157.36793803696742
175.74854378613156
127.02458165451448
117.95081211860142
158.53700874091476
163.93854607744598
200.52638026450532
217.73787615335053
213.24815200293247
212.94977559408844
166.6453157408277
178.47844072792438
38.52725842043636
102.68705530726612
136.10622425680432
203.4320668121466
169.59402011795927
144.60669340611463
134.10000092572184
47.94086793371607
162.86968562923465
186.04277182486882
219.12414792983597
203.5758171135335
103.25890769952962
170.2266773019208
27.643622796020452
108.89051552295408
45.77450617747333
38.73451702101922
197.39669437599207
115.02157300824884
164.32934408904296
92.11187338476562
202.65898518836966
82.83987477211006
189.82693109921496
63.91952196994649
211.59017016958796
134.36014541061323
149.89955357505258
61.35525179168819
84.17582973887501
47.13047645174581
169.9455975895358
58.000176485848364
101.67749747820758
179.07252758394458
180.47502567940066
204.01921403668246
172.5462038365526
111.64182399437433
151.38607872638528
197.4012347294421
94.18107414282314
210.8393379818093
101.03515289843016
167.68520976560504
120.72646444130191
60.22004097603501
113.25430056433807
136.74905040856146
89.91063557131122
80.91259672493906
48.18404410446618
68.14158285179955
207.45689963772526
129.95745988305683
150.3857630520097
154.69298057008618
185.53704811193822
190.9004070453065
189.38451997672536
116.66697915982083
40.938817411717906
91.73055014775997
184.8373576822074
190.0077513223888
153.79263306794138
189.18676357988335
41.95299600048351
199.94296474203472
207.64416637398662
64.30905651344813
171.38607170086132
202.33625171499287
122.63486928504439
162.56778419583145
213.28252631366826
149.0191348423565
170.69123731904287
152.64722250070216
168.5821064145795
138.50938024206982
129.8677050320196
107.97684693305999
123.63769038218847
210.06427540629232
42.30391159645028
216.78403811487564
192.7437221288534
109.07776404835238
67.63105041822618
169.76493944991563
201.4630111427255
148.84597645211167
150.37081185921454
214.2633266042494
180.20914989431688
212.26571545870075
125.21648705907563
170.86577790805066
174.8488373046105
120.56308029162018
139.56238067231067
110.10579666366806
123.80360561156276
100.18585605493723
54.05956299603617
115.90214578615483
212.47938805635405
174.85847308144125
62.51353437385907
119.00434975528259
58.11963776953509
176.4221186286519
182.37236802779978
176.95339156823627
121.48340715020205
126.38024496675305
192.29091753633307
198.20967724846207
154.15098744626627
143.24556962045392
119.19265268345497
176.50816827326398
135.122486801293
35.34567393827686
70.59562871043936
164.80523629836222
186.54380593892031
193.00028797791137
109.59996239409342
201.4000619958007
124.73331946152082
104.1258112942842
139.38951356493658
199.64771327275818
209.83653927085163
89.60071710026595
168.8612786747745
91.57974442551023
147.06415430369364
196.92352365321364
117.11436520911374
97.3017589614808
150.05603507369614
40.35203218782158
188.5917606243948
181.51704670578766
187.8515368492797
137.19197911351745
197.05989191479094
120.30618980617464
46.61153034636225
38.33304506772244
129.6818807870685
197.52065070956405
35.639720303462695
120.25144529697035
142.7862333879251
146.2191588869321
150.06049768278365
82.60005133879929
53.07033607314329
160.04038906710892
148.12120104227932
154.56643513981638
187.2136141335118
204.17557277450172
229.08456396895414
123.65122929100986
35.045733252404204
205.3718177697907
200.41630487423697
203.98924960369794
219.70389717863532
88.3343070510397
143.13401742847645
136.13666740570469
120.62002759052729
180.14447621125655
38.053853674525044
184.8563046565849
58.257951878393094
142.1899653744595
59.91042095498164
211.41386893795973
100.33967117012071
94.05483476494848
55.523556454050684
148.49317978463574
133.61534012949454
59.60847490155152
174.60898112414128
116.87972946259309
87.66794196438552
140.72194342726667
186.97890009533998
74.15469824144758
195.92056642860422
211.42054347871405
172.6939794293914
118.26913653322713
83.41261851180231
214.12315201825112
39.343332247029636
201.9178856138115
119.5244914606201
204.70008021612298
203.64253396681906
129.23677313841952
111.35896380733337
36.94594518590352
213.15675372228284
195.60096468284578
98.36414066049467
155.5260064220848
179.7163969474503
140.49144849399286
146.74386468903245
70.49544655665258
200.11276446774605
204.65854825854592
206.67130446169156
73.19195645122957
148.0805509893641
134.28111039709157
150.1920826797963
37.64488672811137
52.194779443072235
201.96246970014073
48.58087786317554
170.89483194586546
136.50227774137153
120.04518343551065
204.35244401424805
193.81654464725057
174.42481694790163
60.706370856656314
183.03966017359497
224.56335712297755
63.86925104912538
74.91718019516603
82.99403489865688
28.840280381770306
195.55573629605811
89.4811829546242
72.59328694490756
179.98151273097727
112.47967980918949
183.79873333711618
32.68319040593657
211.682759548891
80.32088589120994
204.3372826812653
180.02547593467375
55.800784383882295
204.33267615198346
154.93170252221955
72.19606214629947
62.60600443508093
113.57281336626568
153.2577861685041
36.95946770072169
204.86739043087738
209.87177958217262
134.4942681012023
42.23566930849582
36.409578270778084
86.24850590752321
102.35961065300391
196.84939545916257
74.99134097221012
191.035708928276
159.47018555905527
147.10714373001704
200.7697729920963
180.25190041029896
124.78647854577414
180.17050744054322
26.259609739373346
161.27807469283272
211.3301491128251
201.7344552815052
184.22638332963152
117.30489516585551
178.55241065923755
29.409392020992648
43.83131849176575
35.87049722937533
62.5359145061292
195.62424058968085
194.57205087165653
209.98409396124984
192.63130073915562
209.16730392791635
41.34245540448478
193.2541663375856
175.4764880833696
197.78920421548744
132.16468097548238
65.64358120445782
190.31365318090556
211.16934953744868
78.17808762520127
134.91657550425242
185.31078196310366
155.80309052606722
172.43863271043972
191.00928475883057
119.77186900692435
82.82802932084753
194.27336743886536
130.40633803433713
199.13502502894366
90.29490581254272
192.0880958480524
75.74640911183135
52.67303494600657
195.38003221972656
128.0408003244572
185.95911100719562
109.08201379661897
56.82287600977071
156.2053305053745
143.67226765813294
150.04976268267006
207.47206019926193
134.74118418478707
74.55213517304315
153.9225919834832
63.142125303577004
140.8542737239777
95.92883936854275
197.42672504839805
179.82208481956366
146.23153714107158
70.54693345236676
31.662447050418287
205.63138540297342
113.25072197749472
176.60441917857392
224.10135787647482
89.83931476782064
146.61513629289618
80.1867908952869
202.11930033782804
72.88721156963864
148.03594877827805
67.70060378942205
196.50644384198625
197.5896155394261
134.9597267125379
178.30215608841345
196.6414573579993
180.58526648573155
85.9721334469495
80.40335270362726
124.29043362952387
129.19599301675257
222.22895738885902
199.29120407569994
141.3940557840348
177.5664316884412
51.05301560070013
185.34140643684256
157.23529666123082
87.08137062315808
146.75161049442173
147.7997564218431
198.30721646932207
180.13492377091723
176.1324240312007
88.95725577575588
157.32379546440785
132.3061432531189
94.70328903319444
81.57820131657913
195.6096826024631
169.71744833467648
215.96704910944126
162.7177678103202
188.94548628366252
103.49583468701697
188.11926615012825
181.69954761870144
152.29311003846212
138.8079624537716
192.41255893601618
91.30665583199026
131.37194510322266
159.99720431222966
174.23577337241844
82.14902259863238
212.0079197264584
86.90511731191779
224.42655369512303
70.61072313876062
154.0984556290569
165.31361622714337
138.00249157391255
186.2804126259666
32.53749950560414
139.402415247678
181.96675171395316
173.03652417375628
107.13182717745981
108.94810692104839
199.95587094718223
80.10211320464148
151.00841540226583
184.45802509144
180.10185697557858
65.90728116713473
174.68053021212344
172.85676115641363
217.65186094440975
171.97626889166526
59.70312438492997
82.95941718634158
31.473361907147158
72.7073895905413
153.9571389616257
180.74256036015936
158.6581649343573
41.85637157776249
143.74348091791975
199.2188050795772
139.8460015710067
137.82132912710503
126.75441533079464
61.21516654152238
203.73950696911916
51.004308579816424
29.943056324926204
177.94122181538518
190.7346722228373
183.18868021925715
190.81712002012807
197.8733338708317
183.790909143917
35.398366868924576
78.15718297120425
88.41860817578366
53.16347935596305
128.88274953221776
200.13359623006266
137.76359610559794
205.15454902262803
211.2081498914634
75.18213969037691
213.26468905818277
105.14056678003647
55.459985316489295
189.71525788157865
142.0347459520299
203.0496182918537
210.9076693486401
181.02518578388296
178.86030390979113
182.92773536400148
211.30590109501415
193.4962780505
147.47050202564932
180.27791010138506
100.40127909236227
180.8637955016628
149.60674533851514
72.29842464646677
79.2148227042515
39.0839406245117
131.399294919286
187.5350182636935
114.89606625733173
63.47246158841286
158.5811368294368
140.66666706870092
130.0104237674822
142.64677837055757
185.62386105871664
176.28967707643878
195.5634810158907
155.63405467699226
143.37369243032745
139.4944558988151
113.24083814941984
188.68591663154658
89.38458051956229
182.808785394483
191.40472463918948
214.0898140862966
103.6891466478473
176.8591930131722
205.76856606067324
107.32898572221917
195.44577819908892
154.37586386933793
83.47630896939995
213.9818260308386
193.49651228929605
157.6054648240327
101.99240980712469
218.1838480610804
209.30055799492658
129.0687401096739
176.08625507655302
229.62014159926056
104.550106127633
204.77386052390997
105.80615737307545
202.84934709314828
229.27709273290685
63.443975627047266
162.57847274046412
98.12636536970274
57.00321450036098
199.7489998698358
170.82159182509957
186.36750016513986
91.51037664957833
195.0761740547693
193.7649297291589
164.5046645389247
183.65903438817196
162.37262314771445
105.19526228878924
174.82292225303337
35.235898411647995
145.8026148752518
29.721976575819244
163.63681434150377
193.729753028386
69.91985707139607
169.7813789330951
96.93193167063458
32.15262765934429
176.43251412012077
36.43489007699736
30.046611225421458
213.7960029482898
164.96233298432043
58.82663496955957
41.36390380973121
198.77720628612795
179.85952502038595
64.44947605057143
77.11489822333394
114.99516995172006
187.98218009416664
199.93459761513344
33.822852584620996
200.24967651836548
64.5759531911332
129.28760331622112
157.97028345534272
31.877511064156355
152.71568325823748
67.84290219985039
170.90038875807227
87.72236191211294
196.99563545120932
117.48066876693481
97.67038838387138
112.8231182439412
82.62215854286626
195.66646734833432
123.04425394615063
142.9211196253775
234.3205189830935
171.01900110429798
124.5176819620829
64.70849900679896
220.04073859941613
123.84794782600613
201.3032065097852
221.0232093602164
199.20744401223703
143.81847096445205
101.98988157855825
123.25041584626348
190.10065110570147
46.263502329080126
201.6778867960194
147.83573831056336
189.72639567834221
63.298174001277616
156.1345083190254
82.86911111755248
156.31273892747586
137.25542389656715
104.22779658044892
48.00209058212194
162.25416694037932
38.93890034464455
178.37777207009327
148.26397554023032
197.92780255154875
137.83426726584705
184.98359781625015
78.78788929586297
118.17816262477407
31.498172404596914
81.306135354475
109.81302037459876
227.041063684506
158.0145679545109
145.5817948652436
200.95914494689973
201.8762090940249
217.00570641600524
49.46272580344297
148.241832015945
177.82247675642736
173.39829370750024
27.616664160858086
64.77602576456292
87.2572534461117
228.48210951932563
186.23798926202463
166.0348371580028
222.86026863169266
97.99629279363386
47.395433176578145
156.5884628347863
165.22244562027072
130.7742877683014
202.47199912040494
88.32224772858089
49.9129328278208
96.1953490606875
195.39066314113938
62.37676579511867
73.6629951318082
170.9207504102606
194.00114477671724
176.24314691564362
73.38664546715276
203.44676184070062
145.84485164720715
36.544656723116795
81.20640627936606
200.58452845929412
184.27257661058584
191.20473353704776
89.02152176981996
66.26806831361024
128.97846550378316
190.8524113661847
68.28378837215331
192.53797851422686
221.3426091010472
190.81550499762525
193.98269634346607
183.134688270511
65.24151320265702
131.83099721265273
171.35750980552277
101.88587496439847
167.84130993735133
163.37173117268603
203.8217562718322
171.03127912751663
214.25995052475685
153.94929372129963
120.44423170678914
47.629565973275774
193.89094257508364
90.78522855503098
68.40042613485674
163.43727887975302
207.4264795097339
164.34768780503055
102.55955081632163
158.16655465309975
205.30094933244567
209.35593978792744
146.03295483499105
205.30304403028077
162.17742426251183
33.20370673653216
207.56768018001435
66.45876198007738
40.97912652837472
154.9372401103628
158.33666080277038
170.4386739806533
136.6066528233162
67.93539188917553
162.99622422590835
156.91804094346742
58.63513647353929
211.43842146209312
185.54699284093675
202.55892226063256
37.31722532506781
59.7818881698065
158.4755214134448
162.16012332347032
201.94466166971588
212.71085567715795
138.62381414948476
156.41247204665754
140.43578857376156
49.087565489413116
101.9047344799796
52.014535665092886
94.94737130692475
127.20850873074643
88.5889002772437
231.08741009947417
196.80776847190762
61.34687674762727
147.447094636386
45.61557752309536
156.81009677074553
199.58182264554725
155.7755196952473
112.66905024232369
198.41883679206532
141.86283629886577
188.53804069331184
181.5823598151327
196.57026549317615
178.79587681148817
56.09633968304914
175.2780718698595
147.28299605285233
177.19456071779646
182.8371218437909
221.32500372464597
108.21075816596652
167.93981520000474
188.0519732569452
82.09053888814263
201.2625127218165
181.9497703544473
198.22360865736692
154.49512315634138
36.127612063327966
197.05721742055914
211.44463276483833
149.916625507652
189.9424493539616
88.47626217324307
140.51350924937648
128.37196661617247
69.20699204466392
190.36309702694675
176.7173195977824
147.01457237826946
184.16076892688375
174.70911587211592
167.4248583744331
168.57988668515148
151.6431602489803
151.3155058727723
89.759901833068
182.35093772953303
120.50567255572653
205.63001104046776
185.7499996163159
67.43293892030322
117.17246179654528
166.41216008285704
27.401611219187902
175.76122764666746
90.09861360579745
161.4456315312933
60.23792712369962
179.01916807220553
201.9480619361666
108.14458102670591
190.19819015606828
182.06434802163938
46.54032638656177
150.42036880114844
206.27912121345364
172.19677320904418
218.95939014408225
164.33946271045866
141.57072275007692
174.57506980457416
46.44029197277492
180.38627027818188
224.33117227943166
117.01007414869834
217.72429447374208
147.32048750924278
184.25874128971049
140.12236900079156
177.05128018415624
208.4088853052517
208.80369974176702
185.34614472254418
124.46100153741128
163.0288906503132
58.45291697517645
173.29628975609396
206.64820593719725
27.641635175394804
187.80556591236478
177.73260189075344
134.31427701659098
206.1247092181895
66.05988061917199
171.82057525383328
65.23735314280687
107.4462440010471
208.24343672857847
177.23438063762197
108.94709054971527
53.12112476460811
223.59452050195503
185.70481272437667
99.99262365824548
31.090486136777095
135.14452564185615
129.58839609959924
77.93761709708218
48.18204831339566
216.72105818911214
101.32346209841694
177.82798450012967
150.26677676319943
125.09372719258413
116.08466512967904
56.99299881065791
98.33280307731661
190.57408751954014
172.51545064317827
202.0051911529054
124.31264980602215
183.41779467965543
100.11230515056094
77.25926776774673
49.00411064537724
122.05288474686495
192.4136882717489
73.89735557202606
216.00337786781836
162.8446054301084
49.050093991995816
173.42600386326387
188.20548590063444
195.6340779460907
220.35376430903827
167.25875031781368
161.38174257900744
197.51932536114754
190.08242214387755
210.29990331832647
200.8015207356694
184.5946938117435
51.01767037429543
175.86855146623418
106.03319984267794
101.17588771517181
194.54785354896578
164.25517179291464
103.93426228058084
136.14418412571806
80.29508318780678
146.2259179528628
199.51828881208198
138.59049649381313
35.23927527779115
191.0759461763186
91.48113350664156
196.52663658843494
140.9834342335489
68.90700951940026
105.0890636621766
193.8967782791163
87.9930055589336
118.4992740494077
79.34810834942229
189.08236528254665
188.90470560220504
163.81441739472407
199.57693817625275
180.91895110058778
158.6176815427499
204.45467639935913
116.5121620826234
173.03095832567496
94.71560602344384
126.71514719222229
188.61962426483797
177.2923171994254
124.24533153346637
121.76983374497814
199.42190419527523
65.43457421824611
212.39926897237103
81.48644417522411
198.7119225203138
27.515577919927466
114.1511022994998
30.29700351443413
33.53919831689602
182.77836985506346
208.8445539587441
57.66333816579958
175.43192151876406
67.70265977151342
99.92178928442064
72.44018158939626
81.01070856196306
99.94514520315373
78.90531124494284
81.19035931861906
121.20737204985998
58.26761415911169
48.58044935684741
188.1016445734092
187.11991712822464
193.18796384093508
190.86063166711966
119.35225569179462
129.13470969739058
197.6594858881762
167.7178408017401
89.2130610547731
54.07589024097094
100.52320126590344
149.9493565698458
168.14165207821026
37.22255332954773
49.31984717680693
132.5702320728146
184.29114702967368
32.88706346104678
59.94206211863962
51.198922484323546
127.20513673631639
200.55439682768494
191.6298592705293
41.983915801522805
175.41130120238154
81.18417670097385
95.08810088801756
184.67622787286012
104.57775142043785
50.532521768014355
189.52682429678921
117.28835783067845
139.82351559131826
142.57696925870846
167.44038009807883
162.95386772496445
173.85648798883005
164.90159982932573
31.944361423397766
90.5947672850789
209.60087900637973
89.02503966931478
221.60112113556372
62.27292832195308
186.89267792019484
90.4622757017119
34.439725224112095
103.74724760937174
104.59593685581481
28.862097410237023
113.55413580195817
25.852992390438896
176.30134916208837
75.10234274664388
145.67358709538402
131.78719793687702
51.5100831169222
198.47923553615237
177.89110761891337
165.51765987517032
122.3656092621646
135.96983515951192
124.4100376662752
151.96806313152538
157.6288697672148
200.91314616872702
172.77662166690172
40.812503214859255
189.22500059767373
171.92663999982878
180.31757934213502
150.1604175729636
189.1304151237236
176.2241019116945
90.80062283134032
89.31817000899528
61.59864426816549
93.5212900760957
154.11130334778863
138.66636448496848
149.9847126025314
71.25362649440494
83.36181654143085
58.51147928310043
45.74426210654595
40.11835814709565
33.83747046341535
146.78729710277426
199.148530523095
169.41333018541349
70.04030095418975
52.545440781495266
118.38299039829519
161.10459334587213
159.68555076325708
43.125083978313185
197.0421827990294
161.72018582837725
190.53562724382522
182.38977444150626
136.06410844978842
127.09158189129133
124.60088024973771
102.8529163849893
180.60807485273781
113.37015144711692
146.1472230383294
191.36112579607916
55.16630267501486
31.36476095673148
86.483046487768
178.16972607964843
199.15394953017068
137.61022232065457
109.92312273201598
189.49766890209654
39.72885267980703
132.9191979050422
176.72932100103395
55.097814592908186
177.5396491565414
184.915431252474
158.71133794302798
163.43326774201515
51.90175370441359
100.5531356293454
57.00213366776725
155.87073187378797
211.27028454602885
38.26749281621401
144.4887524084421
212.91331364993798
209.15766465223362
214.10441508481756
197.99608658414445
130.9000318385222
200.69377752666557
49.7997975888886
147.3683536966006
73.4600266239635
203.1245022277219
88.73965033485325
175.23292751321293
138.41442157057668
128.53368421192246
47.52716361253588
133.3717211351904
225.55698935341553
58.06297262205698
187.13503578396453
193.92928152565588
191.29043484631566
140.79997123875842
145.0724307470671
160.39743803808238
176.0182549724874
86.5870631413644
72.03832812902573
152.42225707619505
149.83165836941757
109.1277777970641
186.52222667201056
201.8865552611285
212.1909361498391
156.32365152461793
139.02897237328892
192.92041212552084
142.92651328268454
63.58505161152509
65.75974499005207
197.41079423509706
198.9768691181677
125.45983427510296
104.11178947807119
189.79254505700246
190.4969518075539
138.56894472439222
75.88679791924095
74.00518608601226
54.73365957009615
164.38457702658926
181.19937869591539
85.17883910042343
176.11858240316937
127.76883617238637
133.8224306733934
188.36596327245422
157.00005155560848
153.49287579719152
183.93986082407335
55.00587570966412
110.08050144565026
33.92871870999455
175.37854914998508
196.607113615881
138.73334694279683
151.50337443413244
108.78858282173537
79.54767790464503
133.34494730177417
83.50789248264753
184.02592094559662
183.03276305883801
162.60986046464492
125.77425367839449
97.1808991277208
177.48751191644388
195.41871221521316
169.86035509454214
170.64463891771166
191.659644817786
131.24697616165898
209.78647615240322
136.59836411240164
189.31336699515816
205.6203631340006
212.25210537229657
66.3618465402767
153.72620826452936
210.08082580386787
211.19440605176808
123.73433020491089
56.20995082384444
55.4634789928566
171.4964705624971
222.2135066487828
190.03422068833356
161.51749136450755
232.5101174181896
46.82140622861989
118.38870842513546
111.35841502497159
165.05478442878558
96.91682544039271
107.2661394986235
186.6282575442148
54.20494385933471
35.59299243196502
163.24553934615258
193.12022570756974
171.87399192114765
62.28975091199184
26.049797209707513
73.81409174340634
172.54105058737002
93.78281313891686
217.09005437329407
130.91510690532021
198.7178583057646
211.9558160760662
186.50577111276894
194.33197467727194
101.01755317176874
48.99027173106774
222.95886087337058
29.605960395029932
59.77317842195661
187.71920791464905
188.4247274648497
36.54524965796717
87.89117226118306
125.4273120658754
56.23709374180504
107.70443180956775
204.22374383362714
172.71856107323626
86.36284255976764
49.44954427991965
190.55542266960063
156.39996128604386
39.55607767988226
131.13072296265503
123.93800799696308
159.56162679768767
33.28447926051431
31.1696439799298
168.65231221962463
195.23104598439573
172.12291458792635
207.8096137489043
106.01107185367223
200.05687147276515
108.4440717452327
103.93009711541434
116.05345296841976
129.36260269981298
225.08776045931776
228.9173978229664
197.29839454052131
45.97545418964039
220.49353984985672
53.049254919323474
109.17257666091508
168.90116916074157
88.687754742115
108.35705287189296
59.81915043999451
181.69659630959015
175.48531422648628
169.91810757785146
199.9515368067997
139.66448661698251
41.37457955059249
214.98108191053072
42.5312038263133
162.93474383814413
186.780579443929
136.42600947363172
137.69052898121305
125.35164700729572
65.19347188085342
104.38669173095096
103.06961396449466
152.7841741401821
142.6194535506207
91.40105933320113
202.55061070932825
202.0657063467606
195.5634810158907
201.90624033728378
71.26080768065856
82.07456559074375
90.62642577857923
87.9529379100302
180.88006936761266
167.2425520292771
58.46082470007434
134.5734301466059
119.31440309366297
125.13272247555814
70.32738800392909
172.25593381535649
76.12079970605997
43.33804637719139
72.97524002782704
159.93123262981308
51.33226696440996
89.15613636466857
85.66240233416121
178.01935430904336
111.09008871744989
75.50379777904263
140.39487258823584
75.99666056740206
75.14914546662712
172.42456622882
212.76862520658926
74.99788431879897
90.60445863679938
200.68429383577296
161.52982159174573
184.68940430569666
202.82711906942325
175.84209068064226
183.00308793790407
111.67066226115813
57.45642584014
195.45397379228362
137.00255165059548
154.59611611096324
216.4257623363764
146.6848037323686
173.0794487195915
107.68533326996521
189.53053615730957
81.2560591306434
97.17617091622817
50.16343472884623
173.27542933530512
136.77344228599716
179.74197160995755
215.15786048513615
91.44949070456839
158.6621672108883
29.06355974426814
205.54875946251994
172.5515744397384
174.95248873270313
184.9629541698039
221.83878798696358
123.60854395899963
215.66968893144153
93.43711625613328
163.6650159617673
94.90175799016009
44.05649122597744
182.9071875231501
36.63530370265094
92.61189481572681
44.855027004813536
165.88538340690334
183.91271381098298
89.36146446328586
211.5139903905349
120.55769832888876
54.17469097584923
213.39645939748644
47.493133773806726
184.79200666417984
57.18169102205586
185.85849931658137
105.45019309640573
44.88775629983641
204.6708983463545
202.95494209516352
234.48452231996106
70.99682628155357
193.7916041744299
198.8415875081512
160.78339986850926
128.44780079999154
80.20812331304516
62.435543132850086
64.37405987367501
150.0940506006709
208.00125318977618
74.92028912299868
48.31778503529668
205.6047656309084
54.77046505889794
88.30003823587523
83.40228473472907
79.79266943236381
92.28665561438285
143.66520383787318
156.51554111176506
221.25110320426904
71.35074987953051
164.20776896482838
184.2922830430324
199.5236184790167
146.3867694006399
72.76218806394982
181.10168882659906
194.58475722658758
159.29727924582642
179.5066034253444
187.00447838094271
161.92416219806876
110.98466914153639
28.54139433749263
120.38835869378539
38.81054333044122
173.69820484200451
201.37184712344356
65.69133879040409
159.6822912172866
54.054634965035234
36.95332927006371
29.50518991144999
57.771574509743935
185.95039561585045
165.79860756747806
55.47049915564353
190.96465603385278
107.6584416883981
97.20328854401106
159.48330932574947
200.35481389204784
142.74859495317332
146.62807378328637
60.877782637524696
212.25023717625817
112.33701536820577
178.30971074859423
135.23701974261886
175.16382941078254
167.2386184816562
165.6101176752735
188.85450846912022
125.90550760312495
152.17577945271915
177.47082549056628
98.34862500164274
68.46182257623815
165.2044444181126
45.230701198710534
96.40317417146723
111.68169146423445
95.90080529710706
173.02089138956995
40.40697100299712
172.47450884693288
88.23990831917784
146.72770316645938
47.549731674366484
181.7868639358583
166.39463688423734
179.43178168951837
58.85776839750875
162.71276561993088
35.878793085184576
118.72455541290428
201.89029884202134
138.63287772309005
183.72255976781148
155.86009956597067
58.90844928287427
173.84501936761728
175.9100568998753
51.18560604373181
133.25190703518058
111.92531257106164
127.64904676184227
213.47325430481044
32.644182555006175
68.38605620197085
116.95749185331105
146.7748486070988
64.39258834341828
187.9202881143874
84.66956473564828
94.94896453316801
105.03488076668074
193.98385767957473
222.41331557179927
133.3039387136887
134.36061856087596
115.99687204272927
192.99996493179665
59.854876515022546
53.04444197206192
70.12835288692727
177.9306519932831
210.86555935000573
212.3435968133018
205.64902018148013
150.1920826797963
196.64343795485004
116.97246974719447
173.92532135616452
184.96777744997323
126.85758057905468
162.94141000179673
175.2599200538412
69.03644573863357
117.12491833555475
191.34886183960796
210.31604689825537
191.50436870826596
95.40942361010157
74.88339670776037
78.15240755824
157.37466640618194
46.86825876344642
54.491224131030854
164.75875374690688
86.54356932962514
160.5924042884014
137.83426726584705
116.8183049175287
112.30722680608663
192.43171251568012
111.11716093042816
211.30099592878628
96.6253323510429
161.51561069994312
203.8805829792054
167.62305809515314
100.61750129434249
70.199113042365
123.41542474724183
123.96267412358281
43.27354014840087
60.80944081277177
133.14995246040453
207.44829204697592
155.02456009410113
217.7661181815454
64.70552077299939
202.15755468130112
158.46131578474174
211.12021264397765
171.7933655039638
124.1421027375051
112.31905329412263
158.78688398815194
194.7651726525216
147.50096386668736
163.51961196097272
139.40537357635395
122.53513719472313
150.13765627145568
32.32296928431472
205.5394974440985
155.57522834693378
104.28995032394144
126.1657002227592
191.90246929321816
72.25518114000319
145.08867529837784
50.6146696328902
64.7277705809929
162.82462217718555
126.01172625620994
151.45651822651868
157.8277790539242
136.5247536465759
179.84614925262474
186.677579548882
215.25638097138338
40.605055529545616
178.00000944353906
213.02232901270733
162.0290165223909
209.4881958055456
37.848323659366926
216.85588272069936
38.85539420534856
100.42468254643296
41.450881044181976
91.26650695920885
156.15076282439122
225.06963563766556
122.56207446249407
192.6442968030292
78.17642963218465
115.18665602739759
82.16116972804213
148.80232581294163
150.09362956806828
118.54977535454093
87.274080678743
175.66023804716878
169.13485361183524
29.716749322065724
195.18387891680894
86.46282044408517
198.50063411619405
73.39623436319395
178.9494524973827
178.72850955334675
152.29479387796982
127.8173055230659
62.051793015548526
103.53419835491164
27.894240400769167
107.60075198648029
85.37642839708441
156.46055796150895
181.64870669312222
147.3683536966006
37.2342875919501
158.9034376639464
84.91408936016983
153.20285548722646
31.298066543395556
31.57338709256019
203.8952816236088
184.607165806949
172.49909906782275
206.48047145070726
170.51320884953194
33.85738035831158
205.99772747461347
204.85566207897702
167.84563682556455
119.93781579018015
203.28676740662854
158.82858683245973
192.1739778744087
137.10248170297118
53.765055597848615
67.93272787295732
157.69083566325548
62.49859127679083
52.25553673463464
90.35888125609944
176.8053981150092
134.30689308987928
159.79153698578628
205.66611891923793
224.14291295047587
156.9994037689487
161.52231783567777
122.28940492926054
91.57512808945592
208.3858278562665
193.8901392899163
187.73386884150463
188.28430581805847
32.69944831237313
146.8585228649064
190.73331066859288
206.80029223119172
128.73531209914228
209.14665778827282
135.7068589500479
155.87506323681356
73.3144960465532
204.8878781139044
134.83864760886365
215.37813861480623
80.5673628800618
69.6895154891783
176.42502799591935
48.147397328174435
162.22448169731686
107.78208699298979
105.03740235842471
191.10943179233905
36.80237012157051
99.74253437792025
218.52889896906618
161.85067697020796
209.3953779751684
144.51264925278792
202.5301346276575
106.4031854988964
192.9261418068621
103.32817913750299
172.5267209662011
60.74927976769498
111.92139863737701
66.05273061238049
70.9747662871228
216.19986809222945
135.31839467015465
75.2909382260767
194.12272532799025
152.22622204576646
201.47843721851797
186.26394738498902
45.63039282694145
42.68231720389944
197.42098680435376
80.26647113343039
213.42161638386125
57.51869188623187
100.84500879367427
161.2296619599476
175.5187945744221
154.77539443200544
195.03218319439705
220.76853499707457
62.56140840874042
89.44042370366645
175.2223833086925
127.00583903082338
163.664764610014
134.95232428780298
169.3361416647327
164.19470397340768
43.7507398932822
216.2964024702612
158.2919940622357
182.1922594681116
118.09864168099548
200.11905775252947
181.05947532243778
136.1462515793876
148.4486341551394
209.00431787513557
91.08035961341047
217.303217410712
184.0286602666015
130.6798655727215
182.9891997222871
69.9961590695776
176.24131565390215
34.96954081079635
152.99484663982807
102.96485084717771
193.36541421043563
203.9940003642589
191.15884147111151
37.29433761275708
36.89368417014956
29.635654552936536
142.95786396758683
43.29141849593618
170.7221478106322
132.03253552086247
160.2262275149648
103.01965904229651
27.621698025166026
80.91538824381854
164.17474320774622
176.73296811637627
68.24042550989859
203.04140231845864
222.44224397161042
202.70886806957284
178.48255090667615
163.0508240520465
104.6935167436979
40.22446755513283
169.31820081656159
175.9332259839567
194.11890811069338
145.25431956749992
159.07704341539912
149.94488188395266
190.49827271457747
146.75036481521727
41.58526764506157
128.27762051199826
48.38862192438065
214.66661087740832
120.07951570347005
85.60352309240562
194.9089654458489
218.01535763831606
167.89074928047492
102.61522312721175
150.75189819248075
138.36758845431203
111.29759687902707
56.966813004628385
72.97667865634735
188.202593695117
63.575074081747374
159.19551818498428
148.07121829373915
133.3872949359659
201.86380942995396
211.20877728719026
143.3252736082466
119.22932802435106
71.87139930050546
107.52242098822813
119.5512711844466
26.096384516209312
56.57524952972756
175.63667106982243
153.9646601456084
214.52846272706287
201.67853351434212
208.70274811281902
202.8149010767185
196.0784331507529
183.99973156540756
161.23528586681638
169.4858871522804
182.1711629077463
196.05274660458315
202.9567240225188
189.6109935890254
152.38314362736168
190.77253131627828
121.92616187010758
131.78063791844727
196.7872937516661
193.93384982849093
145.91140567429497
185.5243475885249
190.84754472379805
181.76987355506677
185.39052890372193
108.97711583914176
206.4588660709639
67.78681684155836
112.91756197606007
147.4892042445821
189.80914929997505
144.39952080618392
178.6822043475276
85.79845789260435
214.48147188581677
197.1278261600145
113.13635103147116
100.07148679506867
134.53397857200085
194.9074031294196
176.438768148354
137.61016885267716
171.64445442397206
182.93474358466023
184.011622803617
123.41542474724183
151.93918150054853
198.1965276458847
216.43336801753543
64.79077224338707
65.44214817541908
190.177154920834
105.24940674086118
196.4645569105183
162.25813954298158
159.55050715224337
161.6286779371487
199.66486332748892
93.02446984570017
60.730713325958604
93.72034938807636
184.2104796055473
141.40450457598126
184.5814842522173
204.0764904931472
115.91837398156134
90.19069291792125
49.788479489999354
173.83828096748059
155.27080776929392
187.28918134891143
60.092486353577556
164.25514818914507
77.82091907415418
151.4996233310473
200.75529436221538
93.54407506729228
175.60348604599218
156.42979105896612
144.9218238227392
103.33652117135958
110.4063792629353
171.45550749589938
70.14601699055063
119.57783118533261
175.81492080769928
200.53628151542807
50.53600962206042
190.9931048645327
127.51962458177435
188.73513811171583
97.62017012917703
120.65162102992292
202.18821630812192
43.99099350178443
73.68198567386314
205.96538251389072
165.43029182448896
164.93120175279083
81.97437639626096
163.11287094059813
127.02387706631082
180.21147197077218
184.02274505659085
53.26826852012405
219.62756535275403
190.54680051092012
197.4771288518161
132.30521553502442
41.27542121969157
114.28698299319457
84.39974704633761
56.38389074464314
65.04083705599334
141.28299863784287
169.25875069295577
48.51966843697198
133.11009733135208
46.48930115015976
183.7481953464903
175.4120250774689
97.32621111695961
164.53274527393427
182.13510476614314
197.31168991654988
183.40909214764457
160.4722913799136
148.97945255723064
88.68981112147985
71.91492892183305
64.18368424922353
90.63545177766314
173.40520615748105
51.15463296393309
172.67506337975442
45.16071598985904
141.92188225344546
209.87973121111057
136.30404073172795
103.32817913750299
154.36097981511298
131.2895322626114
170.45328091815955
100.44667556246186
193.93805162856202
144.53739549813034
53.04230788309096
176.77939908045207
166.5671801627338
29.099878397678598
126.51696411830476
32.632675050795555
174.60035713100797
140.7852639298851
106.24737349496321
106.65276842928614
144.44071761134566
162.44958121535754
63.61275118654893
221.3310489531243
169.22435355653826
34.92357356549683
123.79119931511882
170.61740649799154
55.93117958268286
104.27047256084818
87.21097343655973
64.21363212010527
199.31791221997213
191.375573375643
105.08821242066796
203.3883469196325
208.711885343377
205.85140817632532
30.688704603966183
102.91961957505991
62.29959195245239
114.03228189528262
186.768030283269
146.23771989205778
149.33708188710477
178.85198743179436
213.4912497122399
206.2471272141752
138.8077133964618
151.80456912693265
76.4887602582486
195.4713371654554
40.48208264824473
116.42233960529956
140.54216492665438
199.88522219691077
207.20222166803214
48.752948411233234
188.55046727038555
74.71663578188365
196.24135708294858
42.51592570428939
221.99058294038622
207.86181850501038
212.87014215183876
195.63139364857642
203.73369711270757
36.07414346896273
82.59545722886762
188.21356273778693
219.8184136864408
145.5813890969117
157.19057915056774
73.47485406274903
189.89239468195314
85.63302063772105
108.52235096689647
212.99605266436936
176.74595628487324
128.9197969019495
99.52272889547828
65.59334690628398
175.9838646815213
203.90898862994948
68.57667906174314
141.49998608641494
185.02993042688956
192.18313509020072
43.94508500842998
146.33474216465729
156.7843790624698
42.72367003300131
154.1960312639609
115.4265244527208
161.75135926683313
51.05301560070013
207.6957256210125
188.79750410878756
49.41091918840198
196.2412683992465
186.63853147944846
121.70604845422888
55.7981960066831
193.56176382702932
201.4485604743205
158.17148555372194
188.06803145963752
46.49862962441023
26.302800986407004
196.8441546468816
68.01364225688647
179.2883445293443
81.93524767082292
177.18752344056475
68.12188120049483
147.43799332308603
163.38357216181637
192.21298795227366
55.4520619231711
82.75337966376796
221.9523714830285
31.507443086437245
77.12686815418243
161.00729096839868
81.17171309308826
164.4405587038304
57.63481003274021
81.99841975268414
133.484846029935
125.35745417307439
179.3187995710123
193.4426316808564
90.11803278353361
61.00331505320473
57.45642584014
221.54538914941375
206.5353287952326
173.36835344699065
84.99266817689723
146.95405694100998
97.3205438002228
50.109525447821355
159.23367211104878
191.0655045150945
173.27890996885068
109.52541522616359
195.67910059283156
168.33871922661217
176.52996896683047
144.91312357523805
161.6090923043921
45.90342842269641
57.34514710464439
139.1130096324382
206.48052333875472
89.60016050246323
136.1601111030288
192.07613076960283
141.18079854756144
31.279408661244233
152.98521047867823
122.19163220889642
192.16255624843797
72.44855839777834
85.83120334810326
42.41592623605015
229.4270777094621
200.80116388893936
146.10057624592554
66.31021982020613
173.14087920050483
111.51108587111585
174.27111729634632
152.63902183536186
142.4568822109009
185.88396893139733
178.41194952324565
207.24699688740327
26.019130885991057
184.11289964032164
203.54895485125996
161.82400373946294
148.32704786072253
112.75245941498638
207.00501456350358
134.87549521949876
134.4824261503851
50.434122846321245
194.10629382057027
82.83648133328894
165.44909497378111
52.46299049661069
48.4139903456088
170.55588946612846
133.2314327763924
176.20943764111337
120.59035527075373
223.26662688593206
166.50249130453633
194.50635484659355
195.55258368696903
155.1733557772468
189.75009410630685
191.67107854080243
43.58145080370488
199.19798036827476
188.08295837402457
155.1303300648962
54.46906595620173
106.70950832447365
185.54189480686833
97.49224136269439
207.75298683082772
121.68246463748768
161.79919128367635
213.37751305680123
163.68858229623848
31.2068860118926
166.61330730301395
94.46576690455706
181.81725265885441
179.12954749769506
43.06213084083802
138.28766890419334
32.44775378816585
66.8410127753036
40.45371925677064
84.37530315306293
32.92385551376618
97.10312438465601
183.87665650888647
144.77728974979013
176.82810027644544
188.99198309367227
208.1374163193073
179.3395572031613
181.25585460114203
120.69024253705365
47.324689318519795
69.1575899511984
183.62017488999098
213.2440537237412
48.771307033558344
165.28707732983386
29.318638076066588
130.48009828172277
205.98672592506932
119.56171510912188
202.70528087457157
188.0045786529271
154.82751372690043
213.60441112605136
167.07254737866162
32.31327378516805
31.021727862239768
51.79472121310529
34.42940292463943
151.05312080063658
184.32261442523583
114.38064038443935
54.128765270260956
137.76701201564288
165.2875372015291
188.83551523611447
193.57398188410596
186.1406208143107
201.4639897823011
90.66071450755592
182.64118181168453
86.75613998850676
162.88262981611496
198.90860060822172
40.92526843202996
126.14511040761596
36.0072368886771
149.23849319571087
43.22301885772539
98.07031837591165
174.6085259626645
168.2956760840008
166.55023815278113
188.55761180971217
44.29698628494632
70.8587667590892
66.41405642814881
197.05748137713
136.32057867394218
220.83430306870352
200.4869955583314
91.55334038737193
84.38864339354903
131.78530229797468
107.36330257357328
186.1084981447993
182.1364415819002
48.701572565808924
51.50399757910353
188.06530476368624
111.20014894240754
127.89102288171806
70.61657530438487
151.39362747025015
166.84913048469278
85.38476837537554
179.35875679130226
152.38756282316157
137.0853401055024
100.0664040757676
178.87434606538991
170.53374436197421
175.13557066233386
53.28257716281378
42.147078291428365
174.58416908893668
155.34150394393345
128.26680842724468
146.70409536405987
30.03227100363122
161.09174950543363
121.85980362504345
191.41541396386776
38.77765479575198
182.57705699697877
204.20840235863758
202.10010419435767
65.80825121918753
48.125034800181105
158.01978926393352
82.01569262621905
101.55331624437301
100.70395275348889
175.66659118124574
138.63480860211345
121.97282258219282
35.39633544168015
46.849131261737945
214.61141810531032
197.26485503981067
51.2441683182177
48.480678777638644
178.02661429593388
199.49450575734514
200.72493320974186
155.26459258937336
67.78294190937187
167.24620703704448
48.201880176621586
80.23444525297708
123.35642961032433
85.16553184360114
144.312202380396
193.37730694839564
217.65440035071663
82.85241668069884
151.84858909537215
173.75636358883364
43.52966160716802
230.03104281548727
199.34617989310598
68.27937003779225
197.46489514127248
92.27539243570527
185.2253125997633
172.21026800100086
224.2141807394598
192.4999331671197
205.72664418677485
153.1513476767279
161.84793061285825
80.576055653555
164.39384521013795
50.66962366643336
191.1607103777844
180.51654936257356
97.72865965829295
162.46676648410892
91.80321563247477
205.94692992982309
231.7956044275832
177.36154362275747
112.53142225099884
162.89158679600018
85.51015445756384
188.7851059116296
174.63916056964354
113.06731617885153
180.00819742999929
76.19339996974078
190.21511193726667
76.27071286096086
200.7697729920963
107.78309907016325
33.061506879975774
154.69578644098445
155.78330912349952
185.17472722944646
75.63742673570795
110.33941024101983
197.51239365935803
178.45996084794143
184.91715881543809
53.95117522889304
165.35920673569208
208.88803203624974
