114.93289600674987
170.68327316766
184.9916573137791
150.67087697260848
137.9266771615351
105.93860910114648
163.5823595015433
127.9202538117439
82.30919330537151
123.88359499638909
221.43106312277334
185.20797779198833
208.02913461895508
196.83374175170061
183.5388269611088
123.78005811697415
185.52657244438393
186.56032225579204
93.24209208450081
25.898281766310035
75.32463447460553
35.14384521663191
145.52619470692318
235.22732554176858
205.68725548267597
138.0588191253366
116.44153847592666
119.01219597892491
75.45735216992067
147.53034923432412
143.03163643789296
135.16889314790893
155.29025348645433
186.8616309358844
112.71612488894638
208.58697946523438
27.277339545435005
124.10291065380358
179.37066094930861
65.50045583965165
180.76813934420034
117.53005346245007
84.49442396422566
167.24370727427424
185.9130583575945
189.23511947525424
134.76565074186655
130.298977372727
53.28394608925459
89.19349568404608
67.5485155134708
97.82876734996418
107.49157231644367
162.41474291725075
129.94934896893287
156.71485280319487
133.0956165356871
53.867437340858395
202.7647373321266
64.29723736173025
96.95352425313781
74.50323220806
188.88070648428783
210.9902377288174
42.2539241531689
205.38492738140354
184.43497558690086
198.4034929842757
194.40824651558788
185.45681931545272
97.71686549566034
147.20016029350467
120.93466325694341
39.84259023214264
142.10492079629404
72.42772136308429
207.00514096435015
181.349119686862
214.9869143002585
48.754897492297545
141.43871572082261
138.55529530801408
109.87132543003085
96.77556921432245
79.02348821519118
113.13065066885366
45.47464002511489
130.87374760513165
32.362662023092334
159.02141284894574
169.5906401705377
71.53021084922786
209.92581076555834
124.32160015493422
41.63392944076879
172.35649277702782
138.46551700277718
101.57499655893001
110.69284522961806
147.3216901036222
38.41903695581998
152.3773766154873
143.33696369349153
168.29006956102947
190.88210026108214
150.47502901247174
189.5551481430081
138.18509376650852
174.9729606342642
123.65287175064526
121.89527788873447
59.363183694711665
34.92102924492436
66.87431048767525
94.95126941105501
60.26528267645359
63.66746043896978
75.94386006179572
217.76133352543417
144.76015269793962
191.10350941893736
126.52189757185596
56.03078276256621
28.058383850793195
186.85246123119225
50.52024487129825
127.08268300060082
209.5084929884448
162.23903210426352
63.67923262820056
185.2207724919365
190.2395994250329
52.94467856627791
177.5836734989099
87.41306063989038
191.28484267923378
81.24509136273373
201.45837828469476
159.15168855529325
190.16313997219405
55.27135740020024
200.6186877188429
191.3705730913793
88.2689900213804
189.16101265260335
183.89137232902263
207.42212273598335
188.807920557715
191.45770363666938
185.7246723556231
132.3663465675529
33.43709158321847
100.13894312311938
88.33975090548114
114.44946724128683
186.2795617085452
56.63590765632205
34.499697647176205
95.25876629201814
206.17101716348358
35.14068446437873
200.5016589424306
179.96305890219006
179.1093301067255
145.24707684468257
210.43128179983515
47.22010125353471
34.91414248990036
57.64553539413086
206.04902330190086
84.78426365948728
160.10447036924057
116.89354228818209
46.37755349149988
178.89996783891462
112.78917217861488
40.587068823936065
117.32666249568022
219.60089713870858
91.67937108635853
181.05806478611223
189.35389614765927
43.45334997396605
154.1745005666029
46.617713494399894
99.18189851062715
52.3907755039633
159.40076380619766
175.05561370245587
52.95840747061962
188.90067408505
131.63631535716945
92.50472881365107
198.06194864145624
52.75549234858293
194.20928925302007
37.80935712326662
204.11528459064107
198.611027272797
78.36128979312184
209.47346795248498
139.70237360507016
69.24282756321105
103.41600250478687
192.8939976806188
159.1394436606137
131.66423599365163
87.9480861841324
163.20636271326273
47.65996504869647
53.80394041812571
154.9466890008525
178.1939558289996
127.72346311209574
115.0063331126117
158.51407201189596
165.51318657858863
202.40360705493998
217.06329269454025
212.7912123992986
211.66536665990614
165.70792083015104
180.03537719213443
38.53294110178236
103.50788792082417
136.8135408366443
204.77367903493877
171.49663741188948
143.49238871204545
135.3586461973693
48.868480888922555
166.128098407972
183.17641492057356
219.91046468527082
202.6809364761368
103.58856706332567
170.02048849494588
26.998107667830695
108.38815300869553
45.869655549774684
39.27495030208003
195.67676324481926
114.78727434257098
164.43994500756637
92.52237520072356
201.61621347192866
83.4777715030669
189.98082726840798
63.7627393231213
211.6977176603362
137.30006018248602
153.1140272729876
61.18819042123806
86.57111138478582
47.07452335194556
171.30235720513733
56.54210366018694
102.02474490232028
181.06776579850435
182.95438734114646
204.11847012139813
174.94483707682662
110.35307701056496
152.34136764763136
198.02973832764008
93.83283855207873
211.81856995875515
100.77275205825543
169.02193567361348
120.3263883751717
60.29539134685524
114.79812571129854
137.20627879900314
90.65461888016786
81.50374638828019
47.556310206711736
67.96654489686458
207.79188963506354
127.53250166824333
152.52407771610095
154.10786909992848
188.6867442752874
192.02067820964308
187.529403594144
118.57730524927442
41.567983996693734
91.33817110953986
186.80052132619682
190.5527464297054
153.97421831047552
189.2499833682811
41.66948318859517
198.30897617128946
208.5481627970243
64.165137718017
172.40563735919636
202.45382710387176
123.93168573708206
160.22408742527747
213.9277608459177
146.98814816633154
171.5791333333113
151.3957330535512
168.10370975789837
139.05924655385584
128.29921602491206
106.93914107257135
124.30528925316428
209.96695316148245
41.80685021445045
217.669698343895
195.61915164284056
108.4640681384513
67.03171146369414
169.55204326215977
199.73454821056316
143.93844436660328
150.73603719661165
213.9249952466662
181.38837694628344
211.16674812823115
127.89864578609594
171.39537231698966
174.5338158961565
119.00320471429511
136.54810521974403
109.19733227603977
124.94399668726699
100.74752377930288
54.4692826844986
115.49006980656861
211.9748408539649
175.0599109301075
62.57995349281183
117.4795477637814
59.02032676117243
177.40184217096606
183.0307888104901
176.662195351431
122.82787037173222
128.32312426014124
190.59784461605594
198.01679257029846
153.67101780031624
141.3122164530768
119.30022098520956
177.41288571883243
135.11204787300036
35.70199653209994
70.33108724645093
164.8831555627355
187.25434528734596
193.58495802347787
108.10629516178805
199.1812549164591
122.34813067677374
105.01155628806261
140.09150412918288
197.78886975632034
209.18460641301095
89.86306891055868
168.9407575559538
92.50203832076578
147.36621559800832
196.58183359111123
115.23525909101566
96.38991029663447
147.88348197622597
40.35330597894342
190.23411673628163
182.6554141769462
186.08978143423784
136.36152380219573
197.8313091221239
121.80551505388753
46.987966889305106
37.982654613164975
127.01424863511009
199.8893072042558
35.571368794006545
118.42104015004038
140.36629953507196
147.36079554383036
147.58764847365939
82.26543599937442
53.23706238339254
155.61420407148975
145.39234833030196
158.27793530086117
188.148982150097
204.00848691056962
230.43467622005392
123.15394591480914
34.691066770993466
206.05038194336223
200.67630817073427
204.16152338506492
220.89047224553855
88.3339209352835
142.59189176879957
138.04233789384668
119.7845933891147
182.5911543922747
38.14082761165413
182.17152711656968
57.12960771184848
142.69071374635237
59.84671109652683
210.1623613937661
101.19593021927642
92.5274007973835
55.035839314838135
148.47358661241094
134.71869444911908
59.2004705372697
174.3516823809521
112.37982146709655
87.12776896702893
144.47366625626432
187.19780807485267
75.14128182869432
196.7903563331515
211.87383987058425
172.43818425981127
118.9431104431688
83.49266637049149
214.16808722926382
39.16421748498298
202.06101311443254
121.47196727294775
205.87665007069907
201.17372861369077
126.61220051028283
110.57955927916468
36.718146685301654
212.01419898419377
197.03945283949597
98.95789036296556
155.61720774798425
177.22422237270393
140.7636257606359
146.10621718240859
69.58542718862056
202.45989250189643
204.2527237039499
204.21397829162015
72.93549277747125
150.65082274210556
134.0618804836229
149.60636655920695
37.4554212261544
52.70310965423337
203.18787075487145
48.620692903700046
174.63096725294992
136.19124230580294
121.55132384857714
205.02092869953395
191.24119506737463
175.07829156007813
60.61807552627359
186.0268194511396
222.89983290129908
63.344033336731655
75.95476061255879
83.6783817781408
28.58467886721109
195.1066694409363
89.02742963033232
71.07901225837946
177.90363474445576
110.58418026642583
185.3846327619248
32.67400285629495
209.21013506952403
80.00806566170459
203.56542854914858
178.6988235356521
55.69380096890596
204.41140475721733
156.04287826429294
73.21413743270367
62.58184956824066
111.33073670115232
155.7154773834949
37.02326194877201
204.02922489938246
209.431457031133
134.11927995975466
41.841955977773765
36.29603482975664
86.7063430620261
101.00384329733623
196.42718638223383
75.16904061163886
192.7784481002366
160.61782120265127
145.59399877681315
200.56326544846598
179.5011045456307
125.63819767509895
177.47145970303544
26.220034925982436
160.19635613097267
212.13810366703268
198.56875666187125
184.9438491385434
118.08080343323178
176.47209006371685
29.402122061034508
43.884471369275644
36.06844994874945
61.434692211893896
192.93284832811557
193.2961489263922
208.64438492969933
190.86295456893274
208.3776657356724
41.4116868967893
194.3477790504246
181.12502532118103
195.88566682294223
130.941311387736
65.993602636964
188.82248897317038
213.1301502431993
78.41338540555012
136.00080172044966
187.82211805979404
154.0004341894164
171.43156737054963
192.41904290629097
120.80455846437225
83.01716852291419
194.1498284679061
130.87374760513165
199.1054251741278
90.52050790928351
188.66503578053275
75.51791424896135
52.6686186880114
197.43607365261295
127.02369157219667
189.07204311374787
110.95335786822348
56.678837368164594
158.75314993136254
143.2086923101003
148.3223118037507
207.6774160008177
133.9323824065264
73.71863988646768
152.03506140964538
63.816753478198116
139.44137772580615
96.00708790408888
197.45829015486234
179.58576200598446
144.29839818674174
70.7278611921667
31.652945374445107
204.5802021199093
113.18646317051765
178.8446600914902
225.86796609831342
90.2642362884176
145.347280982004
80.63589005301684
201.4846072717299
75.35304458177713
150.7147580421826
67.19205267494019
195.79673049207167
195.03015239567728
134.931062228753
173.31484108329562
194.57936476632193
183.98724531888067
86.60780851042512
82.49621831598628
122.76953509384012
129.11767172189946
224.11796367556036
198.83457625089022
141.75359682268137
182.03389846747262
51.1017524487935
184.49191387953758
156.79328623746298
89.89923611495881
143.96591396227768
146.18026659253027
197.23089178624824
181.0736911432002
175.96350864373645
86.34727264562378
159.60820844206575
134.60042835745477
95.84430374794307
82.82597045982648
197.64252510173316
172.69661469358184
216.08807277048118
159.74348287025092
189.65123200356456
104.14768971186027
185.69747163495245
180.5101960406753
155.2112666930307
138.62121540619248
196.43555001443417
93.67062399462905
131.32203382576185
161.10417639656265
174.4990745188868
83.108581778491
208.75928748209552
86.3973707180313
224.88543737530233
70.7652498894228
151.80308548827492
161.51163736427173
137.80065187241186
186.91546232617915
31.973135170412746
137.97905314092148
181.6993649070877
173.7767104499662
107.52880153081236
109.9491763217451
200.3347644914679
79.0935947423489
150.26196448930642
183.6017281271132
180.40359893962165
65.76044621422056
173.58798709148337
171.93507122429435
217.27306094924108
170.1839961112096
59.3481689012251
83.85164144322745
31.559040484441738
72.5676039380047
155.42069251437712
179.79609468204998
158.7584890604756
41.62367466642868
144.8811400009225
198.35463160955192
139.47206335241282
140.42361295147228
128.53772331393546
60.9938604483921
205.55670054385422
51.54165173012805
29.685409637093063
176.92183199274237
193.95523663029934
181.90496483269288
188.69475749357153
196.1252220008804
183.08982088721322
34.817509280923495
76.48871642250239
88.35976599204699
53.075743923490904
128.44277178809315
200.68938124724815
138.40959590358847
205.55258231247993
211.0971084427804
73.07388924569744
213.59969965145956
103.20728669457776
55.584252507337695
194.21297060299702
145.3128155626601
204.21688070019442
211.90119953734515
179.31219206251524
179.24225478874064
185.94322231238
211.7469921766134
192.3496530740818
146.04480323146515
181.00087726192618
100.46463179858539
181.74850839412684
148.1650523994133
72.0782350095918
79.81337093329223
39.194733630293335
133.20549556495192
187.00327506369015
115.72469031200622
63.46208464788702
156.6193058761622
139.43763362299092
127.21345073009499
142.27090577628445
183.71818883790493
176.60794648405493
196.404687721019
155.70292345132924
146.321280634007
139.019143610893
114.78464764851792
188.06057564961853
89.38152814146385
181.44335180685644
191.60047197876906
213.80203168638462
104.28753205344701
177.60451143162817
204.7326948580914
105.72067350479533
193.55982995852457
152.79211878793896
84.03350098773109
214.35902887133742
195.10779891030984
156.27021444873895
100.37985546705974
217.67021817655677
210.5232716116649
130.9338604145659
173.854707679823
229.18447254632937
103.89222627779358
203.2670202417336
104.89895189221505
203.0131121563802
229.25169390014568
63.85516985766762
160.08158538126193
97.80194754893832
57.619136643363476
201.79568811273114
172.09986713555742
187.88512726862135
91.85514356663562
194.2980469364273
191.12604773263152
165.37091775816495
184.1326972479594
164.29332471885402
105.07532035511902
175.2313413891159
34.79645757014581
142.695304586227
29.861884040773997
159.4270203418252
197.67990467733816
69.42744559979916
171.2217413024484
97.44818491292246
32.17606783889678
175.4919764504767
36.161965441075104
30.008162064879084
215.05650855910292
164.98219623748813
58.930311960628224
41.55848351249884
199.9883751207112
177.93635329714354
63.971907318016484
77.49388184541245
111.20297901696827
188.4820109510957
201.51624993002628
34.03449319393581
200.4339934044385
63.63414038104981
129.17056809694387
155.75783897538835
32.21434310155781
153.47367981046438
67.26759953384635
171.13472072697914
89.18830322781223
199.58305276291674
117.43526993483941
98.09576432783336
113.79220518119607
83.05784813836041
196.20610673758145
121.04555452691415
147.37359569627137
234.19698970640974
172.1357328204101
124.12401010979899
64.92850008340181
219.13022402029077
122.80869607532048
201.9053701634188
219.54045756423483
198.59377001564906
141.33267980393887
101.68217214251068
121.54039485889976
189.54144143774062
47.05858632017943
199.00476479539614
143.57474136564988
187.27012936336706
63.40543483477788
157.40980033826926
83.32226885445392
155.89278330587345
135.27837436816287
106.56582523609472
48.57209995485957
161.3621837207765
39.104919336987585
179.94839025190603
148.45638116169704
199.7616772149876
136.6697104798385
184.46330712062726
78.4735297411966
118.76753396339339
31.730192992860488
82.63547522979432
109.73869006106882
226.96662204540877
156.68818339332464
146.9187886897734
200.265006771915
203.352443465855
214.78834104916135
48.96973507008203
147.00903782332455
179.08836253499558
174.02409773707842
27.711896994533795
64.2226568644199
88.11368417142253
225.92975236751525
186.52329590547757
167.7800942179421
219.37457310006178
101.60656442762271
47.542221087060724
157.82003635275453
168.7732101620381
129.4912093236617
201.32838063921656
88.84991309955024
49.61160809854762
97.36374831973585
196.61360391796194
63.35708461070328
74.41611669551413
169.8129744828046
194.29774814645052
175.24692189555418
73.1344231445917
204.98598777552687
147.37896088216078
36.43802102908986
81.06612027888447
200.8737744424439
184.0114123293563
190.1767153155683
88.41975465873203
66.0827529636028
131.532070028194
192.15380625730756
67.45846536072784
192.8442788865426
220.48496770317536
193.00043339443238
191.77158254875647
188.18331741409975
64.6960414351322
132.40238493289732
170.19765103731615
101.5690829034451
171.7818303689545
163.38571490506536
200.7639018942723
168.51459442459267
215.15074199555502
153.69941354509763
123.6445821457619
46.09908052896488
194.77816549943847
90.10972169312895
68.41137654932314
163.094074800934
205.52925297904733
166.7308906527049
105.2522989978654
155.68157885428838
206.9560535658127
210.88406302357666
146.18973229515817
204.24296536687243
163.69717418854066
33.11633579981015
209.47499997017098
67.77093194499633
40.524124397935914
158.07958343091892
157.84029165698036
171.88864856839615
135.2225757098865
67.14304054250027
161.75528311626147
155.97868677463242
59.23353662792173
209.89176818677996
185.45281125790075
201.7702553674159
37.36685265471328
59.71833256187909
159.47084952293005
162.58994064316892
201.85960229140082
211.69501637146587
136.78756216868544
156.10348219331914
141.15138000527983
48.99685308828503
102.35253515687627
52.24144277289733
95.39663810358437
126.25034622222675
89.332743715512
230.75147119635486
197.2130963999659
61.596193833528616
148.3348537330107
45.73895839943327
153.2268372660606
199.9167167791886
156.5268637057867
112.41931560206842
197.38443851239043
140.5150443239517
187.59114382610346
179.46307969999316
196.59878046389767
177.11386814723596
56.382779914125116
172.52384106313966
148.08903555354615
177.32625943795216
182.29887700941845
220.50290780985404
107.01332156400154
166.5904677933733
188.87572001503773
81.73736190751185
200.8949236843347
182.00149230157217
197.69796533336518
154.73142031977804
34.626639896973344
201.4546794743196
210.14562138771888
150.5552405017996
186.20636773761777
88.51059833757951
138.8046171348078
126.86998247464933
66.30077180509107
187.32291427293913
176.45514370827365
147.9630968100341
183.27132561724227
177.44012299505013
167.86782685100187
165.50603881424684
151.33716960541642
149.31384565506244
89.85551662168812
182.58274810099527
120.02504099759345
205.41300160845495
187.98771191164357
66.99835283576493
118.62031394653673
167.20410619806978
27.499208626008446
173.84490155708747
90.39328106416654
163.39241441918318
60.12413694902665
178.5727683505581
202.58532253813158
106.04242825649428
189.3026032958022
183.42086735497435
46.83792405990876
153.54398323093437
203.69129111658637
170.0961579253186
220.09462989293297
164.8269365418715
143.26457703791928
177.9673806130167
46.48874435653567
181.9329107247312
224.52784221383982
115.39301423603101
219.03990504808212
148.07869892467235
182.99631268896658
141.85063583541702
177.80948586885978
207.35192531128996
209.1692883112802
183.40996079049495
118.50829195563385
162.8957965325874
59.68393635481752
175.9142569242224
206.42655830237948
27.489847548894296
189.10803351541767
179.7619213306992
133.36872360236686
206.86954579413137
65.43804069463357
171.78358788474705
65.31080419542035
107.11982490165852
207.91271036063006
174.8885422284986
107.3572561784771
52.45295303024465
223.43452539825446
184.61042746987997
99.93692894807445
31.080836154130775
136.40434180659057
129.61682257694443
77.37645664288841
48.49435515154074
216.51677317976245
102.74971654511818
174.41351815542174
149.84330028145658
128.78453203806586
115.59887990271407
56.79911700047444
100.22034218247867
190.90304391341675
170.73081258753194
201.18516543631605
124.95200827935183
182.90841089319693
100.15732897564088
77.78264762312534
49.77256317531184
121.45830798089025
192.45635975199895
73.84986753586928
216.55200397992596
160.7289305450175
49.06823024572698
175.0416308961801
184.96063277867117
193.77187457223187
220.68976347626105
166.8790506670355
161.46935271229708
195.4880251131549
188.608097878427
210.04327169512754
199.72147151403854
183.56321846015572
50.760399031060196
177.20739262226294
106.49077208097476
101.43231014880618
195.83765807675434
162.79865785443639
104.45217762590595
136.35886290335318
80.1129437262034
148.41622969765066
201.0432542730799
137.38284692233833
35.37373722179546
191.51946679228035
93.21247242769454
198.50048003741807
142.66529941572213
68.65827041400628
104.71872513844359
194.80931388695754
87.71208190300518
118.25940477466133
78.6001130551911
188.48846605709022
188.7071488645825
164.19150965603234
200.19618175407146
180.55741346593737
157.00436276098537
201.24755615864476
111.52376650230134
175.80623857500916
96.14983363119471
122.87251659403962
187.46480200316665
178.59523551615723
123.91691775700352
122.76544187346592
195.8455096178513
64.80987062165961
210.84456290653048
82.29954473757608
197.52214206240924
27.497766727110903
111.47339016614643
30.31964778199174
33.89661952118216
184.97624751283502
208.9863157023086
59.511676500061
175.08915549620593
67.32031783562533
101.32075376927769
70.41410410263738
80.79260392207458
100.34331976159011
80.77452988584979
81.07307565291686
120.6039479090029
58.386595647245684
48.64872027163082
189.07062691711366
187.5774808665399
194.1383074179767
193.8231087021334
119.7129320649521
129.33181426068236
197.81772735383095
170.89282520125363
88.97318421817768
51.89160851085247
103.89880867597783
148.8865465257984
166.5046709793696
37.12761223310061
49.27395964313172
130.6988800108062
184.6011131349856
33.474262482691564
60.44840161670669
51.105369348092786
127.27048020918122
198.1179585629913
192.7476469361107
42.79789434151606
171.46757013697672
79.73219162274576
94.49582033042313
183.2266177582799
109.96633235896215
50.638576187069354
189.5468978969594
118.5271877195056
139.7996709367838
142.39311065985228
166.46010087620436
163.71821766752413
173.59170895016703
163.30142732334215
31.91845302473481
89.23156257669382
209.28703126465996
88.11153856653057
221.6590287237927
61.947725534796085
188.07773859980517
92.2805572832737
34.044320473968604
102.21857091372748
104.36479231884371
28.80231253127132
112.44240056112557
25.806442321682507
180.37624429004106
75.86736264118034
146.9317704646166
128.251116164178
51.6833864832318
198.6947615254718
179.0089825794967
164.54791135227993
120.33437511446479
139.45942367378677
124.80516965689824
152.11780975705452
160.0522488621006
200.79440144587247
172.51431909092665
40.738088691029034
193.194734922885
170.60552309347761
182.41846688238226
152.8834053466769
187.6107075437872
175.746909206427
91.23437804548725
90.29784807599249
61.76176298049143
94.02095019040536
153.57449180969314
140.80042739065712
152.62361206285516
72.37507614016732
82.74377762723395
58.33048480793758
45.65422886380805
40.408680797441974
33.855813699650625
148.88178879977542
198.0237740670962
174.60997084494085
69.95503970699666
52.97466206118721
115.3520474568942
161.09034335139393
157.76825756169345
42.94026832504975
197.71648980975147
161.11445079210472
188.64586642723486
182.07764868644927
137.63134950417952
126.84813953018391
123.67361011161289
104.62908822743175
180.57773895409505
116.45260204395136
145.43296851683354
191.75964448418975
55.11460171042595
31.40795847821862
86.50088432095993
179.70812162994358
198.05069832956832
140.5061126242568
115.70263175871126
188.5963621763017
38.687166306170354
132.65304346831468
178.42873391008516
54.911029626541534
178.47576342992528
183.64797714602014
158.41557805901022
164.87985714554353
52.40112525124362
101.88665874898568
57.10090762379137
154.8944634213428
212.71940098208327
38.09771237250753
144.3936905063025
211.86048669344515
211.41244718636105
214.1376042320195
199.9343263313885
132.79700028335176
200.1904310967887
50.1941037384839
145.71110965516309
73.6802690921513
202.96072583511457
88.95706079645373
172.72920598365914
139.2842288557829
128.80055746415644
47.30760608526942
133.7282400492362
225.07992529006717
58.52623628868003
187.6259015404528
194.60619310212832
189.75669690050256
140.01985919832015
145.92397704626902
160.3404002553266
176.93516034310844
86.41443579341902
72.4907239147614
156.64632787641122
149.8166852776487
108.28763546373172
185.98299479931646
202.36202352520615
211.72591181119088
156.21212173460492
137.24419927842555
193.2260116959636
145.53347681060177
62.956921083959585
65.96895011075975
198.03659850683613
201.83096231007445
124.10328204176365
105.58181702028108
190.21092996193047
192.26149964956295
138.83551847784315
76.8808544667938
73.9110475127724
54.69707360498919
166.62640614956027
182.36393104067304
86.5674867704525
177.21696340952604
128.70686536228746
133.59285741237233
189.44960805249852
156.12016454863874
153.33256279691207
183.5213226840754
55.09390652326204
110.9871341076382
33.977026087210696
179.5322095188821
197.09989430124307
139.21104204648245
151.39805312607695
108.28338263718713
79.67815317712244
136.10374561758317
84.40672072505699
183.7364133908431
183.53378243074008
161.72225883102604
125.79652400051984
97.21645901688531
181.20546066709545
198.7920667898231
172.45253676511936
170.08284850665805
193.1182375544755
130.2052101165624
210.41564988605873
136.406930709361
189.98095659617485
204.53305229096827
211.62505871910744
66.3365065701788
152.0507473680573
211.79095471843388
211.4257334757824
124.38949527761503
56.16908980449693
55.44316342907441
172.50743947097433
222.63533141087356
187.09803166872842
162.45552033579216
232.88288966710397
46.69267470867603
116.67235781701287
110.49390482601424
163.8192930019608
99.71793803050035
105.97523599118493
187.5955611299852
53.91819657473832
35.42309660722518
162.38845378344655
194.58786227464532
170.9102002091407
61.94843544580541
26.020034832025285
73.7846686429103
175.70504015278576
93.63495986011402
216.13844916606018
128.32280324083803
198.78816058990876
211.36946612401027
187.46328136324826
198.32785502195142
100.90775396906001
48.9490864604049
222.35012969823993
29.459115399535307
59.20524738790164
188.51373470968963
187.56759972843224
36.64333616660372
87.85845499827036
127.48845019933202
55.90356073341185
106.87656478511664
203.87087287542056
169.57066956727877
86.5230811861043
49.654149874713234
192.7853552249412
155.51384174616334
39.3072439413986
128.16421006796833
126.05125945748641
157.38421543573065
33.113223701597455
30.88218068712445
169.2948020836147
195.26251104142625
172.52460911149836
209.4802153265123
107.84663413062276
201.46717789278767
110.10164058505315
102.29102687797916
116.72067858999176
128.451947443405
225.29738541713954
230.35960457798495
196.5620810256972
46.02629545513875
220.47445576781354
50.65882232600893
108.68588928489314
169.34796333691844
89.94225673874502
108.79354328853714
60.60898371692161
178.4627618768466
175.50126845660404
167.9360422570176
201.09808966865262
136.44401973361306
41.18916463557313
214.49077449217535
42.210072070308456
161.23795163950456
186.60776114893122
134.70818217594052
139.2345616525101
124.38448584442148
65.84087737224606
103.07061949332105
103.5427134833275
150.61290310164136
142.88158915261906
92.07798142742156
201.78881153508289
204.50836076834966
196.404687721019
201.5075845584754
70.60579057340635
82.10398361796713
90.13990833629964
86.49695857798888
182.97605921713583
163.82150135046072
58.04395455370762
132.56061513235812
119.7932895414793
125.35603955196866
69.96008084257888
171.91880505524006
75.68459644776513
43.24992263308118
73.67201589313517
158.8508880292042
51.27174060624757
89.0801969477664
85.6411278924875
182.1008265745828
111.40719687172503
75.13861674399055
136.5835369525586
76.78839085003148
72.62163524733181
174.6161247066398
211.87815544773218
76.37431513392377
91.83987205405313
202.88027155100917
161.23453868181505
185.91084639347088
202.44512107784428
173.6333085138756
183.44830567262798
111.84840302684272
57.10937850221252
194.321513554039
135.14128344327875
155.153234449244
215.60207595543991
147.4769350431254
170.888414239243
107.2256917601767
189.21469915044602
80.09026896950401
97.49847786814878
49.66990603691955
173.75507391988305
135.78703072347244
180.58376481942
215.14387151132513
95.05028346414096
158.87984945978172
29.125779745608888
202.39273762519423
172.327380602751
175.66540988621557
184.08025994593916
223.05575673251246
123.17680192330764
214.48712606819728
92.66565493514413
165.99527798900763
92.90524167635051
44.51664319476611
182.27314641473134
36.82861930909112
92.33199890299032
44.99547987286661
165.6399002487712
184.5797044546484
88.14275851467822
210.631527403956
120.89846515069804
53.32885594897787
212.73348595394765
48.8657124612879
184.44977460435828
56.228387293436064
187.74945945213798
105.9112958342995
44.717824176473016
204.46060171333158
201.96812711463883
232.35424928441043
70.38596550297709
192.50823049008474
199.17521614535892
158.86278394902973
127.33859419170196
79.55490509243013
62.91035100793275
64.10031196170365
150.18788012034327
207.34381694898238
74.72755365113863
48.634868857013764
204.50435112903835
54.067365532373856
87.57606915289809
84.1241974990737
80.45542552493248
91.90127917856245
144.3318819689601
156.95232950343794
221.259938065635
71.28412046465539
164.11273078428903
184.65489240598347
198.00397059164203
148.11554165971594
73.66616927637686
182.39356101851126
192.96264172421172
158.02722851432543
178.63189520075335
186.70947660581248
162.20176611060975
111.94796776773015
28.867381710699526
118.23605137849668
38.22436610517213
174.34106485033797
201.45990476706913
65.02727699338574
162.0712385884606
53.913808105529746
36.720507277113896
29.684644363231516
57.34347188712344
183.97953022426444
166.9733041916442
55.03136576432861
191.7136866104527
108.30003834288529
95.70560577854111
161.85778465422914
197.71341735530504
143.91470985462715
145.42819978487117
61.21938496402872
211.21164922249892
111.10363014518656
178.01195659908547
134.95149562516858
175.77453795759038
165.79417024289125
169.45788794973683
192.5070178302512
128.89752355751918
152.37667870674565
179.30631346790906
100.4912119450401
68.06388789943884
165.33202690437378
45.35591008061367
98.57460288039202
109.90205658523217
94.02137820574494
170.7067948898533
40.1236345473535
174.7108412847435
88.69782585261876
148.17135818601142
47.75892610451441
178.71482976431395
168.56382271554799
179.59174891811472
58.525461846738494
163.38053878219534
35.61586366853617
117.66255137861255
201.93376782101447
136.97685251164913
182.56731371269595
156.8348953067698
59.468560851445616
171.97444365446503
175.30128563931981
51.39498056760785
134.30683024154047
112.11333925271208
128.2589667618126
212.91174202566472
32.861093838686436
68.3485831881418
114.54807552869462
144.24506724183655
64.48402833872372
188.06077288062522
87.50205537874088
96.61977860972819
105.26865853919797
192.7913045519046
224.64691666579594
134.81970380402132
133.90916714571514
117.10103661111553
191.92380228160707
59.64504653724201
53.00262675186589
70.5434078730777
178.95962289265555
211.60160239417422
213.59731169131706
206.2050695355624
149.60636655920695
195.96428135324635
116.76759736715579
173.54124038516272
184.69093977446838
124.69363503098538
160.64820745559345
174.71456114083875
69.27809502106875
116.72251638671963
192.35649194888347
210.49562233655402
188.87113170845723
95.92840406485774
75.30356083105262
78.30386457110143
157.1968734527072
47.03442919871746
53.968288882033214
165.30631388301092
86.81723744327772
160.22397898956973
136.6697104798385
116.80044007218616
114.43890778049114
192.8837485002798
111.93006020997946
211.5077709983561
97.41139467442837
161.17744036015725
202.8456069406339
165.72784972711622
100.12049752419546
70.2853038713351
124.0342174063899
121.66510727754506
42.79408865341512
60.261539092682256
137.5994311237653
206.75836440648132
155.66393073137294
217.31006755380557
64.44606661230753
202.12379919356383
158.08954644915494
211.46519717196983
170.9822892853548
120.62151241895529
111.75744316811812
159.14912604262122
193.00794145407667
148.4846103906991
162.98827372407808
138.6824150336021
124.88685451765697
148.86778425621384
32.199168618938465
207.2928068283749
157.12756298851045
103.4359710102209
127.07824559564064
189.56263051565864
72.25079848031912
144.16802410360526
50.20522028102999
65.88068627454555
163.0762959014498
131.80056848779967
152.58374293387442
159.07594700241978
136.3033147294316
180.729092290928
185.31206428747234
213.75374326250585
40.73874634716957
177.46224101325024
212.9461656922545
160.743804682343
211.80875684937308
37.843883779396165
217.1099440861509
39.92671193316581
101.43010763273152
42.18379146939741
90.00632423188038
152.90774774324788
224.17536134990388
121.58850974979104
192.3481233067238
78.01480612251179
114.02908842158463
83.12532259237749
147.92815712869347
147.65416237084287
119.05672736608105
86.8663455245511
171.19729182755526
168.5692545113051
29.752130008766038
192.43931686854623
86.43634033857064
200.4728069999483
73.4510237493517
181.27732041123267
175.04823875752615
153.36667116455558
126.86733107765492
61.1445688592222
104.46934852725795
27.938782412287875
107.57258570620019
85.31236830418325
158.43604611940057
186.26212992451175
145.71110965516309
37.43245241688903
162.17562532256366
84.39153485156936
153.5280050878125
31.261273400120956
31.508159924769913
203.16219386105578
184.7950991078477
171.80435106735223
203.3208715236204
173.7097481103756
33.44625704601822
208.7997775066669
206.17656676190217
170.06643341854434
119.40934156242707
203.12455164727328
159.09119268003576
191.2051841317928
134.43993923396246
54.56192108070253
67.53694255748493
159.49361394822725
61.95795064260708
52.16739660014426
88.58249984966996
177.4334336268824
135.39747800313177
158.7610485109908
204.95127955273546
221.27483152909912
155.87236434008486
165.04308199229462
121.76571681445493
91.28032786846194
207.33605379977206
195.76468362617135
187.64608373820835
186.28947871935569
32.81312855031801
145.43866746425007
192.52081907844425
205.89058937360466
129.06234654709883
209.2648846706604
133.675210183826
157.70592038424383
73.14934344841137
205.44909034122918
137.2373617775899
211.35500317685828
80.60464392457236
70.54917740946857
176.47897446236357
47.64039105322545
161.33382552299156
106.52917025596537
103.1662692739427
194.17152016527135
37.4933878840946
98.63572799140637
215.3556913820179
159.79133430752765
209.9078054799453
144.32180470529852
201.1169127164202
109.85389957128804
192.5126978862803
102.60961904348397
171.3768055886678
61.28822989963315
112.53233280656042
65.60442072943478
71.6130873989124
216.59391924063462
135.32781069041803
76.82870551796533
192.45496589044623
157.7834998465069
200.14671995410515
184.72927660012698
45.592419372154524
42.585872157306625
195.97776547594688
79.3515156159131
212.60878824542428
57.331345927110114
101.49395358909045
158.41225911554614
175.147945945713
157.12510479556408
196.53700871701992
219.5360992370642
62.916734371878334
90.2876712894044
172.48202719231452
126.77003799790064
163.31372587242222
134.78115207325314
171.52204855256312
165.06458403613584
43.502391360593236
216.2195915164829
152.91696522730575
182.28214908495426
118.17584652172978
200.15499058126485
183.152395343489
136.2694281197141
147.1728318655415
207.30833702509864
90.19783665584222
216.27389649325735
182.63929893078733
130.7582225664466
183.35614890730582
69.7831828193826
177.50664538005788
34.84705031660195
152.42025978318114
103.75166290459332
194.76716048875517
204.41392353946716
191.6087222163803
37.28182054607035
37.455725537037964
29.61373271674815
142.32008397543353
44.15009585166449
171.32584854620484
133.65206496554163
155.76415762655097
102.91977407715711
27.637196932277387
78.59978019276215
165.97736267884633
177.12643775479057
67.92233441967203
203.67221131577247
220.5006208754741
204.7299925811834
178.09383960970797
162.99560752348606
105.83775438994486
41.46944210856012
169.93847294853487
176.90899771114562
195.31389424099794
144.22572489926563
159.27658086099595
148.97955218142874
189.56001412010988
146.05068247166608
41.943469306420404
127.95829355438889
48.72208827991531
213.71822437481924
119.95889040380929
86.32817931946387
192.26182903024738
218.21363026808143
165.57181903988993
102.35319077374479
151.6735426561444
140.6933280580418
112.25594329540576
56.936038287700846
73.40980535167785
189.0476157148571
63.30830702539531
160.357805423105
149.79167010811383
134.47418624936475
199.44459415684173
211.7677552930006
143.7212114856386
119.73812431437587
72.53232542164858
107.60745594997273
121.05218826999402
26.00798786206177
55.70468211238001
173.16615927510304
150.94410536333874
211.77811543007192
202.35403453618514
208.89706253038216
200.77546266916903
197.38048129171588
184.5084556466728
157.6508031094707
169.00721941978466
182.86503013983074
195.86447131306065
202.194647328432
191.47060627209993
153.89850424260177
190.81419645733325
128.3080349248754
131.86207600836383
198.81595041890523
191.30588510056282
148.45691424245402
186.14686705405234
193.57035206891064
180.36217925403102
187.08757624436743
108.66215154657468
204.11271720802316
66.18499465015535
114.07204467570847
148.2097366409354
189.90546912321904
144.9923420622408
180.59127640875425
88.72173589607019
215.33812516793256
195.46390028577605
113.68676696182244
99.56574239351905
134.43428418585552
196.69401427914792
178.89740642618884
138.42719110579546
172.58220808075274
183.68156394313968
183.03204747942178
124.0342174063899
151.84286604303188
194.64141092657937
216.47085526343312
64.23972282728589
65.33407910045395
191.5649149632932
105.91295903595537
197.37481572718914
164.58808769831663
161.31951524957648
162.37406404978606
199.082128490076
90.86241263288741
60.98221478675567
94.59245483883663
181.68104123214172
146.6436407950896
186.9613788201354
203.67516676573166
117.818750225109
90.3235493784381
49.94102698199098
174.97140437968764
157.17884349637023
185.5844558750466
60.55252026414632
164.0326906380109
77.30642884219296
151.73974874094253
200.76599509811393
91.8089121627738
175.7482982680562
155.20334410381247
142.5400838682454
101.28265726507661
109.33752597150135
172.43357818625032
70.20644909645414
114.89365217808212
174.47600428634146
200.23092560714738
50.7444173979633
191.4180865936966
130.31632044510172
191.29878387170805
98.63097918659058
120.9626925514292
204.82404913015515
43.98521672455567
74.87582008483213
206.5219641199156
163.89294876889093
163.6654600628099
82.66836755902108
164.65926525891288
126.64927247230925
181.26141430430215
182.48873741012682
53.01707475310468
218.99338825988815
191.20694424851771
197.36462493109178
131.7044968211299
41.24270903736722
114.99656891140951
83.89417966842561
55.990055576708
65.18184536576479
141.93318365475042
170.95081435667518
47.35984597584627
132.05478713200446
46.451562119045235
182.93231073756075
174.44077115215066
96.63951746101361
163.73916088329148
182.43632856618262
197.3253422208945
185.13443676816462
160.83343437808958
148.15770529403719
89.9486520493761
71.2939347987238
63.64982185296772
89.92246922810018
173.99503313763407
51.47419973121791
175.0891543090933
45.282690545698024
143.11603234131783
210.11462868814732
138.7555255189251
102.60961904348397
159.1029631691633
133.58297510422878
168.663519308393
101.14253561190414
190.91224826575487
147.74540571253183
53.40510426699781
177.91336685511814
167.33998615851735
29.259734671867324
128.54357667301804
32.382187137061464
173.75850014355268
140.80916639080678
103.81953538072587
106.19195569186128
144.39170538630984
161.69165747216482
62.9841246835981
219.86119991792506
169.64456335142808
34.91877501230087
123.48297241379525
171.30746874567942
55.215681364514396
105.53951558102496
87.68756691197015
64.2191030237092
198.31808327446367
193.38576345919978
105.72856233006367
202.75550356296125
208.18861186762578
207.3872897880067
30.642576015524803
98.7490662094273
62.101256153545975
113.58171301582179
186.7181930390972
147.83508641121497
149.79120563832936
180.6274831384385
214.34076156132045
207.68187829580114
137.5268655231619
151.8315520284972
78.89100194997106
198.2452494446733
40.13385795762524
115.88765094969958
142.81988426051322
201.08750668551275
203.92427917043327
49.05931090601417
190.75276451852372
74.78480262630707
194.4816010991295
42.47450487770838
225.7026415162821
207.2866634056463
214.31684313436776
194.33671722620113
202.65992545778974
35.857246009561976
85.81181388397599
188.9765432375036
219.69378778359018
147.53368268605522
157.4134052198164
73.82471732178341
190.5722720621518
86.24298251650107
109.30245454027009
213.12325682622333
174.0487087778713
128.24403106288943
98.5923790702067
65.67183330434843
174.89307621319463
204.02060625368975
69.49637559422754
134.44300561717543
183.51974548187934
190.88651392521126
43.96753920866536
145.55393406431503
160.94591159167854
42.19088083405852
152.12891744836068
116.07822455949737
161.0399464319064
51.1017524487935
206.92914788672346
187.1023442766973
49.3867380191077
193.54039188171498
187.88227213338277
121.73407857772823
54.36185628873814
194.93857872795255
202.59804531154634
156.3328767244309
188.9947452051436
46.765371022427374
26.33564269798717
194.81304319579974
65.5017700239666
178.53930193095272
82.27097944895985
176.18859421250215
68.09127049391455
144.37441356776517
167.08655660672017
192.02975702613267
55.530854016126796
82.2781652165198
221.6612896135756
31.402139754397638
76.99540361619329
162.65657344889337
81.0861331377188
165.25601497884088
58.45154354789491
82.5089616936695
135.84750619988208
127.19466242165205
180.18484848048055
192.04290140228207
90.60299269299588
61.135940925362775
57.10937850221252
220.09794975121582
207.99359761753945
174.28767036806948
88.04283111050714
146.56287362681198
95.91833749829055
50.01419767850259
156.28198274890508
190.17542205111047
167.61551813917202
112.12606998345471
194.19023165115615
166.58134377259424
174.65428206438773
144.79732584706395
161.14434462109799
47.170871133457815
57.50980123135121
140.18746655793635
204.0446804341734
90.3393152877978
139.36783881523124
192.9211136328216
144.92742040626067
31.339296033743388
153.74683044157
122.32786292129146
193.07669992050145
71.83886388228036
85.83232434540633
41.575658924094895
228.2049100553565
200.53608950276322
146.4077060423642
66.48845836157928
173.36378918626548
113.52503361537163
175.27707396347668
150.90650702345056
143.50037232614594
188.0268254361023
178.40223223166035
205.7310006383624
26.009738019232724
182.2977005062322
201.10273974427454
164.53959903249464
147.070355113136
111.93428209928403
207.64926652446746
136.02684188299358
133.47368916157978
50.3979693398554
195.93093695234572
82.42937465809932
165.04595957120247
52.95082611508252
48.29440661978203
169.55170948138377
133.33461593841574
175.6882928846163
122.14377369037733
223.27862314711334
166.92072178209312
197.68053363006567
195.9269872073921
156.38714472319094
190.41758445564608
190.39787248669066
44.152050270802285
198.14810969258073
187.76359274353584
155.95699745375353
52.30633760334646
105.85071744398005
185.6100221523925
95.78177202365687
207.6526157928248
121.63025418727987
159.98509233451009
211.83335143023513
161.78031770151816
31.077842537807594
169.20693023385746
93.4118147950211
180.22409964475895
179.8306109656999
43.072430895496744
136.99201808866457
32.29774703486984
66.79034213925414
39.92877145317375
85.40378423582754
32.99315330012419
99.07108667295128
182.9946468180089
144.74202880035185
178.65837836266326
187.53797366504836
209.98615991843235
179.3751346537915
180.93649609319823
122.28777282578189
47.47874877632371
68.68645616108333
181.91579950369052
213.97522812827975
48.469620821299635
165.58420762728315
29.334030212728557
132.8562357091407
205.12797521066227
117.45155932668811
201.33434330474682
187.6098703909207
154.03179058650278
213.2222901293616
168.4261905911122
32.55158952555834
30.768929702424547
51.70156597920749
34.49541496972357
152.70953141524228
184.31222140376687
114.98697801836953
53.61747643980126
136.3149743357775
166.66667214021442
188.38003095717337
189.4803516918264
183.65055418516417
202.22641743782276
91.85168400332782
181.9590840019877
86.75470210749997
162.19467715338288
200.06271618871074
41.3559861618772
126.17828293984826
35.54564041528205
150.258602011027
42.74095078113743
97.95817873533275
178.35737209321056
171.69884547349847
165.76346366894802
186.61805762189357
44.31006964483362
70.9325858482933
66.95774661617389
197.56870661359463
137.7995140567341
220.9295925194478
202.3598544779553
91.31751179397145
84.60706589292212
131.0115781262971
106.8533312148204
185.3248595611967
182.04032679502544
48.66116876069747
51.44173038152452
190.09718215820442
110.47116349361187
125.63620359129304
70.45737798682585
152.80923152627588
166.90330584246726
84.62658112314067
181.08687638640723
155.4566704946569
138.39841022237158
100.85116748803189
184.26688943365411
171.3313210104432
177.57132182091152
53.78371009014257
42.04920615065102
175.7563123151705
156.97508133015128
130.75310352549886
147.10771718326112
30.028162647660892
166.3711827335675
121.13069393309102
189.5390898794338
38.29250669391998
180.4506421535162
204.48984485540865
201.82098845592262
66.00824031315518
49.28639570968331
157.03601843393835
82.53378420808903
101.42885334752226
101.45985123315985
176.55063122939313
137.30586626603747
120.76209368853823
34.93457443456317
46.760235129641444
214.85014430978038
195.45981540793338
51.16430118873846
48.502691874330345
178.50542028635513
201.44500949120098
196.86241454037042
155.34881955215548
67.24826961873518
165.3407659255154
48.037781134908904
80.81438638903592
123.78652377179743
82.63942739109973
145.16833187107835
192.06627906004863
216.5893416093539
82.7693211244186
151.61549979295125
175.72654093624323
44.566453833926964
230.5145775297849
197.29568343024167
68.29389860030065
198.85816392549876
92.42984276321627
187.00272954098256
172.67318277952882
222.6334200577322
193.70923655317267
203.62856242978927
154.96664051548643
159.36714449568143
81.76146130905046
165.06645660428768
50.42297672514347
190.8052341772413
180.05087563590416
97.83661420650037
162.319230216538
91.98205826684479
204.62570456060467
232.31960179101398
178.56701631238914
111.04130456404613
163.93931630745308
85.65318087207702
188.65444684141747
175.2229859576959
116.33614075060355
179.58598462240283
74.90433181140962
192.03747602777403
73.79552298073413
200.56326544846598
105.62531273680811
33.15963136586776
156.95513202676497
153.54021817377085
185.2119049336215
75.08754006713389
110.93217397392704
199.27231573289623
178.33093284930885
188.5536347125212
53.93288713378472
164.84589362025824
212.50439723955137
