115.44458734398434
172.65986451617692
183.94197800432215
147.27787709938247
136.89183598238253
104.09898627369442
160.22090262081684
125.9518879314424
83.55657543299186
124.52933962968308
222.47592040811043
185.34579045043586
207.07916249433572
196.58619415541355
183.76005102511598
125.9016223165258
184.965683450296
189.92283071890216
92.69516685986645
26.03643441021112
74.87646611987782
35.4620685197602
144.95065606289762
235.23267596338977
204.22584858525877
139.83365841731518
115.00811619404787
118.66275290972055
74.98927395062917
145.24814373990313
141.73813417204255
135.21020063312258
157.6415103142821
184.28587180636003
110.22693963140073
208.88340124989398
27.321917136753786
123.82227396297056
177.959236834472
65.49993680364118
184.59563012771383
118.00761095086649
85.17340953773575
168.78486808477624
184.3844816830826
188.29811306166397
134.14838658512443
124.69186381003632
52.96676203306951
87.82004883663099
69.04019305449025
97.82818879904087
105.54579644960134
162.8644066136028
130.73208476770222
153.51101631540183
135.8766263708359
53.22934995178569
201.23751360961884
64.73397802291046
96.92823042111912
74.16405543753487
186.6136329538647
212.14347116029887
42.569496852927486
204.7191735109586
184.73959855642744
201.87922694724446
193.46607553057783
187.0055905447242
97.77832038270331
146.86063423088197
121.16877480176333
39.255467874534794
140.8789233304608
72.01995709690148
206.10690517384813
178.3087967485671
215.09212406646495
48.90263604504083
141.16328946743218
140.87303436366264
109.4630594760573
98.46223275203818
77.87895854281368
114.32254751934082
45.679425831765265
129.63543990320076
32.29524473740463
157.8137459052481
171.29164866847245
72.40862732360297
212.24259109566603
121.79261673487912
41.976904689753056
173.27340733887146
139.68000803710123
101.64363801555956
113.98561990106187
147.32433326381658
38.311152931631426
150.7148237987009
144.1532254063982
167.95366802218726
190.5464479129619
148.6957716757782
190.89645499185812
135.4892105527657
174.85773822068955
123.17456714897074
121.3091339580948
59.353994387882835
35.57746103490593
67.63131149195172
95.10026072977483
60.02275866464566
60.0438640011419
76.11238022696439
217.62830603318903
146.58934704509005
191.038022883852
126.31243567640885
54.95308043627227
28.07356272671296
184.49916974357814
50.382194380826824
126.06443212076687
211.13128335260734
161.70233857384068
63.66513717396027
187.24155596926127
190.98102063080646
52.50046883209189
176.65008708906728
87.50103778385566
190.12453784053065
81.13799965823975
202.88205016953574
158.45597779728462
189.51913895714773
56.22650592730993
200.69638754843515
190.0770566381698
87.97433919424778
188.29277856717889
183.92940335966787
207.64172726148175
188.49226970124815
192.16550268935418
182.95107060676597
131.56120298919527
33.53997214583602
98.77280040261066
85.47263915294282
114.0411045048138
186.7557330218417
56.274680790303705
34.27223974095763
95.24690780700645
207.2091945695568
35.28355325660907
199.99386582163345
180.18491347407604
179.8393021555165
148.20316349118244
209.6655424079229
47.2738115265594
35.42246612225606
57.63951944986826
205.41246282843758
84.82872027647068
162.5040703813257
118.10074075460936
46.52369443808796
179.40897022415956
108.01027092652348
41.46978674111502
116.95485761256712
219.68332789200832
91.85927735539238
179.5437864553404
189.47598873066661
43.472283365144435
156.84675720594004
46.73019050289324
99.51556417517618
52.47805850647949
162.18817715862303
173.45521658986917
52.77173460663628
189.00493596167357
131.78101844761161
93.17187180620554
198.47289383547508
52.36438252941021
192.76915790651432
37.25833362197143
206.0846077221594
197.91246841570816
76.96621682797291
211.46047628927994
142.21254081799404
68.35747520293226
101.79643168822156
193.1584551834695
163.94021900431375
131.43808315953865
87.28718517686455
159.9866660896663
48.04303262114884
53.37299482536458
154.95618856328238
176.92380938277526
126.8005533512006
116.2208010834787
159.48572136149434
167.18758665769712
199.91514617694162
216.99426176953165
212.23679127289114
212.21794868112636
161.9960435830449
175.57867789467207
38.214601584481485
103.84826991039542
137.68624904162212
206.87757476413296
170.89218137846927
145.79853167309983
133.95369151965647
47.42821216731702
161.9842443873914
183.80271975108545
219.05704441332153
204.76605863697486
101.48722004057821
166.86258090740185
27.043585341587217
108.83734531492179
45.75682800190264
39.12103636787935
198.3989791251157
115.83087697825962
163.06482557395648
93.28424786186146
199.92314053281532
83.41533939593793
189.5868313619234
64.29751457939493
210.8209452172489
138.31725849666628
152.09327828990268
61.849673381886056
85.35121410554511
47.16887997373269
169.24131013684263
58.10980330709815
102.22461933964485
180.47873968158365
181.75965246406284
200.66772205468342
176.56865690821118
111.81049892433265
151.64288227411225
199.48507580737453
93.72479378746374
212.98834720469586
100.5955444002165
168.50148026362154
120.96462973921051
59.85994862413897
113.25570435636573
138.71069432048773
90.63334308102262
81.26131883229877
48.083627508448195
67.51999047274431
207.83306658881926
127.5535692425973
151.26479515746152
156.54090651227534
185.81485645477454
192.39635316226838
188.70676479681782
117.01725215933227
40.691499850320305
91.42025347549477
185.74678107941088
189.72095766114703
153.43669055100395
189.15392771739317
41.69231924486728
197.11363397089386
207.5971575483847
65.65695426686612
171.8747497232606
202.8879180730799
123.30778289872148
160.73624315283257
213.09550780577027
147.17301526953864
170.5654843967584
150.95249776118294
168.63653194528587
138.44634749814938
128.99421824163718
106.66467808733631
124.65361848295765
211.77587414797568
42.43284325498412
216.58231632939817
195.24281397921646
107.49589389176286
67.34546493452119
170.45168941756415
201.3508754515137
145.4061419322376
149.3580037868992
215.46447212933643
179.84015039358104
211.58041116757778
127.49143059677773
170.1468962052078
173.9444561822526
121.37021408104899
140.1679217046659
110.4184215985622
124.90113804889745
102.32208707651603
54.31990195236211
117.84914500606165
211.2338557280007
176.35305419045918
63.25931652541075
117.9710717994519
58.650782072001384
177.13110762845693
182.31881650777487
178.21386967650372
121.45903103703473
127.21933321837733
190.22188591531463
195.86193307380128
155.92125124666896
141.5383909683988
119.11622342316811
180.72050532132292
135.05607554775278
35.34966656197636
70.14559694411412
163.84901634619104
187.8860122275517
194.3212518549227
107.10779442959088
200.58220198276595
122.90517706852266
104.47480502172235
137.3463858159361
196.49982605973833
212.2087689354083
90.31129092514067
170.323864406714
92.65347215461735
146.7532592391437
195.35823708874935
116.83989179401742
97.38881701649822
147.3246024772593
40.65511012107848
188.76501576611747
181.21291936750475
189.23704571408706
136.68910507784332
198.80484330729016
122.19643925794679
46.89259230622456
38.01283180171583
127.04420598786645
197.17996808986217
35.58941536147852
119.35914707405567
142.165369530973
146.12039195231662
144.72864629381536
83.04886629039439
52.96199261245499
156.74332399106308
146.14133379056884
152.87920095773262
187.4301920942663
204.16267487041927
230.55529396302083
121.25543161604095
34.82711085377891
206.84523323378193
199.87261359786345
206.54998922404923
220.52101251920743
87.22719057430824
141.66659401549018
134.88397845810243
121.73547365125093
180.73321318840698
38.30824271517291
183.8246620088785
58.003097117190336
142.55467547239257
60.12036505230993
211.61916130722466
100.95585009838999
93.02974297949028
55.04818361381991
149.70249246221738
134.97159573238605
59.11240812520832
174.86896433587302
112.42919162356786
87.98924252491113
143.2012462761459
186.87889369496654
75.28055929037231
194.94372734137482
211.59258530892896
172.64407844616403
120.76180352249057
82.97099920205812
214.98249259788187
39.799402500515185
204.7965392675244
117.68061215213936
204.82334545060274
204.01339473296596
131.33073126894507
111.19846045107893
37.21251493709113
213.60839858019193
195.48585020679312
97.36585859389635
154.739844830688
179.01761464562145
141.54562367432527
148.4941695227328
68.79589657745093
200.94528573907576
203.51918005247853
205.67425621745832
73.45297805317459
150.36251558194897
135.67904024092053
147.65760382474045
37.65490159477012
52.07726290328922
202.2000980578298
47.959419400903265
173.69044676961093
137.55828510456647
119.17249812936828
204.24543898227122
191.2862960901456
172.77303485289286
60.54809530297154
189.20349019052543
222.91207988815736
63.755957132252256
75.87856164112624
84.251713491733
28.644029837931996
197.15440885794055
88.95838747256776
71.93797170838756
178.799831837989
111.91616815114199
185.58686945358133
32.57288217331615
210.8267070611698
80.12856432408832
204.0775372538114
179.92999352057515
55.42600527964652
204.78746362192774
154.7909341066297
71.85287489652347
61.965482086391845
112.22550387149988
154.8056486071447
37.399607456736
203.93212295995397
209.97001191924844
133.94517085685425
41.80481552992667
36.18690003216022
83.449622207191
100.74529449119238
199.22011284105835
75.48996458469702
190.39917815497142
160.26819958790014
146.71695990013527
200.7070628117878
183.1134810644284
124.22524180524385
178.71332104702324
26.19033213849157
161.48650277500593
210.03919129612476
194.15017305073914
185.89862085688532
118.35396164795667
178.0424559435879
29.492960332457248
43.858487485450205
35.65465360222575
61.03522109435043
197.42155039981995
194.70883768883118
209.11899925680666
190.3100408385485
206.23658166516685
41.22959333996413
194.2443575543432
178.69183364777305
198.20643263989126
131.84204858858047
66.84635355281539
189.57820694810255
213.65689766998452
78.68851352425993
135.51112547399285
187.28063736491887
150.59796075484908
173.0223559954859
193.75816040420312
119.87514841550794
82.77483435071778
192.90148130732015
129.63543990320076
199.50658907203078
90.20565653750016
188.39462969591557
76.3424136949747
53.14518135083621
197.17404752618896
126.63485228048292
189.64500422717694
109.2903235221042
56.54375625158805
158.6431204356239
143.04677806822434
152.23324549620818
208.42079050576746
133.6695838133538
74.94788339310736
154.44404556942322
62.04631739413503
138.55697286263344
96.50692256476474
198.64677969094848
180.38699722008002
145.98058698990843
73.36588108248837
31.762888052872835
205.62436529088407
113.6978987731695
178.84913188536433
225.18622308186772
90.18192375689047
144.00711359628437
81.60766694580995
203.7822917122947
74.59475724624002
151.18196419788987
67.5989234732188
195.99375680196493
196.92454141293283
134.2505496062242
171.6963905455247
194.95763786262845
181.15816977976903
86.10956982592634
81.91311656138694
124.01830055015432
129.06982032927831
223.32604743684809
199.44854398502798
141.46077592712865
182.1289837255086
51.15917884883841
184.83251981137516
154.47251722984046
88.49803082330332
145.87464244538825
147.0114980876694
196.1460877693225
179.33015981530417
176.33564368455083
86.60212812600484
157.95082572279426
134.8825768510434
94.61952312417415
82.33861502949514
197.71327820902957
172.12334167025114
216.75752485441
166.92765979315894
189.7347902732896
103.6705714773388
186.37551189541352
180.00243215975905
152.66924046931734
140.43181641314322
193.59733833750232
92.94021410933142
128.61680116758674
165.40090344008377
174.74659707674203
82.97770925371753
210.72550914883394
88.49175697701673
225.3069263143535
71.26107818920882
150.63381900405665
162.9882716667222
135.42241582689147
187.77160245755272
32.08184824715519
137.30138131382787
184.2402502466095
172.3032941545683
107.4743372340899
108.91038243811751
201.3856155701668
79.49412173228666
150.68450020489905
182.83200693941265
181.53797306635983
65.32470085240384
173.57855976230903
173.47044110154494
216.1801657103291
170.0443441433967
60.23854801826369
83.32205926321309
31.93871583817548
72.369922074883
153.00536770366222
177.42995782392117
157.8521451127344
41.76317855224315
143.41242845267578
199.27410320858132
139.51615265562526
137.72612417083343
126.31131590139668
61.15567255288791
205.42742309932464
51.60099251367459
30.01916415620074
177.66752696506856
192.360379243553
183.86562050350662
188.40703359040413
198.1228327257144
186.09489600099994
34.90180496832127
79.7410897841131
88.29748415334069
52.98042738557468
129.60445553849257
200.78965793839168
136.36116553607442
207.4200056596082
211.14354641853544
75.21128913763002
213.32794620602598
103.48883003276195
55.77816450061696
196.08842605635402
143.557051758903
202.90611677378425
212.5802828400244
178.82836958969585
177.72549432604407
184.38933105180215
210.83115696157293
194.8607949208842
147.6803143440787
179.211938905745
100.30264878852404
181.2736268824596
150.16414424266276
75.10674025145632
80.21061166232062
39.07012962841806
136.3914893841738
187.296395945004
115.10148018601488
63.23893205578544
158.5958694921318
139.63451862276773
127.05389840321205
140.02772510724927
185.7463277153387
177.36957766679328
195.55696800343424
157.63873718959587
144.2727556185102
141.7418162037369
113.48025580899893
188.82535934023795
88.65594177904812
180.67159009279968
191.7636768044743
213.816365171173
105.12372571285862
175.4357884214402
206.8437737907602
106.60584035939989
194.0887902542069
154.26379207639542
84.82779003571105
213.71297350237853
192.9952120528554
155.88223561257797
101.30192283576295
218.47714009180493
209.44826941258935
129.8171034103908
175.01210328250005
229.19951747582866
105.12891488588527
205.00602682871124
103.55404933979129
203.61254278602263
230.62065803254572
63.29758713457063
158.9108804447182
98.22546755890087
57.26984336572825
199.7419393093816
170.75108207955208
186.49992597530266
91.99857919402021
195.45274278928258
194.24391951981656
166.8535003502088
186.6001810786268
163.95935946602285
105.88825055200498
173.65064330224487
35.07399097846556
143.50673540766724
29.81936142093375
160.86243007241643
195.29707591043177
70.04441857188516
170.69454534759984
97.86151414951746
32.06586654572523
175.10273520026902
36.48441980174621
29.897484953839143
216.27015222521834
164.94936381334335
58.82386241743147
41.40100783596246
201.22665073863422
181.00248193667096
64.36340566998385
77.35272155885205
114.95717513014853
187.32194958262713
202.30068774589475
33.797002743273325
199.0128561815112
63.27781355102024
129.46842182495058
156.09415867687514
32.225680064586065
149.98934655820187
68.57862205408576
170.98289632155272
89.62207460612606
199.4580810030843
115.46829034125388
97.08820387229589
113.3630559310679
82.51756796362226
196.6341066888074
121.04961587441541
141.603325486852
234.77880576046647
171.7012081655321
124.93965044733895
65.14734907784825
219.15997172031354
121.9601675247494
202.26033500773474
220.61662847205105
199.19949976975832
141.9845811668245
99.04954505643482
123.38831560219454
190.51964888677645
46.507675439095344
200.08722352679095
145.04270734527046
189.42846947755072
63.007192299834166
154.92065667248457
82.8658981541929
156.65703381664537
135.55815548863833
104.94800160555002
48.748098355999275
163.10723599349745
38.7738428635141
178.17486215772595
147.7678437385683
198.82746121880152
140.07832809965686
184.17377110039712
78.72676018725768
118.27923617305912
32.076841122906686
81.2990987792587
110.41386149893546
225.55317276018565
158.11558472883348
146.92161347319814
200.84318852989435
202.2547915260691
214.242170515669
48.85769601517497
146.3753061679097
179.5182584084497
172.10940310530685
27.69242242857465
64.19415818871578
88.10578032979971
227.99972462284865
188.02427698521853
167.60565502819955
222.82606281929958
97.65062935659166
47.40472666657912
159.30493975294183
166.85751532379595
130.6314968162249
201.14247066126904
89.114316705571
49.65848317126702
98.24729985307998
195.02360477200014
62.173273312296125
74.13332411951755
169.7390620432753
194.4381369412061
174.03689658483498
72.2609978760711
202.7243118591848
147.2188515780723
36.00392454052839
79.7586579185924
199.73967817213548
183.62809562212527
189.59762182892496
87.73391668024298
66.33220350837085
131.5428885468896
191.01505454949077
68.29709163373124
192.49380401115585
221.68531859029508
191.7918994576736
190.27643164757285
185.33294747117947
64.63169228535175
128.9547758598461
169.65437016259216
101.26760365918675
172.72080289403672
164.1303500041262
201.52072168386124
169.669455605044
214.18766958706522
153.31444649464365
124.08490695390284
46.745531660129124
193.67711065710475
90.68176526739158
68.79552184427857
164.404503915201
208.87850414108553
164.42762996803074
101.1781741529108
156.3443115061616
206.56152835310507
209.27695984165487
148.50859807394593
204.08640775503483
163.67869043533116
32.993690628155896
207.23300716194046
67.11706828204856
40.6007216595585
154.12455296728953
154.66595057928816
172.12514799876354
137.94258490536942
68.19992216016288
162.64467945726014
163.3881120618381
58.74773751333923
210.94341839753156
186.16266573777693
201.90748764049997
37.536367533163656
60.71348843310253
159.79472051724306
163.93791093387605
202.57241868797618
212.18874423911353
139.90899700101698
156.8909862722277
141.88677717757295
49.48464395484925
101.79414544024027
52.15809270819101
94.06204933799175
126.16471537648691
89.44712251283964
231.55457504497858
198.02070135108934
61.324303227590484
149.439025832514
45.822123349551845
156.08159023848185
198.21390839788816
155.67628721716136
112.37637866342041
199.40961337698994
139.9583727292145
187.4271987800163
180.29302379878723
196.8665328274467
176.22346989855592
55.911738575490205
174.45028238350022
150.06386751994086
176.43006191380573
183.6958454832928
221.70126954613932
106.67226913176478
165.3766258653505
187.6375448077268
82.04207962036149
201.76986302721573
182.80220228379412
198.4032056323721
153.45260690046064
34.290549683067844
197.10730378709496
209.05944032072424
148.88872589072545
186.64062028498083
89.2891538253959
141.03074817232832
129.00272796006195
68.24908454427377
188.139823775489
175.04448885050064
148.94581590538112
184.65945575033982
175.1152469840418
169.1850952892164
166.4956038924869
149.27413945936937
150.18572529696044
89.23870227705297
184.94536363422236
118.4927263336506
204.17388759516453
184.6142069716937
66.89272641995926
117.95170293366216
161.93604310595205
27.80217801930281
175.90494011208898
89.96556300295056
163.32916121483947
60.216614016572514
180.1423432120433
201.18832582758606
106.83898567912784
190.2664632613831
181.3427374431769
46.5059627664194
150.5697148418799
204.12896704064534
172.97692127807787
217.14816818010496
166.90332671232943
144.81793879839844
174.8180258762621
46.99846004839979
182.43364248128327
225.50684041072924
117.39348538719167
217.4235490326268
146.71756000235092
185.10088880339973
139.77899509788665
179.58114694504826
210.02140505730222
208.8274841183578
185.15652390383028
117.67276729248672
161.10715281040623
61.43058999789236
173.2061208827515
208.23943650302556
27.641540750881678
189.48123364245967
178.7158442307511
132.5810005756843
205.93368218012114
65.99102550739157
175.07325196014054
65.09242951755284
107.28513075511651
208.2268575222646
176.354006864765
107.75405591053331
53.03946333232125
223.83695875494766
187.72259643689827
100.45459168745809
31.178164410487394
136.2708644876239
131.09947236033196
78.54101762931434
48.305652075053175
217.58910225884398
102.86048555907117
177.1167064260104
151.44770592554775
127.37679829483348
115.98477938234213
56.47749430453347
96.64997016182974
192.63938669535702
172.8204017268377
201.02077276521095
125.31391867312114
183.98814408815718
100.27480519513972
77.82577855540225
49.833423270265214
123.65317078485181
193.21409770267078
74.01205949370848
216.96971308524513
162.7530779553997
49.38045296865804
174.5321841638769
186.18963202171997
193.621195954433
220.99117923792127
166.50491802663154
160.46883734829734
197.19208174196672
188.5030191106328
210.06709217608872
199.25044818104993
185.93820542984903
50.85378887054124
175.69446137479787
106.59264995626924
99.79699688539304
193.66114713501003
161.60535498318086
103.20141178518746
134.46373984531257
80.54508302172593
149.64613839708863
203.13622415248523
137.6021181703757
35.33792597493045
192.60244945687882
91.82340061775204
197.13428412781894
146.14593198479787
69.21532405699713
104.83000162280896
194.26933932137166
88.59609724095489
117.04111497918679
78.6299680933791
188.9867172408094
187.00161564660405
162.0100482629794
200.4584547326732
180.71261916538072
157.7164077558119
203.0376208926222
115.48490996178823
175.9337053214724
95.26142083455873
122.4416625197694
186.57080077175863
175.75270346684385
122.05872963008731
122.73820931651609
195.78427269004806
64.96362159158387
212.04938663629034
82.94832103848022
198.7641351282195
27.427789279441406
113.7041539891065
30.293741403963914
33.07985821989215
185.99267513440904
209.75364915707883
58.53113293534716
173.34737542933914
67.66425322819272
101.09476110125951
73.10294302441542
81.32476353661465
100.1048322557259
79.8565776658166
81.2012441745841
118.83340479803707
58.4792936799639
48.54964300922861
189.7005317055063
189.18286144740895
194.21938434049278
192.49116769436736
121.41746289934467
128.89783187803772
196.9494071442577
168.45237750214523
88.37451870996654
52.961047804294054
98.91774442882426
150.84706280596572
165.4750307552262
37.526650229166705
49.445797037342984
130.40569871797484
182.86193181237155
32.645499195244724
60.74801930579788
51.12020182611008
129.46864002975136
197.65689122150332
193.64983157545302
41.93212677727292
171.58925769680852
81.75848525290485
94.77886033922894
186.31421316070083
106.71102682718504
51.14494451138123
189.31025765914876
116.72255273563259
139.06905921149414
143.67374616319736
169.3328935250915
158.84195634211127
176.1618670913543
164.0866087754699
31.86476483667708
89.937550693229
210.2861386039968
89.23609955799127
222.75798400068535
62.89948238943095
187.15906546777939
91.63711443417989
34.121123467196554
104.86187198947638
105.36349869072485
28.77130018854155
112.8954023494159
25.84127669594297
176.7633187286666
76.29671271362062
146.10627080982408
129.29890918500857
52.25681721945697
197.62969304886656
178.10721459243734
165.23572338324678
121.83182080431578
138.54589419900057
124.59875325429576
153.727444597622
154.84910898730055
201.39254207681108
172.00667345694
40.79466894267902
190.69268369549803
171.21133915190688
180.13841040485124
151.48156829223666
187.97877587414
176.19320496444405
90.981391131303
89.96573633541935
61.6112345232049
93.81669775286312
154.82858535776626
142.84891983446641
153.0616983354711
72.39931331263101
82.73799789598053
57.95512555281282
45.67493870041468
40.16042514317292
33.9325116009092
148.46539278829266
197.3895396448019
168.88161312395
70.00137751987023
52.926541191019645
117.27940022465867
163.12810986076528
159.556204465234
43.5180771740812
195.47665771195713
163.86950881743687
187.88639786623915
181.6471420349988
136.38634716673207
126.43608281704428
123.713811720189
102.66881285454475
180.45836439108908
115.33679520039293
144.43639579984256
190.89988979430984
55.80392589727516
31.236497661438737
86.5964853141414
178.498174132043
197.24483494721457
143.18723630394604
110.16040892273455
191.54333765917778
39.695220050611596
132.58665703483913
178.52062180278887
54.90207935144498
177.47871016300854
184.33935185346024
158.80073674612117
163.01612253651223
52.806564326105516
101.98527838997981
57.03760250719282
154.924192783547
212.8037625965484
37.924085413575085
150.95841048411995
211.78451432992068
211.85540639245042
214.48246064054553
197.41829535812278
128.88063562214035
201.20543040842117
49.849523482991366
147.4076470112974
73.71413754320866
203.79053916420722
87.78338542359234
177.36256603222137
136.61741058087227
129.0218017284598
47.44628958750207
134.6385508599612
223.87106053639033
58.30544907418702
187.84492037103118
194.49318097041944
190.5761186530028
141.2307403939878
144.97265256995277
160.67391397764746
176.48545314438675
85.69707664221343
72.50627401089098
153.63491373954344
149.30831754500056
106.13946676224005
188.5857077012602
201.1464521303392
212.8914101925342
157.1666973377873
139.09102772304186
191.20918499230635
145.5697322595475
63.52419420119164
67.09559340459688
197.5726554190383
200.6084899719872
122.03744793078957
104.81106832808369
189.12064342246597
191.40038235741335
139.7166631497962
75.80196695755279
74.45748804981893
54.70818183098092
164.29727235908152
181.5925934140642
87.57650120750318
178.03233475534395
128.74310884121394
131.31926363130185
189.12744625038178
155.33453430734139
157.06913795117245
181.34159459627972
55.41076438215979
111.76277163017761
33.83202292195017
176.82457008792198
196.88564681538398
138.1738419444862
153.14790124786285
109.59595081191678
79.43163124534945
136.05018062950074
83.86569903587225
185.62099155287584
183.22701360518462
162.76307186329655
125.26048954575009
97.53670648258469
179.10880297323268
198.93490723807352
168.14637530702657
170.59149147032045
193.9606375600277
133.92385081196704
211.37753077948767
136.0239352017914
189.42000375299608
207.01485018593232
212.9302900436831
66.19228190056529
153.13997064764806
210.41620414416667
211.65240873735854
123.1345225398629
56.0278670742236
55.81953629421687
172.0697648302513
222.34809239624516
188.0965241855241
160.2486660855186
231.5898300273603
46.44458279966298
118.36916543219263
110.41077618086963
164.79097883932977
98.69177520753287
106.62754614541511
186.4620079602338
54.29498292120815
35.82597532220277
163.60801262143974
194.23631565486102
172.45594547421848
62.8037019037347
26.036206290195295
74.30736480000068
174.7727000029599
94.25117828914642
214.68870719719612
131.203237257849
195.49988806438483
212.65657953215117
187.82737949996147
197.64302467693489
100.9713544659215
49.08139225423596
221.90405480123636
29.68436402727366
59.860738103422264
188.91714840406758
188.09476589827239
36.61356896367601
87.47731757992808
126.43260251969255
56.39222277387697
107.84668859363747
205.72287266608447
169.2816671596363
87.58259091680274
50.03992334760771
192.06631089641957
149.5116178529827
40.021802483602755
130.09402805357317
124.62758583537199
156.83751189246655
33.311077770956736
31.301427347615075
170.39291842352736
193.42795168804625
171.3226512963641
208.16989767423254
107.38877129569951
200.2641590409528
109.66979703820108
105.31550748735955
118.71130733799478
129.23328751341015
225.26797713308105
230.0007861518099
197.82492672130184
46.92342353969243
221.98935078635824
51.48070513247955
108.91351161604037
168.51938512788357
88.2820983851731
108.81931522735472
59.58491515250953
181.10991241418606
176.8455485907596
167.91492474761836
202.34330431336102
136.70462573982385
41.334158086027394
214.71993801586703
42.50436679433448
163.53556615552037
185.9542948675943
136.25336718919664
136.18952736102017
126.25474654703005
64.42185712804614
101.40325091382637
102.37296228001796
151.11514298637115
143.92249899752858
91.77626410315386
202.178403268933
200.14243867759066
195.55696800343424
198.61764544635867
73.08201447069172
81.2314940419362
90.30936762979296
88.55002207546337
182.57134358927087
164.84547467284554
58.48046217876035
134.7351096002326
120.89292440440381
125.20697721264932
70.02641735988628
171.9772592757044
76.10530559271315
42.787195525597255
73.40873092456933
160.36719499437604
51.18165086766688
88.56933702540552
85.25727568183007
181.17422057172465
113.39027738859544
75.34139524820063
143.68841775156918
76.67960890103744
74.74235573957807
170.41971319233193
212.62666337087657
75.53563370581756
91.24004645047609
201.73871970886896
161.40844420581217
188.8633123943571
203.25963563106262
175.86420937851756
180.8832984546058
111.87438484700183
57.462811640533566
194.33042163909758
134.68812996511514
152.10447227407195
215.25051188426292
146.07482450476562
169.99612618083486
108.62304567026689
189.94909966864722
80.58296537782533
97.38989283590665
50.902136353323684
171.05659803742896
136.4886836013357
183.55386011779984
214.7444589859197
89.27188672407978
157.4690461853857
29.185557791188394
205.5687184308289
174.65324416143636
174.82369572235183
182.04688027622524
222.80759906371202
123.87155535609675
215.7928734102348
93.96191126447394
165.02348613062458
94.64114947894018
44.85711136245352
183.4431992750538
36.829999954538195
90.55403303434068
45.14458628671034
165.6171316771314
185.4243414181527
86.93892602932551
211.3815072657125
120.04550476472886
53.611093497913146
212.91632633808257
48.3796365277211
185.7177972372507
56.41167069748727
186.62759016192993
108.94020272389828
44.867931464791425
204.81691891985363
204.1730864044996
233.10723436431095
70.55575285765902
191.80892625785347
201.19954077537824
157.45151999830904
128.20444250206944
80.02650559868145
63.15814541394583
64.36749042879403
151.0239077704391
208.69530179042732
74.6652606254282
48.28385573858141
207.08835349678816
54.70039040547982
88.89651854397555
83.72028058621002
79.69055270770556
93.08679812346499
143.50554360175877
152.51705363640704
220.46282148204014
71.9111508570654
162.07091582384749
183.55180885740376
198.35814877515466
146.77508032591282
73.97204515992073
179.91113311896575
194.2749985928053
157.25072424613003
178.86317466849047
187.7440476537967
162.12306120277543
111.01697378613055
28.585386559574996
121.10443790718855
38.54168939393753
173.64729099792046
202.1630972929573
65.58615853757033
158.12309193975426
54.10791197934632
36.82146566523793
29.488529496810987
57.2784971342871
184.12128729283017
168.00382537242737
55.357429404455345
188.43105512045662
107.27941630368545
95.55789856608648
160.90708982161425
199.65181289886658
142.82095866455361
145.07149628268365
60.254636582513875
212.48185957633933
112.26284178665256
178.4322285297155
135.2126605815493
174.339972568799
167.11694366613588
166.84031362469764
189.27200771464206
126.30012519867354
152.75511431915626
178.9806291416584
99.37951723249768
68.41170703790355
166.350027261194
45.37058677648206
99.89007228806862
111.798032224814
95.15198293582979
172.94124802158728
40.53501235340505
177.08620705350577
90.12374194808505
147.41265280587442
47.68597874674539
179.6609631433115
166.08091531814844
177.61058790001306
59.030815929536494
163.41765780686856
35.50961344645814
115.79369899203068
203.34431595838797
138.50710201802949
182.66571172463793
158.52933282124403
59.33202659076849
172.47238368089904
174.7761521800154
51.85090862253049
135.4442196891976
110.5218125908742
128.29451679081737
214.31695469151907
33.03322838567254
67.99742359089477
114.65448394911652
146.71244118914467
64.23183073762988
189.18365834725475
90.28530813093413
97.75495899869979
106.57944606932813
193.66874890171587
225.49429721589655
132.76362179081644
132.04181529576167
117.61505770466393
194.1235379485474
60.12597849486601
53.06827508586687
70.3353180990634
177.29613063218514
212.268186244982
211.92112828185145
206.381245195949
147.65760382474045
196.7136454073465
116.57404708005085
170.65937544341477
185.52998013723294
123.82154951525489
161.01821515344278
174.7393694584406
69.02530192231276
113.171121380279
192.553010952505
211.45361717200123
189.70624375642348
96.08219672211568
74.18373498172043
77.18430408115437
158.11342866386914
46.84833179467698
54.48415623899557
165.9345431489798
87.57505593818688
162.08878869375252
140.07832809965686
115.03955521181786
112.87213725587318
192.84427490420262
110.68192477556207
211.56944047699315
98.69657770662535
161.62925906482914
203.54576755563374
168.95831175543168
99.6664774896041
69.88922773662212
115.84141314914899
123.69239407467987
43.482022896833705
60.44898033291142
134.5521948370222
208.501398637433
159.03629365272204
216.04037728573095
64.20768266148481
201.42706980826355
157.55658503294669
211.4239342447027
171.30134400763316
121.86256086970943
111.1684231848449
160.21156059455595
195.33166736008184
148.86471844074768
163.13492973246449
138.6987500049304
124.72420458917941
150.0517232399261
32.281989706115965
207.95903557096057
155.49205234693903
105.93553390335532
126.50373365059474
191.8833058352266
73.15733936076808
140.40181801002353
50.183191518281625
65.01930631658773
163.47472366795694
128.58290917745842
148.9528383480016
158.51817518440438
137.0855896521029
179.69469977206927
186.91401529799003
212.68781934820385
40.426909486734324
177.0198836039247
214.9509148142317
163.13330801852385
211.12224557045303
38.26757117147679
216.02797969241468
39.421691873256904
101.20473256201755
41.195871612235365
91.40451971257762
152.96332580678757
224.33374884775964
123.24054106358463
195.27392094723794
76.6747060270524
116.00174482560428
83.15956421582736
147.1424967040583
150.24297138695363
119.91986126930064
86.1649513194019
174.06002422074863
167.8426697156524
29.829979570505312
193.06288666305986
85.95167894080075
200.90572635337344
72.64728426180051
179.64315820344936
176.50817790529274
151.4355728884483
126.54934517320741
61.34125684422204
103.85500157976995
27.956097937511302
107.38031845521613
85.2649615821253
161.0859035652053
183.46566632693754
147.4076470112974
37.40886562695974
160.93407962876202
84.32183102936362
153.5763607024846
31.313120843035012
31.554716718326482
204.96015270343938
185.7817969139182
167.8954177862308
205.72261834459172
174.22853653657526
34.17540539476122
207.1129679215061
204.55441904718484
168.047166274558
119.26626945728586
205.82676772497322
159.91886906892296
191.0003090839065
136.72484067759422
54.81377079196181
68.07721144570458
160.04520254542877
62.3905886282965
52.451981014717816
90.26433307604735
177.6578363888674
131.3926798581186
157.2970229200806
206.69972406263074
223.9125455443166
156.66436270818835
167.32041563760126
122.88971037531759
92.43306922787326
206.69401234643186
191.05291728654583
188.1801132747112
186.42076811997484
32.85345957869996
146.09235530299338
191.00849840114503
208.127464208039
129.62088205451738
209.59251401186145
133.73098459730048
156.1022613275892
73.19399056090916
207.59271864745875
136.00923021577518
214.0142466462684
80.18214423572961
70.89592760092162
174.49345084623738
47.995985219191795
163.13585313045476
104.35497929769737
105.83418275125757
193.5874048336824
36.87775314306618
99.42732018550718
215.748393867213
159.36300921242315
209.49976775520256
144.72125038143142
200.52841700454366
108.51199567656364
192.88208943705095
101.84458861423433
174.56562345830125
61.03010576144769
113.2322135131592
64.72549207090589
71.25229678392436
215.8524833920625
135.50691869723852
75.7561246744086
193.43093245247636
151.30590059385565
201.06537705274167
188.5730079738715
45.66948995811915
42.50055569754203
197.71033006605842
80.58872125756693
214.58855468651362
56.84402791175104
101.45280467825742
159.91734653336502
175.64359268963992
156.3223165593567
195.65516223146963
220.64050646336074
63.1187748526807
90.71888245061122
173.37675028969883
126.17511018708281
160.81052799890676
134.6707591089262
173.93669736158503
166.99929810958406
43.477076659955635
213.84908957082578
154.99149228295522
181.33760261088835
118.38671942808467
199.51910913460745
180.93459955233362
136.58885886707412
145.02222807771378
209.19419238959514
91.06637379460116
217.07155647333846
183.90918119612073
131.55402120976305
183.73662815913465
70.56510953064253
175.035553776601
36.44256154785919
148.8652983100805
105.31716232578194
194.11654214099855
204.34780187845504
192.87313150122557
37.590409082995706
36.80917226100138
29.591228197616726
143.11636116689166
43.55474645245674
170.29470181446158
134.15357887423374
156.47340461033562
104.8690801613893
27.605125841275527
80.30518927787865
165.15110332123328
177.97454768281673
68.0053416345975
203.85294363178525
220.27476332633304
204.27475371250398
180.6419555971877
161.99917263908134
105.56559384478788
41.07526698283444
169.0125423505376
178.9056573883417
195.41919902545575
144.95296178696864
158.94318531583335
151.2099768752255
189.9994757742434
147.19807349768607
41.6468494382326
128.999465830848
48.42353560518337
213.83527963186876
119.88673633013025
85.97291821553806
190.43961765655476
218.3647034268238
165.290154348645
101.67905777770265
150.4823941426451
139.324218720017
113.63044750518613
56.866761534800325
72.21000142523421
188.48869364383316
63.30127179368705
160.08334516214234
145.50315383280838
135.8571724165331
202.114871965137
210.64397811252002
144.78627793117687
119.32481838966649
71.69083545043219
109.95315486077538
118.82149395891783
26.069434679062653
56.02945124958175
167.15272336127822
156.28020903027368
213.28314667351913
202.8276588568717
209.02854256378308
201.93103547803025
196.87303954104587
184.42787023477322
158.16474745682964
167.55691130020531
179.83475265009156
196.6927916609516
201.6698056610983
191.29746515533628
149.59192238055422
189.08541800617158
120.69301068717341
133.34921491166125
197.540095692282
192.5934133709387
145.742646488496
186.86917685009803
191.55064438791428
181.40471478323477
186.5781604814311
107.54458123206695
205.53432857098542
67.19196833941346
114.04435562859359
148.46400619612012
191.82305698432313
144.75123892699906
182.29642766287992
84.46121219275093
213.00393333566686
195.46373504624074
114.19438598205659
99.92846701976359
134.1022068222751
197.76360558935966
175.6563414884733
136.31126411028353
173.91439411052232
183.93528507058497
183.44487382854567
115.84141314914899
152.11723327073233
195.746949198164
217.03431830285524
64.1030436962339
65.01864720985873
193.04189126509033
104.94412388716759
196.01147179720436
161.56288347091348
156.18710286073713
161.29301668977755
201.98617982044422
92.03109608615061
60.47450839485066
95.56231660464525
179.4958519949481
140.04505540992278
184.40738834455232
204.67494540897604
116.42643194236992
90.92198803684683
49.87833238541881
172.52698393421718
155.5490791205386
190.960916320102
60.60971957524885
165.09886477892707
76.86008872450974
152.99615218773934
203.11425816109653
92.65497164520423
174.60720183604772
154.35830820257044
144.3317937885047
100.72554674956142
110.35788783587635
170.94721351274453
70.08908080721123
118.17743121596003
176.51005926442826
195.48448381441932
50.34807309513912
190.2999371508942
130.61695561050942
190.08913873726394
97.10664496551959
122.87571546457929
203.10555529364618
44.0138678972357
72.29287971117326
207.7451897515114
164.4551377982631
164.53807085846015
82.10000807166783
167.34639466528878
127.70696488766096
182.40344269838698
183.6721152705852
53.07167498719667
218.98301771183577
190.9627115441968
197.23151700920747
130.63229267854757
41.27247127263862
115.76337837202128
84.78372785113524
55.96231400942728
65.13126170387041
142.3111917093543
167.39757104521735
47.65559281597427
132.58121123655096
46.08495207877603
179.62433147174792
175.45960106991166
97.60944245287232
164.6093399677418
184.08378703238068
197.6915761442076
183.53496976956257
162.6598641815722
144.98558944017628
88.42063470317807
71.42331106012125
63.20372510095511
89.83725242388074
176.44476266707179
51.33787518251568
175.2288254042842
45.16095886277369
141.41489316676027
206.9136946366753
134.5483706546407
101.84458861423433
160.99550198223807
133.5024863941759
169.50133386986235
101.47074017860896
190.23243623286442
146.41121834944545
53.07841349252489
175.88860094629666
167.06299957944702
29.266147809777674
127.6977163902003
32.51043977070619
173.85513973140553
139.37071013951413
101.38065203911079
106.09605365274086
143.50418047402636
162.07814153963494
63.7237158442527
221.56131242190898
170.71448805148458
34.6209828158929
123.66445099585908
169.21884405916848
56.36397688490262
105.18890497019449
87.12957276282836
63.55966438660467
198.1374175277915
192.22743021162393
107.12373837791216
203.95414470848826
209.59691151206783
205.10184257301847
30.56099364158871
104.7652050666218
62.72306982160951
113.51012884359977
184.77454955962037
147.81407560902272
149.49112851027525
178.27356006695095
213.16105074963195
207.01386719490333
136.90790508569975
152.27694621870316
79.02619270829993
195.4198894336691
40.37879916249786
117.38327282095103
140.0760329224833
199.845195468318
204.60448112876153
48.23205691019161
192.20416764830856
74.5994493956136
195.0444020759608
42.49106017913289
224.020581636208
205.85375139728512
215.06461304673525
194.53180467394134
202.37065480915916
36.39112378001242
83.58530207052814
187.64421523861384
220.81678695737273
145.37672528578275
157.60557156185135
74.86703272555982
190.6102574219165
85.74871888572847
109.18701724800626
213.01277517279348
173.5178603867567
129.48957099317252
98.9323771990314
65.7669571922252
173.75581566212708
203.54824419052144
69.24760345337678
137.77368747127514
184.56372482552962
190.3615709111113
43.86025260977023
150.01423456152608
159.25114840835744
41.916809556218
153.147290187885
114.82129228583673
159.40454017333934
51.15917884883841
205.490417118582
186.06875940817514
49.0822458325571
194.32068712532737
186.91526854541212
121.27413212406556
54.159552306438044
194.584531193027
201.14703495047087
158.33962784469153
187.68643332808944
45.74767086812072
26.33648549087378
196.3739010127804
66.96275404298369
177.67922967766575
80.72946672757395
176.6870001692594
67.81025929695502
148.50375375131904
163.073411195782
192.30607164243273
55.75043097269338
85.28175215004715
221.70501816862796
31.41694617097607
76.98797436422272
165.7809780394524
82.70657572530229
162.78666063638673
57.71172647908302
82.0419478298281
136.42455438615383
127.60516768223893
177.28607413449384
194.86961712053633
90.13970619785889
59.8473595217112
57.462811640533566
221.93768950909708
207.74638749991266
173.87180795752073
87.61080769623281
146.9593736197552
95.29678607529354
49.22215943150961
161.2756190363448
189.50358332373227
171.7755379181247
108.85176414300372
194.6922918266849
167.98213806106898
175.44583385591613
143.826585802727
160.85460649353175
46.51766672869445
57.31412412355203
140.37713666108297
204.3310345038662
88.90285348466827
138.9427659645186
192.5879409584574
143.47850533231983
31.26834017658679
155.0546734953782
121.5541721097518
192.63497083100717
72.0109258497413
85.80601959171197
42.23467187165483
228.2481182179073
199.16973991987277
145.76074018160557
66.42835139892063
174.8637800854882
113.91224696177048
177.01419642647897
150.49425516186628
143.62480649115795
186.78425191115326
176.3331108058853
208.37584771101606
26.050545820371198
183.7306394026253
202.10312209731583
163.30706133489574
148.57153685895003
110.27039282676984
205.8267555822093
137.69847825929713
136.6449982236317
50.20936766439544
195.179307577913
81.34767723972273
164.55957093667135
53.20383864027437
48.19195181727113
170.59951499710942
131.90850032782805
175.9367752838654
120.40004458792917
222.50422154166628
163.8905712557337
198.10265883108866
195.28130064963338
154.7552068064198
189.4432105830066
190.48752421001132
43.32169657901376
198.70718645204363
187.23473286152776
157.95296580710283
52.60090015519059
103.88883020296564
183.15956188250146
95.62844552637725
208.40486304613316
121.32471344467929
160.28394106441883
212.32869916940678
162.79645518918556
31.195821453787815
167.95975257381016
94.99255834959712
181.80256830341102
179.74720344331743
42.68006952474482
137.17275151989924
32.08272705079083
66.92292465733128
40.17308406533065
85.1019546888883
33.19596580330647
98.3619347250733
183.19791489060376
145.67265388743888
178.8570623098237
188.50241347578688
206.90304865009935
181.2405004041695
180.20024168444976
121.86059896172092
47.2517411591392
68.7923589225053
186.88304650355192
212.23417671866588
48.94428214537495
164.5247656582688
29.296073243522393
133.78585940458672
205.70788496970377
120.10509251598938
200.1848223170951
189.62620304292355
156.08664522114432
213.63213949271693
167.54249500083043
32.2811333298371
31.123081147406907
51.79820509786768
34.24853557776421
152.77099682057988
183.72682128597555
114.47534710047518
53.49125554201511
136.87072541542074
168.6450622960475
188.08623365157118
191.4015677139991
185.84228347629545
200.2824083040476
89.75386471524615
185.86926036568406
85.42860781499692
163.1789133275645
197.10589290157085
41.087668585257774
127.34566733960045
36.42315056705512
146.23636355823083
42.15595937116333
97.68978461590027
176.4379231793792
169.97596423096732
166.04604398353422
189.5016068732617
44.307828377800966
69.99359823406485
66.88221009876561
199.73979342679198
137.17392856440307
221.3999466810317
202.30832102507998
90.82024042055295
84.09613390777153
129.6033789164983
106.3753351457542
186.002112770543
180.14995768382704
48.41594933375552
51.25553950124836
190.27319961643332
110.06042416486954
128.9992427655898
70.70186832043564
151.86687810987635
164.87571199808818
85.7014932794968
178.62558253627046
150.32246025786858
137.22512798673213
98.10005240653072
181.85968218639664
172.04449005882904
172.4035069437367
53.07498721086137
42.46623932023943
175.64427887706088
156.1770799255868
129.6223221387367
145.59880815213793
30.2018228203554
166.28171662317078
121.06210385620378
192.4815774363729
38.25992161109543
180.23761585724776
204.51858158022577
199.02713186564426
66.45404365636574
48.655494135478605
158.84293416727417
83.98168879978559
101.47027225140681
102.52488522696595
177.3582017636159
139.12335288496965
121.8200681968541
35.039401473777616
46.9243246664751
214.00683642171433
197.73361814844722
51.378923195818665
48.441497558272026
180.07345874032714
202.42652295706193
198.56659797471315
156.2206721219227
67.21135702496133
164.71866686208
48.05453365865436
78.56963760629772
122.70346337299316
82.43689245889361
146.56019678025908
190.56039363370246
218.63356775047305
81.23606583415447
151.84594530178668
172.88920016976576
43.60527401380004
232.0163602504614
198.20151562683117
67.27365576065507
198.79065692225367
92.65559067192767
184.4122266728035
172.97648064293944
224.02682692466388
192.07301252628358
205.9716683689887
156.19286847231496
160.74300000450947
80.2534773420411
164.83501702424203
50.41134436952477
190.38180129011718
178.54045513000756
96.46227487604749
162.74148299527053
90.05834531638017
203.19619342450267
233.08613827874868
178.89439018629622
111.5753870212832
161.6353065475402
86.1043393387787
188.35584812344754
176.48746974640162
113.62229683389515
180.22900141140536
74.44704774756227
189.55195376080547
73.71357136674968
200.7070628117878
106.17918661635736
33.15276899358239
155.1298512390762
152.99986391441314
184.63830960749866
75.91617486054622
109.26397676669869
199.28132939871955
177.20053726120614
189.31096362163743
53.891388719184675
164.4788377465316
210.1672161358426
