0.5396954196398759
0.5378739973186798
0.4760527087089769
0.15343917079089125
0.3127825167682581
0.8838748065146392
0.4778232784654429
0.38248776503493664
0.4525497688626412
0.6927189357864781
0.8285866874273528
0.4838776034952756
0.41130499144015553
0.2902436119607705
0.16146107047161218
0.29108285849368
0.2530598107843167
0.8029875896012354
0.08773713423912842
0.029094002550956746
0.43881380489127525
0.6739455941182712
0.29748883742451826
0.14080211832954456
0.3263439081435507
0.9040581137611442
0.20052049944765807
0.43809026817338415
0.5652234720444068
0.6088197084890652
0.29910507968125966
0.8541902893308895
0.45124645376786293
0.2095837805325461
0.8475284990442522
0.5430990998877857
0.08090172816623642
0.8571538577079357
0.17528560880800376
0.23233921607408153
0.9088455418174627
0.2046333535723621
0.5695351501118077
0.5887996980984259
0.8064073245460077
0.7915038455645741
0.3506114813869119
0.8895949088524888
0.8948465125085295
0.17919755995169528
0.1735181325224523
0.5181918922886929
0.9421769979344106
0.703761916089784
0.8660727657651258
0.1635344113718874
0.284879014531039
0.7076186138559182
0.6688238080918528
0.446345721040658
0.1721632201182205
0.4092083470386529
0.8851364072110575
0.7086258919866646
0.7254288372697647
0.22431639246868543
0.32573879259988264
0.8043221703242124
0.4206983772393353
0.19593005139308894
0.2907620727401565
0.5622151292166311
0.030763038400015017
0.4898976785398054
0.9084056848171952
0.5479282736048561
0.43925565838870567
0.9226858895067895
0.7905538263174533
0.4860050281676391
0.9071093928651205
0.5048344916813344
0.7001795105298734
0.4951950355868044
0.23464545517192556
0.7251063835479707
0.09640244491562053
0.21512280018918867
0.42619373181588815
0.6903240540835905
0.12970570362682482
0.49679379828541376
0.4573292396523286
0.41608181269533956
0.7739550806624693
0.9101297068347564
0.331095245446538
0.26728742962866714
0.3950408833257462
0.31517710361451257
0.01485363165036813
0.22647130151819173
0.08259688631056798
0.5504306588953435
0.07494221758512248
0.7623902187603857
0.29295777831297526
0.484536243263294
0.4732272540918669
0.8676855787410777
0.7419228562709103
0.7114316814204387
0.5652898473329139
0.3360898132384996
0.3247846948856942
0.33469341028810984
0.4640956536681427
0.08449720410193072
0.6917344795206379
0.04207407088218601
0.3968278548980928
0.38055924156628107
0.894573389455588
0.5678590714618336
0.3567915712345626
0.47026271011661913
0.25083225160582384
0.58283106313881
0.14351060245316258
0.7666631452962895
0.373755050301476
0.4831188017539106
0.5477267316466591
0.6664345836135143
0.12215515342734369
0.8718956083148873
0.3768011729583733
0.21095526421834843
0.7128759156327459
0.2780627718323566
0.6548587855527334
0.7171512206054519
0.8704115750863805
0.4409834343278971
0.29797942367708946
0.8573614876142295
0.6173624659861229
0.40837266869555455
0.13494534470253755
0.5804516416195152
0.7848142495830445
0.2685337828469766
0.39325008180549365
0.8602065013987248
0.2646864579447862
0.4466362058043535
0.2257997350236134
0.5129009700023784
0.31611278137752896
0.21539698017045533
0.41657075998452786
0.08044837622498353
0.30086030369189587
0.7766148304173612
0.33482847728585147
0.42559073321241847
0.5046382103788756
0.6181172814194628
0.0357959319992984
0.5642723214555506
0.4730644998697804
0.5502448680220622
0.6216698967261785
0.3973798477494237
0.8188271784489431
0.49002435718775444
0.6101233408013073
0.32960956325119833
0.6447510552479528
0.9242759188069785
0.2678946250799797
0.4122634061250817
0.4308345865390427
0.6958164325209557
0.3764865451961307
0.787897667898007
0.4108680622905815
0.7490515623755918
0.8909303029827805
0.2994837915175587
0.49407822319150235
0.1544583509884317
0.0991854066223568
0.09621623504124341
0.5349256166977328
0.6042304682919893
0.17241381907992853
0.14838876285991381
0.41865779776739287
0.5286417294160682
0.16066265898142304
0.6285560579700665
0.9071390104597961
0.4328830136192846
0.6308257355062408
0.7739459883311216
0.23714448842016367
0.37089822141125134
0.24030942147722328
0.338417298228479
0.29123611575375447
0.8421387223507497
0.7014544458295058
0.29755774615126357
0.920056722188333
0.47951640091118
0.2875574948534065
0.1447367096308357
0.36494828240264326
0.8063282782744098
0.8542176038790533
0.6049056909379956
0.3299937037023615
0.4745338111548588
0.5837450748236734
0.5969212529309734
0.18698672687901755
0.4206986742291048
0.15085018071069128
0.9136546695280796
0.7088830566711568
0.7253816944298938
0.8306675833248112
0.49638176534808975
0.8086147919931878
0.4202094048016696
0.685475175740637
0.01080088058791866
0.17513586495378466
0.31724251393395897
0.6782049456941984
0.48587100754215323
0.6684404572971655
0.1407608353170023
0.004911304430070824
0.8424620014098707
0.6203425753547817
0.10116665596275928
0.5333310099035502
0.6098290795043664
0.4630665883282078
0.8406241076534028
0.08921147941138863
0.5414790626827123
0.161457436559372
0.7147108050868219
0.3124441242718873
0.11993969193464112
0.6571692997401686
0.838443892206601
0.3223261082739695
0.30587238944024464
0.2814504603077924
0.8218683353705044
0.7178477586976003
0.5957516622865157
0.8213678999890879
0.07752581826900007
0.1465017603474383
0.15750025429863013
0.34728018800599375
0.7971133093396126
0.4139450228617502
0.45176156456394373
0.15058997224575477
0.9001773902424312
0.24111419531344608
0.4110835935915353
0.31826227007939445
0.5585740961231415
0.31413520877378454
0.6604778523978295
0.6023507772411636
0.31502414465615713
0.8439889501460626
0.4904871269269025
0.4933675625032432
0.4831884939782077
0.3007817361335832
0.7666178397817918
0.7713016342548685
0.7166466512092766
0.5149820124172471
0.7536328911021939
0.6606234360121922
0.3447653047379824
0.13993242347884646
0.20826974020339076
0.4527576838700001
0.872023153730676
0.895858218174945
0.6365161262376015
0.7321623243215727
0.5087472604382995
0.8668738018931121
0.19099709161508763
0.3911697411669302
0.22917540228283204
0.7140008148886917
0.07077100763766878
0.01714984433164405
0.36755385379083133
0.1986255678168646
0.27901816740833085
0.42965000297495387
0.3777879026689911
0.5647638278101412
0.2561028753619763
0.5717545620779874
0.6965920563165098
0.17251492151408426
0.5117969828694657
0.3422358894855598
0.6710020063469819
0.174190458626254
0.9206525243607988
0.15579551751123222
0.20284575390366874
0.4733937978779392
0.24830244888580183
0.12729472552937196
0.5755408921247702
0.8368602705347683
0.4800857439528276
0.3744967198825958
0.5641358365897837
0.4726866964501356
0.6182343201310058
0.7340563914872839
0.229242812502786
0.5605275584386153
0.7502859333080466
0.5623528519866842
0.25683436235693896
0.4060925187322168
0.3022140151952821
0.5956052461400615
0.9044502908104236
0.3932762364992274
0.40480729457836423
0.8308542159921991
0.6397279877041734
0.26115107118503356
0.47417608562037666
0.4935436429532578
0.36582303518996984
0.4919238412673214
0.5319544701953567
0.5689575176567758
0.7488608160242337
0.8359342245169588
0.5762703027961392
0.36209293115985053
0.4535739859605348
0.7091102341287792
0.8770826772022611
0.41475293906735966
0.3507383116093672
0.7189513947028968
0.6608957682203797
0.5501510245467103
0.6190007823338503
0.3383225897474572
0.5368732911917568
0.04913152050161654
0.32443961503857865
0.055960522183151305
0.7798209371881182
0.5188788430068032
0.19147986930659378
0.7792366276344542
0.47874133642456257
0.7179058592140523
0.9176051916856828
0.1405400357154703
0.08721761510578271
0.5685991082702863
0.4732012259006522
0.3420624068295804
0.582939980532877
0.6299651563854247
0.056006416387257014
0.3863706216993268
0.9508138494271351
0.19857798563096746
0.7286676138084596
0.6952429022641591
0.8925217015467406
0.19505270940299532
0.44180664335893566
0.39663733530588524
0.35846924650049367
0.7550866296877018
0.633684490996776
0.10630627954271339
0.6108850985829243
0.46960298842411413
0.07378798454931976
0.4383894772751804
0.4269058779758341
0.47372258593298017
0.460997794339849
0.05567976477464856
0.29597032701474874
0.8708902070939843
0.8887763433785292
0.8088333430360858
0.014643422568549396
0.6316978758576756
0.026951338836852193
0.5415421768910363
0.800940935081055
0.8100151852253031
0.7501377615920047
0.32963757878258654
0.07893858191052543
0.8098400829878887
0.6963336605211247
0.4582116122405923
0.3934711351568072
0.28162695847513297
0.6206703615495127
0.4933726946388348
0.6999267642098544
0.15834716438269908
0.2482977715834691
0.2610650332702631
0.8693857514919738
0.34019162312196644
0.38253001766383693
0.5604468423865535
0.2024449487519728
0.33253690946628855
0.29429587171049826
0.2385724565037838
0.8593582965655597
0.16059590210290725
0.2446996834828243
0.7941668385755632
0.6264710628014124
0.9119794245637444
0.7537970560389934
0.5166725714022256
0.6121879338512909
0.8865898356906621
0.07877031651216126
0.5140287782612472
0.3318150823008803
0.7278538094229002
0.4198847854067391
0.12080832355704274
0.3292871814420819
0.700563389085503
0.2634436256197877
0.8979389697545862
0.512381636875582
0.35464168512166566
0.13271972886716082
0.42524967963707777
0.6871571269333258
0.6873033452906759
0.462440898198084
0.7792377566021134
0.6513949126196202
0.7564046607282171
0.5283097752551015
0.7878780488714968
0.28987908816112085
0.6891873049908167
0.7080800266761831
0.7206376897921638
0.7714293342894964
0.6282069552615219
0.5130765461209024
0.38746929801578195
0.7422865228929538
0.5408821329907553
0.7557702975222338
0.4167521522899047
0.36056918997723036
0.4710794120153552
0.6099368083244994
0.4847589526618275
0.731545181694427
0.3303252382937182
0.3732824728511002
0.07235856344678414
0.2255853680285573
0.6669213160170492
0.7990539177161344
0.25158544684490114
0.7606247785166476
0.2090524102624374
0.23319565795784347
0.6214517096337164
0.7248284624356803
0.6177728832364747
0.13481725002976488
0.44892582171990064
0.05634230767473094
0.24043462167199645
0.8246046644202516
0.5657792842367421
0.8758262036752875
0.7330411342610794
0.4329669314987915
0.26383223720033966
0.868680550266436
0.4147397958718969
0.8453032096044464
0.514047133919909
0.673679486305394
0.23588860071559656
0.5599281382019737
0.6879383967085041
0.6070431941774521
0.3433628319564959
0.2422481106104412
0.8310639181403647
0.6402574356881415
0.8797444007897091
0.2213485807746191
0.526086571786848
0.27634273007040744
0.7811275161603813
0.21512280018918867
0.6322218913464523
0.4299389585390106
0.3137142376002211
0.17986538360678972
0.5316898044590035
0.8470530214816869
0.20207587667161092
0.6481290581419539
0.2202657825701905
0.035461032881236865
0.4926497208987131
0.14548640737646415
0.40930423585565107
0.7061286826754251
0.07321292477870434
0.47378940977477774
0.6618398534822763
0.5439435128192353
0.5681409809424341
0.2078278712636223
0.10625291358896388
0.239100935568538
0.41382741992261696
0.6919766135155346
0.10531583562591683
0.5200772929022384
0.6461363124843003
0.43677376947386676
0.15449171403668582
0.7396834855954416
0.45659796780209294
0.43551655837347547
0.5976670154460392
0.6323184731697868
0.8818726143863443
0.5040928491417019
0.7814723034162385
0.5184626693935153
0.3587855519713373
0.41554140184312144
0.439809628481026
0.5991800022443384
0.8767559029914095
0.7296405594554243
0.6369989216155312
0.4066264867842863
0.4781067694634246
0.3391682587884926
0.3527760251155193
0.8221754660532077
0.06988606754617673
0.4320984379103874
0.5502291821804962
0.6200939153736853
0.8929879006779643
0.7801197497335516
0.44878347895663434
0.4884212612245516
0.5490527513821863
0.5772791845772342
0.6453102496032515
0.31378151898097195
0.6691003718611331
0.16436649291746694
0.13136661107917227
0.9072692415561
0.4469057037347613
0.8440094625195042
0.8892579434269059
0.2297409265719884
0.36222179955861095
0.5004662578372718
0.18409199586804967
0.6431485999404688
0.5966423781874792
0.8950128707274464
0.8624231017443197
0.9277028780850165
0.853037382821076
0.3409573525913212
0.35897012087430696
0.5353599517554963
0.4749301120369057
0.3106301743659652
0.7147816288287493
0.695159065273487
0.7514278802605835
0.8860725925532847
0.9171641151823822
0.6357780500731156
0.6502930736565613
0.5912410875994705
0.31091406556458967
0.1551472415939618
0.7335572766761485
0.886531678571208
0.7529347256616965
0.5810499020806206
0.3478010593412806
0.3867385184586991
0.3124766995769356
0.3318414869900129
0.700899363062883
0.8624540267616078
0.7873131326151218
0.32988100433351325
0.5441149405853563
0.10243626065027905
0.7760662127055588
0.18671399630939253
0.11472322972818101
0.24831434236357647
0.23683195724755995
0.5333233652603526
0.07630005976282633
0.8293897503104598
0.6153626441105633
0.07662500990993545
0.6556285618980205
0.7849546576777833
0.3925762763386215
0.7192649401783386
0.6814140697478615
0.30670719183762685
0.770002969906454
0.41865426091576974
0.4715854905808413
0.6868661657683985
0.6424841690392408
0.092138497361639
0.2366994871385217
0.27745654451264606
0.5168769591048407
0.5199769210935288
0.6231687919627285
0.5532340370322056
0.1808430231745883
0.14425204748281792
0.760870741567772
0.21339650195897156
0.9057132398850496
0.6739257633500579
0.7229828133373372
0.04128071613969036
0.5912719622131
0.1608304676902804
0.2644566232733078
0.5641507113582978
0.6589509693271256
0.5377053500235419
0.1337321335850464
0.3908168609550653
0.6437122845955967
0.5344551329366598
0.5823989722063183
0.3295170449318245
0.16223361496495856
0.613186155782389
0.4877446318175528
0.8407906005364293
0.04837348995733817
0.7057258063784265
0.5439674439229716
0.5740150115914612
0.5049447829022672
0.7926361555124608
0.36530935787178426
0.48385864784337984
0.33655571293648706
0.5639291013381836
0.4757998037715132
0.9371447343195798
0.727466499203826
0.8680054076296638
0.727997250571055
0.7381285693064866
0.44307151393692057
0.22736306861956784
0.1338935466139601
0.7376284585180048
0.31156632233294784
0.2437600299678509
0.4841084033081392
0.34230969427501445
0.7076425848968011
0.4095916580911538
0.366865434276646
0.5147988459774046
0.7918550958243776
0.8027180766639348
0.5165573502995301
0.8083339069105605
0.10183106733485474
0.4579697471269396
0.5131814067047825
0.7967174295549113
0.6939689094448627
0.6759108040774843
0.12464292607915513
0.13068388824789337
0.4234671068897067
0.7165136857733416
0.40762231162583723
0.1252169944298551
0.5843803081357318
0.8495290104086042
0.6557735420186781
0.5126645489397751
0.751557722681454
0.6767009343721476
0.17098414687786762
0.09378631175981582
0.17168251292791495
0.152598744768901
0.5107966925962258
0.5449946212160476
0.8380605426883944
0.8685863044184604
0.025818072818095943
0.7900991932669311
0.38957219607197613
0.3681504808255046
0.6573055788543919
0.5723731543955178
0.4557459089321577
0.5322647994410048
0.6061284593002209
0.016065424074261148
0.28841669181656726
0.23019524616823367
0.8971258005980688
0.5564718661892268
0.1798042811050159
0.4451474375836693
0.55699558999181
0.6790017824933648
0.5095983343010513
0.3690160528448422
0.29369065406527267
0.24393631654726036
0.4015392709899224
0.47928393469627223
0.2271995645964961
0.8207737907412009
0.19751656868558295
0.8004595702121282
0.8474877194869039
0.6520221035223368
0.776087168007818
0.7425099809209426
0.7211068885835162
0.8146925923817763
0.6140532141903282
0.9237356431679753
0.37696256390254834
0.67460800453739
0.7159744245378821
0.0495030252703463
0.5692006536175442
0.6405370000195604
0.12690405080880945
0.16628502387451255
0.07665387692637612
0.38109244288365274
0.7412714834425901
0.46456127996954416
0.8364173440435937
0.9715164384547436
0.21157188297033674
0.5825168696110621
0.5311120853379819
0.8924875490267931
0.7673801832629888
0.24703652937846132
0.6039613992545472
0.18077650402910006
0.42859935822818906
0.5391463048279337
0.8059560579769631
0.13735266206037205
0.5686970467926067
0.795538874041261
0.653755084455711
0.3872203725394229
0.31335414537752393
0.8889428449167355
0.3076682452497516
0.19733107115133633
0.47319946721367934
0.015397742308907615
0.392148081946473
0.4647329852879847
0.5999675222628634
0.5932149214630307
0.856085861167117
0.6133582525932805
0.36192397416869876
0.599463062630246
0.7596970743464235
0.641273166774876
0.2860616434467989
0.789754011180672
0.19113760964506962
0.7110287899798914
0.6761172151829519
0.05747587627278018
0.12470312939497882
0.5601381594833309
0.4724737515163127
0.7140876391957097
0.5642810345085156
0.2546857008847538
0.31045723231768013
0.18565371850829804
0.06700251857999759
0.4938119041040803
0.9435309606586683
0.9379211421254445
0.32154836814596555
0.3583903253357382
0.7394895629372179
0.7532932698289799
0.41517523139346185
0.8470349193202829
0.11653687524722837
0.5830321220863413
0.8723824887112109
0.8248177225392898
0.37707793123382644
0.5057943234935736
0.6815040247115235
0.921990115141097
0.4141798383693838
0.043299587963435145
0.3050665266581925
0.6084057948715128
0.18684571755747098
0.8980730670765291
0.3496837326959884
0.10626867265986961
0.11424967917782165
0.4518923358442117
0.11677561500370834
0.7208498195379701
0.683873400915889
0.7232930715041214
0.010892262817570797
0.35923834598706617
0.5909260801783766
0.6672319127913682
0.34295495047669566
0.6412775455626297
0.7569869885644197
0.15137536826563405
0.27539471258492804
0.6213766214066376
0.1686277032826133
0.26125885544928495
0.45750442163281174
0.5830841468360659
0.757583505610467
0.3217588120596799
0.7120106983332697
0.51919472068376
0.5514946995901576
0.6559555890612744
0.22338469108285872
0.01258255157313006
0.7588992757812848
0.4112478607392747
0.5242867056729752
0.7865329860140214
0.7643071053131065
0.8215682389616072
0.7009275915890831
0.6493999736240775
0.9410350543141821
0.42186939040273286
0.5458668059135067
0.7744167418500032
0.48809237369604086
0.6187522015144414
0.3799122435159445
0.3904981920685197
0.5277402309250415
0.5711124262558329
0.3805502960806132
0.5345241206218342
0.660369527449114
0.425450047585629
0.838138609968369
0.3825196610872116
0.5156788964307323
0.25489305728857176
0.15301567067294686
0.01772164301956403
0.09367037984051957
0.19518744738761196
0.294803116963383
0.8117484260032036
0.3209349981393356
0.3612427603213223
0.5998443875409063
0.33595583569648346
0.638859238399386
0.6461750138283593
0.36677849518195116
0.4739993353584301
0.6568433183565836
0.9120814954139503
0.478176730909996
0.4435796750427091
0.7571196092886074
0.7858254218108686
0.5385825138303687
0.5859151586596448
0.35040039350669233
0.7938842122867746
0.6745314858764094
0.10035929384138086
0.13115654182188458
0.19239906295036413
0.8511505026570616
0.7509263886230632
0.7232853416454265
0.4862802657987043
0.12544779417876065
0.6985271260147974
0.3832426080041442
0.5497211919664408
0.061604109934188835
0.8674184287023955
0.4930937708947837
0.742072670332854
0.7287136248358527
0.21854373840240257
0.4709763844577266
0.6693790134433393
0.2789620348851098
0.7437746345459327
0.7356543230315852
0.16114306409029427
0.3083490661337533
0.4878070700831928
0.8939611728371821
0.1688417270341908
0.3098186872516453
0.08536650328821119
0.3319972412071607
0.5920998292171454
0.04468693621975651
0.45401917106464357
0.5210203393094824
0.8024228911261402
0.35133603418514137
0.4705581183897518
0.7295485849885668
0.9006651201227356
0.7027483374562037
0.626611900341694
0.2398090966002864
0.5978785815657417
0.7673866660366401
0.7074266300810514
0.31613308657538725
0.5618034400227798
0.4461831067069168
0.33949325814300724
0.637783742364605
0.6818734404267508
0.22474947586060648
0.16489725007352193
0.7849143041025949
0.3306019818223885
0.49354064154161864
0.7505253115225281
0.4316302535845274
0.430995477638212
0.6235855562067083
0.7837636988379085
0.599994507127028
0.7580747927965582
0.8120545236508286
0.37780106931158597
0.8377611663515595
0.0871122766176882
0.3201879272095167
0.7140207907619137
0.34150604233737264
0.6946655012753943
0.10204921569555517
0.49826957058995996
0.40929286155196903
0.2993363468380906
0.7471135385243829
0.6455775905094164
0.5976718893150182
0.14909128638475144
0.413924658209374
0.8358304416448948
0.17473296086878193
0.4192761195326552
0.44760132302515765
0.34202578525724087
0.49182372752395104
0.36555588747049994
0.5546184978957903
0.7946363825634718
0.44762778690123434
0.24713562036629222
0.469686078171438
0.22085602618718247
0.14188556038895864
0.5215823540185119
0.5264900814000242
0.15846761111181074
0.07595620054548018
0.33440930555328996
0.7331294920321858
0.853432565282091
0.8277793884398642
0.36765652468896753
0.14107213231885843
0.7197804740508978
0.404941983359673
0.7884385359985486
0.1540918208441823
0.44944098510252883
0.5032909512548139
0.7019379045076781
0.8341990168210814
0.6439139397290362
0.19231813429936043
0.04258170110745457
0.7337141957127332
0.31772670822012916
0.815909457754088
0.1544635131142284
0.48463407562134597
0.4773126065155007
0.5177560239470217
0.4416676929466729
0.5296018557191149
0.8082210857399436
0.5116080328495782
0.5575172692845346
0.13597275827441574
0.43527486660229414
0.6702020574831828
0.8599459517766489
0.2683843176080125
0.5164015063917841
0.7431122259066206
0.4143940375464817
0.43931553005058016
0.6407233918528773
0.9293038297346069
0.561716356580659
0.5869454929678037
0.03454513276086386
0.8085568451053936
0.929878599603674
0.47201516758766315
0.7015154404836847
0.3594230948421672
0.38315772335923
0.3883161267228849
0.014020837258778304
0.5175178578342496
0.4841517445485409
0.7674319199106261
0.39606064233925176
0.729119977811118
0.49794328158915907
0.27607920916741313
0.7786470668373999
0.33356349649712735
0.635176159271552
0.4582751879413406
0.37824672246606805
0.6249750989942413
0.2605385770725587
0.08528060670234985
0.5094244359582688
0.30405861448716354
0.5245955023106408
0.7468659801631934
0.7093040871299545
0.6162802342843077
0.9081181038429361
0.10043912214101651
0.15519107582149075
0.8408208347534494
0.3975230706648737
0.4925773243697712
0.35183825385953954
0.06299453075514798
0.45048412348665884
0.07943788936503224
0.26027175044936673
0.2405501708281896
0.6006564776338404
0.1306483234954492
0.744300561090866
0.46907390820169415
0.6787627391754836
0.587212174874803
0.4467700960552843
0.6856620800174459
0.850781298691298
0.8198122997867033
0.24453961423842052
0.563469963972395
0.07156246383542221
0.23071111265489985
0.41304470795545956
0.19619220133163326
0.8375389522335771
0.32875013156298466
0.612909174175635
0.3470818908462356
0.8892137470533914
0.4204208447709148
0.5552061350024585
0.7803207863835768
0.10394981970943053
0.1517268859793708
0.5036955648398719
0.8650199974553229
0.5906229501555891
0.29364215902785995
0.5084927879589879
0.08446103593431634
0.16991288260522627
0.7489205212324819
0.376907722092466
0.5262612589332314
0.4104425775049897
0.16078973220817255
0.43375716148965304
0.7200824945836823
0.40652812285046813
0.48509596562505575
0.5804252703564005
0.29443857095277837
0.8576888474230683
0.48524026315681185
0.7283562087918949
0.17395564327951424
0.16720751559188782
0.3285407806410747
0.2055341459368585
0.8662197293742177
0.40256459873304845
0.5986605023103323
0.5226490016109065
0.0654717882967835
0.5170013311195337
0.08057305753283825
0.6215251870662502
0.48808482265306674
0.8942584258373091
0.6996738665799697
0.9369090445565464
0.9189184680169494
0.5773671464206543
0.8587016484269774
0.6063085554152685
0.6784288297061327
0.7198009623814644
0.7308177067037894
0.44089481558618626
0.5460932859919346
0.6205320691186943
0.060561627339401625
0.29989826754882576
0.3918674951768226
0.2743436737497239
0.6275875180563036
0.9394506369335853
0.334963030051849
0.900922155121245
0.27198042221511376
0.30243748276777005
0.3435189618975057
0.6377533385392988
0.7301290642580374
0.7136987208970527
0.8257314047399371
0.9129446131756646
0.22801056114787616
0.21132907456594985
0.5322893721602845
0.5984360168067139
0.4777156068799764
0.09110741979641183
0.16603175635999573
0.7510395524857352
0.7130689135562802
0.5888688382220103
0.6808475936804751
0.46279523741677375
0.23696181212605405
0.6981150683327975
0.8307634743412362
0.5764682991008307
0.5746743705946451
0.6186851210856691
0.0817890919016121
0.1697654573195212
0.5973016612262476
0.5470464524720116
0.8077143212935668
0.8045943088530843
0.549337350386503
0.32740785736803574
0.6921372058751614
0.6955404709386029
0.4492848634215509
0.5607944812557325
0.33686224806046156
0.7290273522389823
0.38911292231884664
0.6371595243834652
0.6069471309340085
0.32852516417824323
0.02753314740448722
0.03674201192243905
0.5269951057320593
0.01924686836994632
0.7724786998340717
0.6538798755858305
0.7695036985528507
0.14575391380571676
0.5707310072917076
0.7970155650498447
0.0660806794352561
0.352413526706276
0.27681869771715806
0.32948421550150014
0.3943975276732456
0.7600647339536185
0.45058459056820027
0.8202943037099348
0.48257272098573384
0.37456113179695527
0.18915139402635597
0.5097867808953216
0.4687372184284544
0.17562297679813893
0.4918493877203268
0.7205551971456818
0.02223165073705822
0.6022506591891321
0.5609962091543009
0.4200722012749793
0.41254047277888245
0.427415781968227
0.46013861920750665
0.40992787073397025
0.23956529724151662
0.42174214808081917
0.25797930432738875
0.10672586997794604
0.3192264641674872
0.47850323506719394
0.7888657632434906
0.5812349247262637
0.7583678519876996
0.11616406861488313
0.5235269342598372
0.5398101526556717
0.8796500884831369
0.8176098720775246
0.28919748850738297
0.25566879925235725
0.14129261165311935
0.3088906018854707
0.2988069501324178
0.0943805676180893
0.31202773541523326
0.5488020702165352
0.5028039107498257
0.5873132317213607
0.44848681794014045
0.6543546738269803
0.8092721679292864
0.34226605176279923
0.7985908126970677
0.5141061622300049
0.06561403775397058
0.40114566286536435
0.11263331361828069
0.40538607981332797
0.5207796344834369
0.7763314012262497
0.5480566271737521
0.5705017753659964
0.2727246344375109
0.20306624526143333
0.673648541363461
0.8254313743718584
0.5039547845974006
0.8274501787931604
0.9405552219958759
0.08236491818311165
0.10442649688444708
0.32798228411589564
0.6347347702763116
0.2463349279200875
0.43962930373251735
0.6072935588658936
0.5569498721739279
0.08228770657049306
0.6282199195580535
0.6198315967462816
0.5175864584750857
0.14521533672001863
0.11485300251929051
0.7729164010736489
0.17098171452029115
0.3495859378883681
0.11001307671459178
0.18017252875278486
0.5414799813455
0.6794986380579054
0.7129237554614005
0.920692248273783
0.5077205981327934
0.6676749466488834
0.5195757572287238
0.5863887767470084
0.7492590553374099
0.45770488204816434
0.4897420093079852
0.8880543085582355
0.7809764463046056
0.3081958380675478
0.7128840652492475
0.6430634996587827
0.49744858748778487
0.7926053449103097
0.28390297241318546
0.5211666342366077
0.7294564100864835
0.2627428052051983
0.8135398124389448
0.7783986212213593
0.6170223205074837
0.7630512657235734
0.6752649608686341
0.8060184958462296
0.13899613477138498
0.3407057826420897
0.6913367783918315
0.36034888414956334
0.11906197524039551
0.29571561891628273
0.06767358968746855
0.03899954667211973
0.5189489945250558
0.29504975174901676
0.44580399435988766
0.8885600772663159
0.5289324341430911
0.9018567448503992
0.4737897440310384
0.31075347449797375
0.330846107111943
0.42472870359764164
0.09484285638769285
0.17500029297898312
0.17165281971444474
0.3011396861033802
0.23818201668162256
0.06503931050548618
0.24307684006956687
0.17838194520193792
0.7946515276719959
0.3335844480654018
0.13089807003195747
0.2841232449123867
0.6907342448359535
0.6404374469812916
0.7836779620195631
0.28017765786761895
0.8195957431305362
0.0005574475873589835
0.3865069407335365
0.6057681662671117
0.4288967462274604
0.08838754227675207
0.04130637075684232
0.2282398263415086
0.4404514108821592
0.1326721037615321
0.3960580061668627
0.7593841517230635
0.6597748797211795
0.30351371963687174
0.8348499089351056
0.7281606778596263
0.33974938791946946
0.6643490863644453
0.5743863153877636
0.7540328963242716
0.22471628768728308
0.5896524381013498
0.77531481494517
0.583312939191193
0.8284172265872731
0.8141369627635069
0.20420588031668255
0.7974052177042451
0.48883856855100094
0.31473527013445285
0.1246402400545197
0.8405859831277664
0.48385864784337984
0.5013643738664816
0.6043890580469663
0.33340239337446953
0.25696791085967613
0.9101706606630672
0.19765531184653146
0.6322692410561469
0.32854696469926875
0.626146538824524
0.7159766911621298
0.8501249226280554
0.06804265393917852
0.08600098416452624
0.23343480093695101
0.19699014655058983
0.48746875762251773
0.30921094302824237
0.4469713012966666
0.5903628575198465
0.11259455789166173
0.6013671388437818
0.7689253537942341
0.5096199904958111
0.4888942353396259
0.033188074769189786
0.5219191411997315
0.8403948560703276
0.5430000304431137
0.43526748838445006
0.6878520103307714
0.8033103638877016
0.1673422819244992
0.6974097746653279
0.33042986450778
0.5492841688935741
0.7900644811346799
0.692858569582255
0.08107494364492852
0.04990022302583961
0.4967443465804458
0.6591496131936017
0.7183730609322807
0.3306529973477806
0.6769737138958739
0.38472751580867304
0.7717757018004392
0.25679495482156545
0.568079391807042
0.1300580915349322
0.3086683014873101
0.5339482057664325
0.5034294897049616
0.08959770146181364
0.7463441755975042
0.7052547343732493
0.07377948836564227
0.6881017429511058
0.7259772123165099
0.29129871733006146
0.4367252773017545
0.16734033881971522
0.7781694124774353
0.49160158572436286
0.11226329727372054
0.17360449089240643
0.5999036274433591
0.6548427358556899
0.8126287356171712
0.39735358723779457
0.4605760796581159
0.24082600996583917
0.22366047880299733
0.7237017793837163
0.4972688245974458
0.6814719335347094
0.17535988837715774
0.3325681737269004
0.726373426062336
0.6668080441840764
0.49750405018934657
0.4746462852750891
0.7298904629016503
0.796538275714423
0.5240472427045733
0.7929504279262763
0.6208648542490006
0.23370512159803197
0.11459979645529392
0.4859357588774411
0.025392521786543554
0.5335676876905358
0.5207165326507578
0.27999736810516473
0.4593315104760179
0.402459195028951
0.851889431700534
0.7816078195721595
0.3083360278055078
0.6375509758027199
0.7394021388303968
0.1478350292743823
0.7049539537324123
0.6131110373255524
0.07212761204453655
0.41173859977561217
0.35225030526872286
0.46888851660684755
0.5437572555402848
0.6333603818143713
0.5703411040165471
0.5202407778399927
0.4871561128345159
0.5333565413369971
0.48103545593787045
0.37583571734480165
0.6678798638947461
0.7798862113773394
0.05264811025559515
0.36385544674258496
0.6136951310535507
0.2797809315383317
0.8889936241850459
0.46558452836904635
0.6662384956298602
0.5663036990584773
0.03617668171446458
0.5375917602007672
0.4428525911999413
0.5956086461175135
0.042121159096652865
0.5788027917710128
0.1852432722535099
0.5972161869170943
0.324958104470224
0.29373616481016074
0.45879693736880317
0.3581072033080213
0.10648308414926609
0.10157915693466613
0.39701595658687594
0.09499720958453285
0.18861118776196087
0.3402245371690721
0.5425632065498611
0.8413660574109664
0.681300762671404
0.02318722214477256
0.3420564270233779
0.7298761251339991
0.4683107931133314
0.6294278682466445
0.7425225606216062
0.749654994880479
0.7262141403090038
0.5212222812686133
0.18980804664431947
0.22884615104633335
0.19664578004802635
0.5497842082797347
0.44305413153552964
0.41427846154160464
0.5080696265222462
0.7436990070229137
0.4112466880121841
0.44888368697561576
0.2617406546804408
0.7620847633436748
0.6012343451985296
0.4835203226295283
0.31701595410209016
0.038349549797931134
0.3702903182409615
0.37032238913465
0.32225260849539544
0.27474717648644303
0.7344930269572069
0.3111755415466972
0.5014001900547674
0.9151393475975145
0.4244090147409418
0.7411704400019962
0.7900353723430475
0.34172806334948314
0.3076412995766233
0.6128571903649468
0.023183620523257783
0.43533145198298495
0.15153569067852296
0.3676490862833218
0.9239561410525255
0.5352679034813129
0.6423153327568303
0.7650020483264143
0.5110153884365362
0.5765639275191283
0.8022465816424548
0.47133636626251135
0.42196302331843805
0.9427097238539416
0.42009889178544696
0.7159488087111389
0.54591841163181
0.9315782458086135
0.18704195486254693
0.41927807995111405
0.4713886150315652
0.7215188631789278
0.36660136211121525
0.6264710628014124
0.24024274665189643
0.9514946945867259
0.6092250211613692
0.5514847828190009
0.7767213117935243
0.449374993146597
0.850115546931325
0.12886757648216102
0.5578140999920126
0.07949031126904793
0.0023421200945343357
0.8124139874983283
0.5417057320011417
0.5950363987823732
0.5065358676974786
0.5905554912367388
0.36128628879636504
0.8981897122819574
0.5204418111349473
0.4733769497298904
0.4946005795127469
0.3872203725394229
0.5161705952630258
0.6450664054630175
0.18962968632617133
0.27288676269852497
0.7125710610465139
0.8628884789852594
0.1760427074421201
0.582088384890742
0.42856332286004256
0.6083826748068417
0.17136662882115242
0.6870221763995046
0.48918879699022016
0.07122699539654777
0.44371274977436453
0.8056890105468523
0.5914392728924744
0.3175269935991076
0.4121201943853577
0.8572429018195012
0.16401391807897023
0.7303046397665683
0.26782537656223304
0.6615201257416319
0.5234980650350706
0.21585015456415038
0.2876639772734322
0.5689696944739239
0.2941196110711534
0.6295729379572075
0.17991624353953237
0.35786896627308934
0.600966175888582
0.8421796730106829
0.8111799439968782
0.414528628524703
0.5427071981427415
0.1850520081489614
0.8713384572830137
0.811155476807283
0.7126391091629353
0.552400859280434
0.4274217211891045
0.8731013454252834
0.8513196504181726
0.6106364645605005
0.6314723084808443
0.3024590588807164
0.4385969691666213
0.3660066002511064
0.29410080262616495
0.4128395620634242
0.8541926973884193
0.8088126024719229
0.9286441929614084
0.1814728799718167
0.6476325939777015
0.6512976382160426
0.6503019955631932
0.40676248002469306
0.5455823677807538
0.9240148635223948
0.3274070860145196
0.06981560933843632
0.21775025223964328
0.22173265046186771
0.7515340163460338
0.768489035011651
0.4611089188999954
0.3198138910027877
0.3499502686761258
0.5851138931899912
0.08464416783515731
0.8605245233038573
0.8838636298767784
0.13176344772881543
0.7608927311765189
0.5843813277679699
0.10219119567691706
0.45843058563970035
0.8578077033193428
0.8756352264925201
0.31130513349657146
0.4730535489852449
0.4506788649985845
0.42799325914340997
0.388478396162345
0.2927171555474028
0.7134698686571815
0.431065601488018
0.678235380665096
0.27681869771715806
0.4620535641206021
0.3014635095439001
0.5814757933672752
0.6768579177698986
0.2779312688339399
0.08909412690396666
0.5134925500035823
0.40492935468867974
0.8041013265447453
0.7690785588450318
0.4896196173908658
0.6524159364186218
0.3432789173362045
0.7156585887055874
0.4211150574782014
0.24528304297584191
0.8287227275764905
0.6161020938011559
0.866024623711919
0.517953292855405
0.8576545319515243
0.3753330620627197
0.5157277122715954
0.7856300398862587
0.29869834515019544
0.7807827688215423
0.6708754313352223
0.8549188727745689
0.31335340004304957
0.6296054413918538
0.9207558214992871
0.3973781624943895
0.5250665281350076
0.43930690758743995
0.06141135807378803
0.3004350005532128
0.7415055078841
0.5451833719055679
0.35393682155397715
0.4032415475668594
0.17306925807127604
0.24472070905311916
0.7889752431689333
0.7566320452347994
0.08534878833700024
0.4711940252622925
0.7844516019417974
0.11257745975628859
0.491382421134259
0.5761324993947315
0.7811193159713266
0.8366135557188428
0.542853391078804
0.7135244574607794
0.4362071645161235
0.7220326911442169
0.6850894468965512
0.660808510263695
0.04442793851323862
0.6578585522312068
0.23739915549489524
0.832471610346084
0.6016820338607888
0.2889613002239929
0.33894085923001627
0.6213067390061984
0.6331893433837328
0.5126599499819545
0.2746779118404981
0.1394901209518819
0.6409673504343447
0.6188915966260329
0.6458437423451463
0.2852619829750169
0.25608411463058245
0.1901836929599453
0.4374775685254027
0.6886911726954059
0.8428869377288036
0.5563439442047794
0.9121295687061763
0.012110688595223296
0.2753103114286791
0.7222211843263816
0.3367093091478798
0.6704732364503303
0.7276263746255974
0.9543156488674888
0.5030861857181732
0.25782985285698434
0.7426615446467711
0.32579187196270143
0.7462804335123058
0.5423567546306799
0.10270281837277453
0.33192152497641875
0.4239742020689259
0.715446607661822
0.3811891708561197
0.4574138057566281
0.33452168494424456
0.4496031721750545
0.12215459026763467
0.41226459120372355
0.5996270505228342
0.41926458665163524
0.2530219214424963
0.18686648741131975
0.36740995049876424
0.46677387712344875
0.7106195550055707
0.5130097501327221
0.4072969420775725
0.5354607840353448
0.4129785288803864
0.7367801671732218
0.6157901740465773
0.26291929652342283
0.6408254832857966
0.5206289283358935
0.7720854119116953
0.44598734041739374
0.07104191559339458
0.6819026496006142
0.5051799878682616
0.8717904359778155
0.25308232032496547
0.16176035206289302
0.8592637529463003
0.7578156418070147
0.46462154327440247
0.28882409526755687
0.5024095597636901
0.08682358014774867
0.11251023620893644
0.19982153332669714
0.4336229050399271
0.1681350351014968
0.23599362680652902
0.7704475229448162
0.4809425441503262
0.7430658691703834
0.6502042432658426
0.39569995993406415
0.7339854426053156
0.7248727818200411
0.8564217299879544
0.668607933905304
0.8867263582223205
0.13358267002695076
0.3218301998055858
0.5598819761543552
0.4917273649021256
0.6195261528543252
0.28678747552510425
0.01784379295856962
0.7652157734745304
0.6420230777549689
0.6698217445394515
0.49451217456101315
0.37444239774938304
0.8305596736938856
0.8394776140746991
0.6792853439161258
0.36244908780291035
0.8223000162048341
0.28187168985444966
0.21429599037060468
0.2763746449490341
0.0606944828935109
0.3392300531599807
0.8979305388506171
0.8888317808348541
0.7800613818339257
0.8049686110950384
0.1160062473055461
0.03668195386297069
0.33995026577688603
0.7871403199065896
0.29504000968228805
0.2608994778805222
0.6316824931438899
0.7116160678440192
0.45101580257366153
0.6207449652177163
0.07479414051290001
0.07851898898366838
0.09387090149472871
0.24810640917652516
0.38752379482857047
0.27562055272074504
0.894122060929901
0.578325018583949
0.5226642092954373
0.7409253787359469
0.8540863940950714
0.6927887363454768
0.2573933178540178
0.529703245211672
0.10804820400337026
0.6755313865474367
0.5789852767395065
0.7231913373786599
0.18716331282331042
0.16505385282023324
0.5222069264590745
0.4016720847490477
0.2420393764759667
0.3971890053657292
0.7033391698530439
0.043924314623518444
0.6221550532215164
0.7840724525593591
0.20659255185110126
0.9398376889893655
0.7820285671224741
0.6605072868005014
0.8352745440673478
0.3811528695789902
0.16196101257296489
0.36143459998302613
0.2847368755134342
0.7567234523022142
0.3772076175882224
0.7651030189098672
0.4554812919242964
0.056528517123963146
0.6870221763995046
0.15457927190722615
0.5403419660619379
0.6815212990230729
0.4110576802816517
0.08939248170478993
0.48169061435316585
0.4853497350504973
0.6622120522367725
0.9015622942202456
0.3613724313485806
0.32795607194799925
0.38384823110726946
0.5181009401008457
0.07343198737953716
0.4565092316330217
0.6933570643606819
0.8973340440610404
0.3350327369533888
0.5796689117586576
0.46050073713346973
0.4857377077593676
0.13760616805297426
0.24293505540071814
0.6480588970648311
0.39920235120446423
0.2999199148139356
0.8860845832064285
0.4504684010560523
0.9067669006222889
0.17540515170379997
0.5022354086012012
0.1354919950329982
0.563591814852062
0.2547489999409443
0.39251966255587495
0.5323179401412944
0.5290646696066329
0.0014940875669332918
0.3643380105758586
0.3815445396254262
0.6718824153116464
0.8913028459058565
0.8995396139757785
0.5869530616082513
0.721591109139575
0.4168257044177729
0.13309843844584254
0.5308673090836825
0.19032159511133218
0.7964383477167559
0.18785043653498426
0.5696345102743454
0.9143207949509518
0.888381105727798
0.8970021623153327
0.32612668671353034
0.8921613735209258
0.2628583097728868
0.1859654764091459
0.4348778847605761
0.6605852491377266
0.8426186704497021
0.7404862469006049
0.4142112280001267
0.06622714539416892
0.10361469490408548
0.08170868720187148
0.2946565286056038
0.5048696645776202
0.8804266603374254
0.5958156189699415
0.24177084202474985
0.22626573832208105
0.5883700143006053
0.8697482177731726
0.2754879197679392
0.09630409084434505
0.7429676886024313
0.5835417149803096
0.6134280952433044
0.5161140351855251
0.7746845550814964
0.47644046034583837
0.5689226645419431
0.29764210394733537
0.42619406666236415
0.1402534029041108
0.40319161237964635
0.7914796631704634
0.5210736338283262
0.6410719917633291
0.4823406293809472
0.5098030118638462
0.2746779118404981
0.33208301814944724
0.5144244561708946
0.5080393436042834
0.6740627988607613
0.5911328733844428
0.8007348768887588
0.2508793697822205
0.660840547413666
0.26814063273381694
0.8021745584070782
0.21659611752213442
0.2909398878505269
0.14186390204583357
0.681341138065115
0.839360967326534
0.08573903444115963
0.34365785659923165
0.6876130545737955
0.42725505199232666
0.38928965970889323
0.22187306010979665
0.7000961162460893
0.35288537386093505
0.3183860233455904
0.8991947555322933
0.4650411144568091
0.3098363511809583
0.5568710964024951
0.2766894200403936
0.06001165565417938
0.4715312757519029
0.7767135328599168
0.6160670497428399
0.8110734332815199
0.39537669972330797
0.5986373423085629
0.5075749281344083
0.33924537727784115
0.19425961574164521
0.8804881779328955
0.18872174312753948
0.41070210866771506
0.648293182311938
0.7104856980555432
0.7289200094871359
0.002291815245817612
0.6554372360591866
0.7213896791743558
0.36006960060619064
0.5867602743862317
0.8679641054517491
0.18796072829037305
0.489595508199378
0.4334821264813361
0.7032899252505642
0.05165025128958988
0.35603769583031125
0.7232972919662106
0.10419473621419609
0.7263325441383566
0.7209338239172818
0.4284042094191983
0.5934940272941943
0.7813179286515143
0.6304394198283056
0.8992915850918922
0.26606835243466614
0.2744481542071731
0.034908968843654235
0.6326321555917175
0.735342084276419
0.2878576929874704
0.29757930940141586
0.5577747819005371
0.7575629221741342
0.13045412994637934
0.019640536607573138
0.01306513181012542
0.36268939000001604
0.33729082687321754
0.5170337431731957
0.7013571103755156
0.11958304043856278
0.6782527507903324
0.133630522912098
0.5229120231379234
0.7418773489076377
0.638002547273029
0.8153817800792534
0.6094722268800271
0.8906527055221002
0.06988606754617673
0.09346433456164746
0.7956023908014807
0.40288481264869874
0.20381135931981098
0.6898794359850154
0.47680111870574604
0.7632019347900154
0.6606562708488531
0.3751877714214662
0.31872573532114157
0.40126757315499373
0.4935388931865815
0.2554744943667722
0.5944343508948275
0.5241240380219139
0.34785341751842574
0.6332226612057903
0.8956953792408165
0.10928215765891595
0.8836967916004754
0.5813473799459833
0.7373566424742953
0.4421655969475463
0.9708049160874372
0.5447599738923161
0.4662181608633061
0.0136192496424549
0.4436945784805142
0.5602990881303839
0.26012864871628333
0.7844000713677066
0.7973946536668689
0.7392420783887043
0.5388156570577521
0.3460669173548381
0.37876611579621416
0.4135999521244078
0.5679459532015979
0.08107494364492852
0.06463378368038203
0.6881301467333654
0.4473889254928867
0.7119019890779661
0.6737224596445698
0.5020493867186578
0.9198384753877943
0.24478704699985332
0.6206979384725285
0.8182342382176293
0.2343029388499179
0.8370652824892979
0.5429588945355779
0.800478414037938
0.7585770521336207
0.402301857074242
0.6091468585175611
0.10812696342603166
0.03686889088234231
0.8109344343548698
0.47625209873829616
0.6423983510270928
0.6007060846960116
0.3631670538385323
0.18351435761376886
0.19288743651685356
0.4969077716213568
0.6491559768910773
0.017472561049940393
0.21010200056891118
0.6255003722505821
0.2542493131683116
0.8089899630376023
0.25950309229207585
0.19454976735465088
0.21082313739804767
0.46796132350635855
0.6512280656481824
0.02408076919444104
0.4238270191820213
0.2489118196769531
0.46503814746551886
0.012420175987326832
0.07233971065473045
0.751786136149984
0.8402842848044901
0.7032039559782283
0.882971759179259
0.4927255542709702
0.39497155814537355
0.32747943148193676
0.9001408874332812
0.9331642823249772
0.9100677482447906
0.31959464878019966
0.2853794108706793
0.6841567991057546
0.0968324184809413
0.9161765872961042
0.27982623894703856
0.1809435999506369
0.3649465665612931
0.23087994795760886
0.7557300312747738
0.5707854331531198
0.6357178820343712
0.8336485937024035
0.14719633751417166
0.8129600891742994
0.533092844219105
0.14819691972308405
0.7894044863699801
0.9364815211048949
0.6666647206672933
0.742081447037905
0.46423018613956957
0.10277457993425532
0.5900804411702403
0.16467858478928143
0.9012478365795591
0.06479357683214745
0.3306291892347783
0.2048290508454124
0.42869206476850924
0.48401780218070145
0.19804350803171733
0.8318389187441162
0.278246608327744
0.858945957847389
0.44542751020889393
0.045982474606230395
0.5411083321810642
0.4240896460466709
0.6235169203107789
0.2866158887539192
0.28267897389422136
0.012708978020304892
0.5823583112326193
0.48608348903964693
0.3538857792056966
0.5091417597221864
0.26941385083945546
0.4306168718418745
0.2107971886588898
0.17835661139230438
0.36298883416919536
0.31804522068671126
0.4422402560398454
0.834801961484153
0.4646326606937943
0.5962890977251846
0.6754898338429995
0.6377324780193668
0.5736464028882869
0.3781821376366811
0.7006796675698479
0.5536786970680314
0.684291048861677
0.16762032716744998
0.2165983046418884
0.29665589113790974
0.43601169906720133
0.6614517642667458
0.613172825617032
0.4665137929381319
0.49959422381766333
0.15662712172266408
0.4363354856801876
0.5876167865695416
0.5690215989442963
0.18439330716223493
0.2099698511369688
0.8198580781626396
0.25423936034100497
0.46522754250284387
0.9475783675173645
0.18826217189457736
0.4106529621590852
0.6106653506425754
0.5339276515604731
0.5487006917092091
0.22449310758271557
0.5700327555778862
0.3336763318003361
0.7745369774159515
0.059620128490410054
0.713920021203434
0.3653677854970039
0.7023490165642764
0.2697094471997209
0.644274924057738
0.3246383223304731
0.4088508415199324
0.8704632976186396
0.2917410134283001
0.8281136475249156
0.7150098214874577
0.4681347287881487
0.24720205864345707
0.9198534746157172
0.12602961081993677
0.05485903075458537
0.696197927360075
0.44349448843416506
0.47551998752980734
0.5097620146645216
0.38708247935056
0.8471168401640005
0.5182881041316597
0.19152270305717609
0.4730854045517551
0.24040097775905445
0.31615829861337097
0.3118900086727317
0.690889874284736
0.19442645051171717
0.9490830537257482
0.07304005584453215
0.31932157291761526
0.3948929490656493
0.5075812892337206
0.41267357659689685
0.07958492240065133
0.6339489523923779
0.4936258420101812
0.9147346421652558
0.07472996566950675
0.27380031765948143
0.5823831270496054
0.3966530429529419
0.39696758771091617
0.6705963951688634
0.29826960111360884
0.5589866079717212
0.4991533674209683
0.45842256606684156
0.3275617482366319
0.4084149868584703
0.21660824330984463
0.09946289041405473
0.6407674580541829
0.8054822751691141
0.7920007781847556
0.13092715003543728
0.590910541214171
0.47295518196979613
0.5780885442333549
0.6681675568592803
0.19712505022478607
0.3176828399655886
0.43213852932856667
0.1397847160204806
0.869420351777982
0.8290002081208088
0.6076881125951525
0.7280215362182029
0.603804162359694
0.3342794322514877
0.3622582010187457
0.8822316807623883
0.3590006359259651
0.22083832499451567
0.7394111616679853
0.4490690447919453
0.1422288802893475
0.5790797123410623
0.3353354556211961
0.3720671377593915
0.3505000775328332
0.737110775930156
0.727810997873753
0.7174446177735169
0.8238925770747816
0.7140424283378876
0.6823657621603333
0.8669345454213174
0.33774075216205074
0.600992257172561
0.6325147187076238
0.46153157741634454
0.6392837058468508
0.5888869772978319
0.814716201682552
0.3508966543186858
0.6094121621409103
0.8147957171419467
0.413283612358906
0.06025434455356101
0.15136277617601598
0.4353727047387841
0.6099929706126117
0.5643084906455496
0.5353067919254727
0.46309051216427777
0.6335110971506774
0.6669213160170492
0.22980072646733626
0.13140218851366897
0.5558171259940308
0.49855012930805853
0.5025233997734186
0.44246341303465964
0.12694332349868515
0.8368720268013777
0.7713748564955423
0.7785768104521885
0.030715812450896603
0.2733916609245071
0.2819636191904277
