0.5238929836979669
0.529392224444771
0.48208642017666414
0.15331838797981384
0.3049719452743915
0.8951152780284397
0.477184574513432
0.37707666050146493
0.45683641153998633
0.6880098734389771
0.8333737569906741
0.4843785548370204
0.4125120139993299
0.2839220652350172
0.16396265378389108
0.29022467663241747
0.2533940077218049
0.8048550775301793
0.08725552512948535
0.028491153457273086
0.4427828935320662
0.6772403091312801
0.29032300700191693
0.14562320671669982
0.3141473499163317
0.8998774990188779
0.20988887181511856
0.43771290514819433
0.5578037929573624
0.618173798809952
0.29734282196184836
0.8619018901454388
0.45051376805998244
0.20166840924563256
0.8495932189110774
0.5281885307502635
0.08091913978707847
0.8580754738820707
0.185177968293429
0.2419115425275741
0.9078508325570348
0.2041324039757943
0.5660113476469566
0.5875672949080838
0.7983610652778392
0.7956405692839378
0.3428255281894263
0.8921478284314925
0.894402892764008
0.1788240073303463
0.17240982729075033
0.5209652175259318
0.9406439770076389
0.7160453823468419
0.8728654102818019
0.17238860271112683
0.2875449932661829
0.695380370663285
0.6544185951300214
0.4458014500215342
0.17045995667556518
0.4196754835708443
0.8879290888461079
0.7083739255549758
0.7305562845164417
0.2238875539662929
0.33590592754559606
0.8037581422686375
0.41144737536004483
0.20484234138966245
0.2878999353140979
0.5562118629652
0.028665435211861028
0.48629083632674386
0.9069066815910093
0.5625102793367341
0.45066744799714226
0.920905955135546
0.791704725616357
0.4896790075992631
0.9121247733699401
0.5206998141690529
0.704560247231062
0.49407567736097335
0.23186723920257538
0.718701142560889
0.09732612660273275
0.21325410019285193
0.4233609434984841
0.6867053473780003
0.12466559151791508
0.49015854606160414
0.4362024078838902
0.42200594743890835
0.7774812474298216
0.9016742246323046
0.32520518003594295
0.2672561310541248
0.3845128819717667
0.3202766707782713
0.015683199522674166
0.2328707818995387
0.0759010137966145
0.5601994843245434
0.07828369153854074
0.7619544249520457
0.3127983045889817
0.4894180777286762
0.47460658235632763
0.8668146261216018
0.74421417241399
0.7048131400331675
0.5720613227878888
0.3404011731107159
0.3277913772285814
0.3341885389814774
0.44486147435258555
0.08855874410382328
0.6825351973394226
0.04256614334030917
0.4085099794245759
0.3691254547863583
0.8912489137382423
0.570180064126474
0.361892575925773
0.46823245823700177
0.24959300453845687
0.5656400130387281
0.14965169552890922
0.775335204173266
0.36768690502892465
0.498848171363185
0.5383717611923237
0.6588046397260127
0.12589530572784596
0.8687535376597473
0.37247474625993243
0.2164563369911499
0.7269855322935016
0.28991059056211665
0.6532229119885483
0.706753157483239
0.8669038071892792
0.44762396209365846
0.2949760225536817
0.8602566617910636
0.5916998820048864
0.3988767363068788
0.13969588131044233
0.5829844335252422
0.779853620337331
0.26674866455879126
0.39475253472085753
0.8621305001167878
0.26978594161233616
0.45210737541037077
0.22959202173534082
0.5097116137715751
0.3047950002188678
0.21213541980720793
0.41531743084775563
0.0808808173847234
0.29822996127270507
0.7689207942653074
0.333345411053064
0.40593674984252265
0.5009863912465452
0.6172435049465659
0.03582104198173134
0.5718503465336168
0.47202882298962817
0.5603061003993085
0.6144502890868905
0.39649384567573254
0.8147723026596938
0.4727996678912358
0.6110529644956686
0.3272789361536132
0.6493447252905772
0.9223726853676036
0.2588497954726382
0.4145643780473072
0.4414101020672221
0.697457979404381
0.3757125771743071
0.7832938709969349
0.40742243328977323
0.7403844922165594
0.8968250936520554
0.2980555912990687
0.5052374799580674
0.15814366383653797
0.09619284282065693
0.0948471244199987
0.5341814302847039
0.6178796005333718
0.17168738734565192
0.1547123534433252
0.4088736374132163
0.5278066011371446
0.1653155119592223
0.6181849185343137
0.9123807308658834
0.4353505399648592
0.6247324330786265
0.7771684675950487
0.227955630472353
0.36878215876330683
0.24757510777786348
0.34155204315966947
0.29355424443012224
0.8368512642321032
0.6960097830347037
0.2973943680204497
0.9125147786372289
0.46517105295471156
0.293456034461379
0.1436153962521224
0.3653965164207432
0.8106438097427593
0.8589611124394496
0.6171234199278355
0.32875982174782753
0.48482707441491796
0.5900931829618182
0.5815017260895041
0.19859030780165227
0.4337054982971251
0.15723610203363886
0.9100835711817741
0.706016967632185
0.7251500739663216
0.8243980069184126
0.4947466510414565
0.7961554884282822
0.4160307321164264
0.695432705556183
0.011450549553634476
0.16987001831894163
0.31859697338197523
0.6685550212337623
0.4913103757135457
0.6660797520298822
0.13796972564294596
0.006493703806884099
0.8501751736469136
0.6261470215432093
0.10092598867317283
0.5192719460506076
0.5938466900938187
0.4506296422282501
0.8357642068518113
0.08853545302676911
0.535909192832871
0.16275903068039807
0.7161753135600811
0.3074758363630824
0.12385662483505844
0.6552264882101267
0.8355515432053545
0.3262381399018025
0.3096272673995912
0.27599751463296407
0.8248065192020128
0.7128999413891458
0.5966393179502653
0.8206458095692851
0.07479801538828558
0.14872658957089469
0.15894881046868065
0.35101966263103174
0.7942623884670039
0.424059248713262
0.45519924326360867
0.15099292873925713
0.8962261602715828
0.23948022022392046
0.44665031146482087
0.31691386185743103
0.5647837136512135
0.31550173684340604
0.6563082187383463
0.5944396696197727
0.32143318980490754
0.84111803202194
0.49369966669765264
0.49441296620216246
0.48100531793513535
0.31529638356920847
0.777096895693362
0.7782067036717151
0.7235912614414569
0.5081752172009019
0.7529646858136948
0.6566212445991116
0.3387015231367955
0.13664261381969656
0.20746459903988013
0.45007041466765707
0.8594589634342008
0.8980545754691716
0.6204119222657981
0.7221457282911394
0.4985968597206434
0.861011527917418
0.18735062181915405
0.3868853433609382
0.2363226691471662
0.7251323915832567
0.07017366061716895
0.017151779644477547
0.3689433890386863
0.20259751771264772
0.2810346266963016
0.427338647068028
0.3706403189625117
0.5672411913973754
0.2499566387913127
0.5801868680051074
0.6938016588498698
0.1726630624821159
0.5139586990305399
0.3354678514772646
0.672929379086797
0.17117613966174677
0.9220394249256401
0.15158929444122637
0.20212422625954543
0.4622300079084531
0.25239646554237294
0.1309589010834412
0.582949969979023
0.8247707756751822
0.4747854055144834
0.37672215193831615
0.5610768369728919
0.4792377608929388
0.6213749504553034
0.7429595187204263
0.22994435889025056
0.5606979307237484
0.7631633702294124
0.5677476117165235
0.26736855367232915
0.4007287513081232
0.31362786605461257
0.5965499132824789
0.9046971156433858
0.39802446162291616
0.40037390090170466
0.8304411485148816
0.6428913199802925
0.26237316786571435
0.4740179305289605
0.4825410221352431
0.3604514550144472
0.49725173170024367
0.5179487387613314
0.5699568142968426
0.7555913377790472
0.8306926943924093
0.5869343982291524
0.35843901971801495
0.46457989028131913
0.717290613787056
0.8777335269815254
0.4198335928387076
0.3635847087097829
0.7193563506321895
0.6675153547549307
0.5665482544900178
0.6006217743749718
0.34388053632528
0.5487459185503226
0.04280317385841977
0.32558989467215904
0.055423983257874294
0.773296930904047
0.5085922626225887
0.19150397651698536
0.7808007642317416
0.4755906072657678
0.7068420358395882
0.9166208517739766
0.1419744064017089
0.09165012165741368
0.5637981295112947
0.4726111070350429
0.3411336147391388
0.5869596439772443
0.643890850449942
0.055599734530550546
0.38446767734766557
0.9521311113637801
0.21429648994546752
0.7347100634452864
0.6929385776207518
0.8881263174636225
0.19003616621391115
0.4420346639450735
0.38484412306461174
0.35943953834667575
0.7416407053936955
0.6349314152473805
0.1181022637945352
0.6142130125813983
0.4635685163717516
0.07316291020399499
0.4428120830779188
0.42260824122413526
0.47209298763743324
0.4630341228776677
0.05416866754899927
0.29688425205243557
0.8657481518473565
0.8889275714969925
0.8126303934405099
0.014510193823195534
0.6397058357138435
0.026996196453751717
0.5494252870152851
0.800494117308099
0.8098902887605025
0.7454092392002515
0.32190824067232227
0.07780230393418733
0.8140267171192342
0.6933802718974511
0.4440544607207958
0.38027322109994194
0.27661435104300514
0.6235583624831922
0.4799111121329595
0.7050314518194702
0.15821414316498594
0.24527107568378761
0.259849300012269
0.8624947780842395
0.3460530206920696
0.40016585046300557
0.5471301007859676
0.2031659109658214
0.33528949822743864
0.2962501205066039
0.23284473233034597
0.8586511144290716
0.15443179987782465
0.2361561595805086
0.7858222801986147
0.6364739360666144
0.9116912561271573
0.7539322851495133
0.5270775775354359
0.6203900732550249
0.8901215825117905
0.08531542794061286
0.5198911316401404
0.32648273780555526
0.7383810790189813
0.426963417656376
0.12157650392885339
0.3423638770574783
0.6991323565173518
0.26260261511424704
0.8990813915836013
0.5265137378044447
0.34908587938207386
0.12840104009076928
0.4208094615478032
0.687924722251274
0.6883136179874656
0.45678543191349014
0.7694661369836998
0.6485987594170564
0.7541513923486833
0.5342450188914073
0.7985885567844895
0.2969748063415739
0.6872646900424995
0.705542956762667
0.717721016775377
0.7648026553176928
0.6341866368855977
0.503855750672104
0.39338852342768243
0.7490868822989339
0.539276689597911
0.7557008409576695
0.4220129756012825
0.35877510533048335
0.4686061232268612
0.6134261371995742
0.4785804446351722
0.733597396993376
0.3318017312639235
0.36357119029302976
0.0759676283077645
0.23688040357021126
0.6576604989887901
0.7926519782661787
0.25564024916971634
0.7766264793822195
0.20938120551975373
0.24295107719059172
0.6224432110975909
0.7287975004499349
0.6160989740720149
0.13278807923649882
0.45434289158491675
0.05955540983853306
0.23806573463021408
0.8257121831675651
0.5671537314942704
0.88028783449359
0.7417509087219261
0.4196010718158115
0.26927748986138816
0.8733446439716708
0.4197151072643671
0.8513631159445467
0.5264163363699945
0.6862073649199961
0.23334584562730457
0.5597467791438877
0.6863401531688995
0.6081448206671456
0.3475581008668928
0.2358653650863081
0.8348381369751217
0.6454052227471576
0.8751178861606773
0.22453763041225658
0.5313334593094188
0.27616554136810306
0.7762411044551558
0.21325410019285193
0.6272611732020795
0.43209634856193513
0.3079571914815875
0.1759394692210952
0.5362122722760574
0.8378100183054403
0.20404026164107764
0.6520822860253336
0.23049983544766467
0.031828468964732876
0.4929661489171478
0.1463200261091392
0.4084025743771665
0.7136980325459149
0.08275690203027142
0.4743741901891338
0.6587915457535957
0.5485489279713901
0.5615746815277387
0.20716843583538605
0.10171914541607295
0.24875416424793007
0.41236180920547544
0.6821247193632837
0.10498636510023791
0.49724145305006434
0.6390017819462835
0.426512930031241
0.14383846811117573
0.7387736599408246
0.45026579265061034
0.4387948967857681
0.5976860935438278
0.6247446341735196
0.8887442513422207
0.49970132869974937
0.7790719316152731
0.5146894382288831
0.36178245017108485
0.4105707026177435
0.4301839477938401
0.5882185363987187
0.874853160117537
0.7395764110690167
0.6451371284824622
0.40260900820657364
0.5111741551519844
0.33046372901069687
0.36059040166528794
0.8260085956699939
0.07315129451532561
0.44566508910278335
0.5528073731778425
0.6120306584502848
0.8889812228920607
0.7778789735603163
0.44694571851552123
0.48274096565325125
0.546418002288191
0.5887517929940108
0.6335079618912436
0.3121882009479203
0.6732723323209227
0.1642628470962395
0.1284443229126754
0.8999275541690868
0.4447827942674564
0.8551583851106324
0.8828212760617097
0.23206382302422335
0.35541669185668173
0.49969629148667927
0.1798269335413786
0.642729244288552
0.5904638425524572
0.8959887924476627
0.8581251922042819
0.9297120060996036
0.8612975443275663
0.3402632438681779
0.356527737900921
0.5403930489940064
0.5065956870737941
0.3135209297187851
0.7209400873525766
0.6973457358447429
0.7403788061985702
0.8892550280560216
0.9253732515981634
0.6320093417583184
0.653138365995946
0.5786740481365072
0.31588989784722726
0.16159477542693604
0.7259374322059657
0.8920528434954839
0.7566888762961552
0.5767830978751807
0.3515524668365578
0.39026233183068326
0.3050483347280592
0.32797587352267904
0.6918464468638233
0.866629875825663
0.7919127203256092
0.3171825138152144
0.5480094538336818
0.10351209600289522
0.7898364430559495
0.19630782996055005
0.11287739495134075
0.2535163023753172
0.23529191867160107
0.5244871398782439
0.06567073085021037
0.8191353359000861
0.6134046638599515
0.08019449042830581
0.668382233654497
0.7790142307614754
0.39443873815811376
0.7215491463480281
0.6898255072369877
0.295646447883041
0.7592157567260198
0.42062016526595425
0.47249433058490337
0.6879665217537982
0.6438764140399363
0.09191822462438431
0.23603184466036894
0.2728596751955116
0.5234518073204714
0.5353906407534049
0.642582609787684
0.5706305979848898
0.1729815351176947
0.13789473545095393
0.7573272354843263
0.21729315995097992
0.902131411716112
0.669447585380672
0.7095858522414534
0.040860969067475064
0.6007395507357214
0.15850568727912212
0.26844250034922307
0.5656764199278874
0.6599844705327604
0.5747112865977128
0.13161836939008364
0.39762976891741997
0.6371774747693256
0.5330019008279877
0.5839529312769951
0.3292230885492777
0.16051201661896383
0.5996469714619034
0.5058880250988326
0.8463138671640554
0.048384978618709856
0.702886928387627
0.5641736614038573
0.5614681962814154
0.5117147916810216
0.7982757354019901
0.3382828723863578
0.4789849270257099
0.33535140153858517
0.5499688185809285
0.4886167201883348
0.936851459423106
0.7253886799299596
0.8614222553231768
0.7445798937114181
0.7416197199479275
0.45746547580873015
0.22871387512847532
0.13176328943292154
0.7427522403439076
0.30859625364063487
0.2466280054632704
0.4858774562926384
0.34329463741857835
0.6978626501957936
0.4027049511215966
0.36176878414628516
0.5105724080478048
0.8045275133675003
0.812044186215429
0.5187963161870666
0.7970796152861642
0.12119200795203933
0.44992540965522454
0.5147444149365826
0.8021519264800074
0.6913392592903161
0.6793367538601326
0.12774737948357176
0.135103586953558
0.4271972078077227
0.7221938569122476
0.4046373722809658
0.11909602490573871
0.5601697643351603
0.8449949836737564
0.6546384130158696
0.5230950153799129
0.7588294623716401
0.678696239473071
0.17248186813874739
0.09756361558933217
0.1723839886884805
0.1557971184561819
0.5093349606683928
0.5449199129421435
0.8334973438574338
0.8561754369114091
0.02525903086422914
0.7830086714175991
0.3715670497139628
0.3675514923021271
0.6541253892176879
0.5734869932920164
0.45388244774207037
0.5434604332344912
0.5934812915337027
0.016065424074261148
0.2857413172492373
0.2243717919571015
0.9000554382151141
0.5527087769960863
0.1775701631295212
0.4346072112175026
0.5602515463916293
0.685824959688059
0.5124276879047356
0.3791759519425204
0.2902163670672731
0.2541202001799478
0.39736888994692987
0.47943638661799737
0.2187524004924412
0.8164645334238666
0.18620301862858188
0.8005189522006639
0.8517535150583357
0.6441942614840415
0.7749622312363831
0.7554479625679186
0.7372688102721836
0.8258199079924515
0.6139821871026951
0.9209879715492774
0.3844988354591666
0.6818793768904375
0.7089675116025889
0.04924414919256109
0.573488290126587
0.6376049320086149
0.13121002211766933
0.13916284532892395
0.08242873747489837
0.38136557361466966
0.7390357615217698
0.45538654888314517
0.8398177674453167
0.9674877112094712
0.20240255470253837
0.5743902664489927
0.5337512507912426
0.8971384552895868
0.7778266400497872
0.24939533042935283
0.5991107521561648
0.17897298444119605
0.432417982639004
0.5471127949721282
0.8156916816416311
0.1316544826097099
0.591869344303928
0.7950587576698117
0.6623161824532402
0.3848871865327748
0.30796935901793887
0.8862268596554712
0.305878597372578
0.19826679587020873
0.466913016049744
0.015501130297929579
0.39246364218661667
0.4667002708735939
0.6033428390863084
0.5992557758017453
0.8540770039409226
0.6162350911596245
0.36434689038050816
0.5986368153092381
0.7654140100786134
0.6256780554171603
0.2869409338411354
0.8002908855296914
0.18825605554026428
0.7075803736458598
0.684899022815582
0.06409799422900966
0.12620837178296354
0.551973697275736
0.47850052406456145
0.7107324407179666
0.5527311927576556
0.25770741296452104
0.32552964599295126
0.19335793213843486
0.06870738466463423
0.4999150162640851
0.9431904450105513
0.9454649693412959
0.31487607952264707
0.3791563697856288
0.7376984533863417
0.7519991376680136
0.4272988337479125
0.8483158773323386
0.11725410822114828
0.5849522684379148
0.8738450283850538
0.8312302731776304
0.3711253708930391
0.49873123271699427
0.6773717568565001
0.9266937925999226
0.4112984613516992
0.04707410398214977
0.3033019301377307
0.6056027527953419
0.17563662370951008
0.9085258481266733
0.3506897835304882
0.09531338444427122
0.11637238496913531
0.4514664189340324
0.1152838233223067
0.7141337109566367
0.6802708916599508
0.7376461866735453
0.01220204936751752
0.3781160347324115
0.5783370511166069
0.6560677898248397
0.3475938164229296
0.6378194705129011
0.7479142365211128
0.15147202656142916
0.2759449565607675
0.6172991650204901
0.1684137935865385
0.2750970710563111
0.4728928968019928
0.5848881811435013
0.7500378254858479
0.3305937334257565
0.7055327197927362
0.5077566558101418
0.5335100352384495
0.6515119753981217
0.22063113388332792
0.013802449721117018
0.7566688915093507
0.41736748570565857
0.522936185530621
0.786643266884326
0.7658284051117452
0.8172506057077313
0.7041413323061306
0.6496491860128598
0.9392255145617703
0.3995055471004022
0.5425873148844795
0.7774540997633814
0.49480799315538454
0.6200912792643488
0.3830975834933598
0.40925035105252666
0.5249336174024698
0.5795426692623572
0.38860256343410926
0.5267525302174191
0.6510205879701467
0.42838051639420127
0.8395036762290607
0.37408446540214874
0.5132250883481576
0.2495980913598704
0.14832750686218868
0.017732667161851533
0.10110694493317576
0.1899998747791574
0.29551481923268536
0.819907726479888
0.323728294259192
0.34756994319767653
0.5911819740705719
0.3250633444062836
0.6368579514196517
0.632117318947715
0.37142274582261653
0.47816126637932
0.6538830010871236
0.9110863292585315
0.4833092733364489
0.43983103769209875
0.7559995570872923
0.7805598896474245
0.5349729392647139
0.6068714901103653
0.3641258075227591
0.7979160664349428
0.6788877565033105
0.10690754341800951
0.13817296960344197
0.19853922659475737
0.8568593674637451
0.7533914491892958
0.7286466142811604
0.47162156330942434
0.12953170541284537
0.6953141091514972
0.3779575253274284
0.5592689639795453
0.06110440501219243
0.8681158408192001
0.49470409996841463
0.7449727995666251
0.7179916437854824
0.22386680127087605
0.4717514604265274
0.6653848642956927
0.28142457304555274
0.7362895718804644
0.7354110623453911
0.15969381879624842
0.3156041175068276
0.49817627328702013
0.8932998964504796
0.16254879276583337
0.31044053784441883
0.08311560323956549
0.33108044828231553
0.573373462862118
0.045367028606998074
0.48537662014559546
0.5174641209780345
0.8110420271394729
0.3474868082110868
0.4788579957996378
0.7183444361239709
0.9043852999529461
0.7045728018242146
0.6209501884771031
0.23759885568537584
0.6030653118659833
0.7686714702404857
0.7048696102285661
0.31398764125782397
0.5759531783884294
0.4457334358611096
0.33593673579523614
0.6423249499725981
0.6835254696141223
0.20129692106801791
0.1590709847055128
0.7846137142504009
0.3165566301573197
0.4816668477971397
0.7576064128667934
0.42141293104280625
0.4361895127956944
0.6266641888691549
0.7824875407012625
0.5967844559777334
0.7755318660073341
0.8127427332883194
0.34593320704596775
0.8422724565130819
0.08711448182526442
0.3263043903274234
0.7228688805627589
0.3413695484926142
0.6898381270090981
0.100321859331292
0.5065597411474023
0.39891474620002426
0.29880431160683196
0.7507569108397809
0.640986829165701
0.5902430400600032
0.15453317359517388
0.41626187666882447
0.8426162579361287
0.16999834022140106
0.4137314939475338
0.4488576299302758
0.336645510521044
0.5018839036739938
0.3621686367947129
0.5542756556075388
0.80010216513081
0.4465581041236093
0.24602267420857638
0.4611519786665471
0.22492780354571837
0.1410291855944423
0.5187649887348668
0.5239945386936136
0.15556718947068335
0.07303554884207308
0.3211372475994901
0.7295027370361081
0.8567286646374602
0.8160342670150393
0.38041900063720363
0.13972243303627993
0.7219276935183063
0.4086774320284281
0.7937479625009916
0.13208198430865825
0.4419602732046351
0.5034577044295788
0.6952660287904542
0.8363431307987017
0.6255330549746859
0.19268714875515228
0.04163230329709012
0.7215836963170211
0.329151406825211
0.8116461841692996
0.16525209660064585
0.48429417666194413
0.48195258976960526
0.5161637442510498
0.4390880016181009
0.5378546920460425
0.8069876393407315
0.5030601258960278
0.5504603637814347
0.13348987722489974
0.42017899646270707
0.687273400631513
0.8694316519802162
0.27230368062997135
0.5132270954145445
0.7315108227909259
0.4108663449413524
0.44819749500471107
0.6304243277675635
0.9329983578652364
0.5661881180730899
0.5843689417281477
0.03110718582939805
0.8107860577089457
0.9312020177678869
0.49060534194192157
0.7198716230287896
0.3671555771026129
0.3731511664238085
0.4077024377745771
0.014007696872164275
0.5174636477157031
0.4817753116714698
0.7761396111303764
0.3860312094232088
0.7352859641580953
0.5049291297729244
0.2792088756850582
0.7755532759269841
0.3453927736601037
0.6405938551247924
0.4464108226967637
0.3718501210403019
0.6186466448102719
0.2587045500983953
0.08267993017265506
0.5118549315199313
0.30455471752744045
0.5315864894399329
0.7320588716937427
0.7214399622636174
0.6170396167928851
0.9076145987761948
0.09960372909712996
0.15443338883023952
0.8454553713175891
0.39344069513592056
0.4945291099765451
0.3565316506110402
0.062302832256786254
0.45784955352976403
0.07820782674729199
0.26010662548303726
0.23364803980665816
0.612587038405787
0.1326779895074282
0.7472913945725304
0.48371765037507636
0.6660650157139972
0.595946125783061
0.4606111370905154
0.6875291722334409
0.8538835019303813
0.8244837954572689
0.24826303599143598
0.5569731826245898
0.07100408267014462
0.23564536100606095
0.4164328574938652
0.20245626616193874
0.8385997121202673
0.3244905188376114
0.6230349231590283
0.34705333650123293
0.8865312744725555
0.4272459197517493
0.5529526494748851
0.7825625778872568
0.10110656263672986
0.14474924475932113
0.5250840474779626
0.864620203439069
0.5859309791593954
0.2924617277438055
0.5058061871867541
0.08815420990455262
0.17014916428838125
0.7469685195945804
0.3718722451248023
0.5340246553419704
0.4302597835761659
0.16148821792149473
0.43669755148142964
0.7162742032898705
0.39021420085066577
0.47858366574198086
0.5815576623806991
0.30025981225302306
0.855719004395598
0.4899168426805189
0.732334330796535
0.1731050520253261
0.16759665237881882
0.32358115459028647
0.20389395825439863
0.865979167165055
0.4073773027184562
0.6092803070429236
0.5103590941016595
0.06465487384971125
0.5042333928967538
0.07475563767588518
0.6307350547038101
0.49113813206545226
0.8897538496162521
0.7037702657426693
0.9420795501039437
0.9143434141153328
0.5904941652601219
0.8580560019818847
0.5965304367266238
0.6779997706213228
0.7033243910265908
0.7172010348308849
0.42913157995947626
0.5565490304646247
0.6078921264905476
0.06101038877636355
0.3132951142079876
0.39482523182273793
0.26755412900238396
0.629289414065875
0.9373403646167455
0.33749672496588046
0.8998067324612324
0.28174217997939666
0.30542036239992426
0.33970318335325417
0.6359540974229172
0.7375214669394005
0.7055372284715026
0.8223171129976392
0.9112589139498503
0.2271259972784192
0.20679724832708662
0.5301944114771496
0.5911994351313611
0.483114633939778
0.09226769520660458
0.16533313829617904
0.7374094335003445
0.7168779347055713
0.5970400780190073
0.6825475386355507
0.4588109800030408
0.23772311900414117
0.6938734893383317
0.8269527265214726
0.5821392627393168
0.5598921070395502
0.6222382182622437
0.07440489864248125
0.1699730481071575
0.5995245275034216
0.532328911238518
0.796562861647455
0.7959029000178964
0.5576273240577718
0.3387757645887982
0.6901661067087436
0.706690403390385
0.4453483948449633
0.5736336601674236
0.3359117441116585
0.7221092223033508
0.38880975114100114
0.62268885412731
0.6063125504848194
0.3211678883394476
0.021297691637240136
0.03704208362733857
0.525360063946365
0.02186115824147825
0.78594888811958
0.6608315110297099
0.7800999747169789
0.1475472212033593
0.5575035699152651
0.8075544221538385
0.06532001364472631
0.356030730001824
0.2738706558373827
0.33520816873270287
0.39589271897466954
0.7580247316915517
0.47584653636652957
0.8345690059209352
0.4787030306721189
0.36638068462643725
0.17980803021508934
0.5136949926306945
0.47414100320724734
0.1769887727012743
0.48363809071643993
0.7265572523295587
0.021424170930253828
0.6011609825375207
0.538185071640332
0.4182008994613909
0.41266698501792853
0.4256048103746849
0.4612341948181224
0.427215346313812
0.2342368097120617
0.4290455529294205
0.25484403604204675
0.10181525433839807
0.32317454885929175
0.4791389955671685
0.7925496599102843
0.5779577087522895
0.7748709904152686
0.10934552707986378
0.5245703912743377
0.5467551721285198
0.8749838209841357
0.822008275002812
0.28866444821839904
0.25180627429500213
0.14301840621781747
0.29964687551998415
0.30067159722692854
0.09089997976529589
0.3025295932440432
0.5372711387320313
0.5052748468386912
0.5953062613783915
0.4475608537772944
0.6472806119882916
0.805370969104415
0.34817802139908754
0.7992964160721856
0.5021704109242036
0.06699361233891643
0.3987317639939538
0.1144270006088801
0.403181063735477
0.5115284991630524
0.7692080274831559
0.5459251835402643
0.5803742376206987
0.26327490500320244
0.1966198556615876
0.6728468717194952
0.818361804876537
0.4935815279786475
0.8275982051907742
0.9433520397670598
0.08119374619360024
0.09568395317293453
0.3248540202543621
0.6337427814941723
0.24623026331170655
0.43819102308405755
0.6049191979471052
0.5547205244738459
0.08275970244970757
0.6138124464224373
0.6378892289502516
0.5219325377288981
0.14567095042120182
0.11285312486472728
0.7599066251444151
0.19957072350944371
0.34403925157062604
0.10988679313368667
0.18119834706251123
0.5490292937649388
0.6793494164304789
0.7155090756167863
0.9251185850693853
0.5008692579732663
0.6660369996307798
0.525569211287361
0.5762444319798502
0.750322677619445
0.45020606838528865
0.4911758191207965
0.8847278956223321
0.7836281606460734
0.30654832210484945
0.7128407233848979
0.645499672511974
0.501774065895005
0.7852806628464741
0.2870989923547163
0.5361125165552479
0.7424236382724427
0.26580646647343703
0.8098667703119911
0.7662026207862505
0.6051178687500811
0.7679144724627649
0.6739027992279014
0.8064763128282231
0.13102568391810163
0.3535628866738416
0.7019012517048051
0.36465094295661693
0.11818591027127825
0.30612175542667813
0.06975139412447223
0.03901936643825125
0.5207840932023774
0.2894839555205057
0.44099032258644627
0.887944853725375
0.5314996282399365
0.8979167055121371
0.49351974429006107
0.3120092155187806
0.33456479948177137
0.42077578384345254
0.08737275149917631
0.18368320809842437
0.15902875998249336
0.292643537051693
0.2422672254470121
0.06378915120098813
0.23979371552064166
0.18534915511243732
0.7992345290986215
0.33295434595932205
0.12758468222350183
0.27444984380474063
0.6958499589625363
0.6440865409727068
0.7892535209115304
0.2816729900932665
0.8227624491520565
0.0005574475873589835
0.39446520996862855
0.6125721318894821
0.4293651400455264
0.08974409485390786
0.04057431391139635
0.2418310795366212
0.4472410135445587
0.13681950837886606
0.3978852736973689
0.7446504492542393
0.6720518931948648
0.3119033897343384
0.8360278197989525
0.7276055151921249
0.35032904683622323
0.6457723942544806
0.5814532108857454
0.7500608414890609
0.2273423653605658
0.5836464970739497
0.7659867455922096
0.5738537543573449
0.8261814149153578
0.8091282563861724
0.20192083229963775
0.7941683867586146
0.50460421246703
0.322788003142189
0.12391202366066673
0.8325514588789499
0.4789849270257099
0.5004232051534896
0.6043970750474785
0.3283685443768285
0.2634264971578956
0.9086081731681775
0.2015972296388126
0.6294596849438895
0.3273464825568604
0.6275519981579541
0.7286366115224009
0.8483155206271137
0.06245060877675453
0.08102525420123664
0.23893949403299344
0.19304879626049648
0.48822200656714576
0.2995516851181267
0.4452623468801795
0.5905426339002281
0.11112555319385947
0.596567950279174
0.7559662156619041
0.5052945185519583
0.4755869667697364
0.030220668648467768
0.5253915802265843
0.834655446838985
0.5457049590990397
0.4440015037216366
0.680559359854668
0.7979420349664711
0.15852907366465593
0.6943509530416953
0.3376141205483113
0.5474013777402598
0.7948296761720265
0.7045409037324275
0.07839205952392424
0.05470240528958073
0.5097093063093674
0.6581524424182239
0.7221933574386992
0.3306806214308333
0.6691047161117759
0.383486916212525
0.7667479951244262
0.2459929056434495
0.5625380931298567
0.13213663053672228
0.30709268748125795
0.5423620639035709
0.49567323986580214
0.07749383028382319
0.7544706415926283
0.6973639454681636
0.0762075392044695
0.6901880320642256
0.7191517516446512
0.28948826687230933
0.44499602928541215
0.1712562349168439
0.7783723688164661
0.49481554360141744
0.11066977073201996
0.1779334322568787
0.606027193888113
0.642436280185012
0.8103582691948213
0.39498359012966844
0.4665361456484754
0.23874839843210746
0.22654138711075272
0.7374755398103354
0.49549719449428625
0.6764667265963982
0.169568024311217
0.3210932652886909
0.7219891399844819
0.6621366269332961
0.4879853220894489
0.48760677704836597
0.7364303439865104
0.7993024803163674
0.528307906101651
0.7932623212800964
0.6159117144294692
0.24214180350681536
0.1041702325084431
0.47243827541893985
0.02294447198755022
0.5267488207372758
0.5291547205293659
0.279014778487195
0.4600523500578603
0.40242730241341257
0.8459868993363353
0.7769587798416159
0.3095516391575003
0.6353132866780723
0.7417244820310782
0.14757762598170934
0.6968375007211368
0.6075694619940694
0.07296988935929358
0.42022284079209904
0.3451007064734892
0.46658643699395685
0.5466916984671624
0.6279167795527983
0.56693852700586
0.5191355704090189
0.48305106076592935
0.5413515688933568
0.480157803354611
0.3771204039064986
0.6579593832554735
0.784787217490394
0.05332377537445208
0.3559825100285916
0.5994515659048612
0.27884956783844717
0.8933787098424785
0.4606736731381942
0.6661013650446114
0.562195572819007
0.03694133554266975
0.5431703322142003
0.4516773711086872
0.5939215418866025
0.042019648895618045
0.5788553612199308
0.18043454083969962
0.5986485741346397
0.3226099544557269
0.2911994903706957
0.4549954791063494
0.3542376318460808
0.10382129732654964
0.10058070356035709
0.41991358984477306
0.09151054819689591
0.16679647924577146
0.3327040759091911
0.5577595046388485
0.8453312754117189
0.6810045909947867
0.0217414029143304
0.34186413900617396
0.7453742054087498
0.47855481159335994
0.6453026091589347
0.7420459471966071
0.7441370720328212
0.7185974622656823
0.5177299778985524
0.19441594743370644
0.2355973857201341
0.19514513272598394
0.5424575820298949
0.4506440308519434
0.4119127448500789
0.5026484919298004
0.7442564615145809
0.4262857233236799
0.454045478920973
0.2621347449120006
0.7598449458714461
0.6098117259252639
0.4649381020264242
0.3130792027702482
0.0394752501998343
0.38188239086069437
0.3691144148337713
0.33182854718381116
0.2610229414192329
0.7458278621969189
0.3113653311010417
0.5078466159863825
0.9154336984429461
0.4294578911343818
0.7360023759261973
0.7841859360001091
0.3473622587958936
0.30385178506210914
0.6110475892086951
0.023173742144423838
0.44083444265339045
0.15386681310059191
0.37180032101999066
0.9177955094155781
0.5428745198184225
0.6385475057201825
0.7647704088614954
0.5241269371130183
0.564812388192085
0.8069372788308954
0.4621222675850007
0.4208900654133784
0.947933342746636
0.4166246810259084
0.7230511801591735
0.5445262570397441
0.9293916364538212
0.1830996590044553
0.40612558564218154
0.4837269300903313
0.7236243038361783
0.3631227959971065
0.6364739360666144
0.23867374965698102
0.9493997106717528
0.6133347964552246
0.5502496689783095
0.7831308066764161
0.43945720455149617
0.8566555664118478
0.12883346420150665
0.5595245031242709
0.07373616818279709
0.0023421200945343357
0.8096586579961803
0.5420193666504977
0.5881501013707096
0.5109572860723269
0.594081032288098
0.358494375779048
0.8979295810987631
0.5167754245105978
0.4644925060469776
0.5073056671168746
0.3848871865327748
0.513609452009555
0.6480563068944596
0.17941521567038454
0.2682767453433981
0.7051014554712521
0.8711483117028029
0.17326676240791117
0.5708668483435996
0.42365419925055575
0.6077126424038424
0.16888061761794138
0.6775874713369547
0.4756737517852495
0.0737417362083925
0.4478029082002664
0.8052837971967971
0.6103904427358341
0.32243246536026404
0.4216464811041317
0.8597538193336777
0.16563591660410668
0.7362463093436212
0.2697524020370029
0.6571568848400642
0.5140733291651293
0.2146255358584249
0.2732402184870865
0.5713338578443413
0.2931692232182932
0.6196376950655083
0.18021162096686238
0.33956027963644053
0.6107294006709222
0.841967262198704
0.82077729862993
0.4043562855581388
0.5426714003271619
0.18218748777231633
0.8663176147975205
0.8093162866431503
0.7083178874615118
0.5531380580936506
0.41909340147426594
0.8676557701754557
0.8454599674690382
0.6129642512194496
0.6353221687698289
0.3023458761295462
0.4422620606046285
0.381796384721223
0.2743350523054598
0.4107756960504388
0.8576083486664391
0.7995638230358862
0.9317681861073039
0.17519111866226236
0.6386981119921888
0.6670956584725244
0.6566566668140686
0.39259114334012335
0.5532729562528926
0.9256390982598064
0.33116826221617307
0.07179539738520603
0.2174731800276687
0.21413595747023956
0.7525508751864808
0.7717390495156975
0.46551496431122347
0.32243721476049747
0.36599981139509286
0.5778387992347804
0.08402113120000983
0.8595942343718967
0.8757601785366336
0.13362046368436595
0.7448246964566028
0.5670004903515463
0.10076844398524297
0.44403031117110864
0.8694535591541154
0.8759286009969094
0.30984208897345333
0.4723439006135082
0.4426178518109895
0.4157217174402572
0.38707021020326726
0.2963807078461712
0.7260608891583156
0.4217726514054189
0.6713584581866671
0.2738706558373827
0.46174360851080626
0.2932796282788224
0.5826387608671761
0.6763668022594461
0.27845099328723877
0.08902131318238113
0.49833843965587665
0.4165719128947345
0.8128316461445979
0.7696065651672598
0.4736872944209339
0.6556179585776969
0.3612417696391159
0.7121479308257749
0.43571616328802637
0.25418463255549495
0.8383787028737847
0.6121524920937444
0.8674396799334105
0.5116204432661127
0.8588027366699099
0.36766442319577375
0.5095280823926508
0.7910964478186441
0.29889189023706386
0.7811645496970009
0.6789962253998313
0.8588880541539773
0.3051834832318484
0.6354115818630983
0.9186472556337826
0.41033217026565855
0.5095989676648878
0.445771389113914
0.058860498752901606
0.30836064708832683
0.7389830041046334
0.5461293135591456
0.34544749021658633
0.399828487950911
0.17458130270603942
0.24442561341966212
0.7914365763182908
0.7670662403527356
0.08950334698799078
0.4733016096993332
0.7833119686718526
0.1125064830343252
0.5061888220266978
0.5749412936138797
0.7850980296111738
0.8365798295374536
0.5364532680572621
0.7171345869128621
0.44681360432168116
0.7220908112428285
0.6869657859699135
0.6560686910379745
0.04573042987284333
0.6674236747396406
0.23622388560750426
0.8357218670874228
0.5898789636262238
0.2888474200827269
0.3294965776211376
0.6172976497363747
0.6395433639810365
0.5087464291093199
0.2886594509381426
0.13381512261455955
0.640841991763258
0.6158986204281753
0.6523939011889532
0.2878128825668846
0.2905682246547501
0.18196220380539913
0.43667655436000663
0.6800206250049188
0.8448014676747888
0.5507112044951818
0.9098491278714466
0.016166800180255132
0.2726376515658489
0.7265849625348246
0.330129548960824
0.6718456461766276
0.7263715938359206
0.9543851956405938
0.5031878622764037
0.2455679347716591
0.7444715271096813
0.34070038563143323
0.7351974235004607
0.5418849122342881
0.10689218419783993
0.3136902216398899
0.42017491397646317
0.6997981331859747
0.3822902596001673
0.45715328981684605
0.31815206937977036
0.4532499306173225
0.12328284484134466
0.4055830200605135
0.6213425361899232
0.43428372984157443
0.24461397931136997
0.18313175499022327
0.36133843570906543
0.4623433070509981
0.7271229987657003
0.5204672752324517
0.40988980765239336
0.5314680529231346
0.4107107112942176
0.7362493467704601
0.6064343629153786
0.25426601735373655
0.6514470053514103
0.5157960886413804
0.7716125869231371
0.4412412805175547
0.0702338805119578
0.6764143203061848
0.5116850730299727
0.8691156873504995
0.25405118861868364
0.15946307610474858
0.8573950845299353
0.7549513065630546
0.4735443191432043
0.2880287214630059
0.5066207735700546
0.08684124016389931
0.104116624704097
0.19753458336434096
0.42867624785232616
0.18919822348544577
0.24204403971815533
0.7634051484485028
0.4941346224558748
0.7496968287187912
0.6550618105612538
0.3993608775923963
0.7362349086229518
0.7039656946516134
0.8507695375904702
0.6743835825797588
0.889889195725167
0.12225311297623645
0.32815299495935746
0.5505813635684759
0.4906439644667922
0.6211362726366981
0.28559618287234534
0.013944801066979453
0.7631502030443763
0.6394618555690401
0.6672868864898899
0.5012940158628117
0.36626570635270006
0.8396915890267851
0.8453737239146973
0.6947775339729236
0.3659260717832408
0.8126313132844463
0.28317020230355194
0.2148661854893637
0.26812361937398405
0.06161627032774378
0.33207759419160343
0.8960788684042241
0.8934211607137108
0.785735129433891
0.8072919657466712
0.11662832638334844
0.036570906775386866
0.34259867631487445
0.7803543388282977
0.28182225159427765
0.26118995128232714
0.6321897820007569
0.7180851215884302
0.4495420279844074
0.6237525666713706
0.0767422354340347
0.07437344669498494
0.09991439085283381
0.24799477704815934
0.3853867802270096
0.2723552501534838
0.8984538305337557
0.5730665173220174
0.5292207840483277
0.7274754457579129
0.850053547498247
0.6844431463113989
0.26120733823007836
0.5384354954111527
0.10593536711034482
0.6664411157916393
0.5739911655288207
0.7226302804947218
0.18822349468357977
0.16603573590225845
0.520137765303907
0.4035191069150202
0.24945747260357723
0.40223499624792836
0.7036617099469494
0.041932534434423456
0.6268622992931248
0.7829462047614505
0.20472224378323434
0.9382197307712326
0.7840962281865775
0.6763543409058063
0.8452993221457322
0.37810121281262193
0.15742835220139703
0.3540297810282318
0.29858642016652315
0.7651010386397045
0.37946040611678933
0.7744602017713326
0.4592972493133574
0.057799602455203374
0.6775874713369547
0.15421296469376586
0.5366808217687253
0.6700691741889142
0.4099758590973771
0.09301214253297821
0.485378221319908
0.49065194452531835
0.6584303265642666
0.8966305390164613
0.364520931537956
0.3322447794106576
0.37803425534452656
0.5192126503625605
0.07456959277956063
0.4496983262693251
0.6824862842383701
0.8921382304368746
0.33217301476734057
0.5757186849602443
0.4642342941519879
0.4882979642196316
0.1356209092909387
0.24176379957882604
0.6489097892185715
0.40100418662947596
0.2988371569916637
0.8778311376529909
0.4540235858846856
0.9179830816234047
0.16508001769840505
0.5031118949879605
0.13687750841983368
0.5617504134614756
0.25969784982030075
0.3922609471596584
0.5301825388429666
0.5339311649241334
0.0014944839297966067
0.3674741095024663
0.3680746410924924
0.66943772450245
0.8930571426641861
0.893201693875184
0.5943390231207949
0.719752706927926
0.4215257071996161
0.13205176223838022
0.5275649087105304
0.19072636740487686
0.8047882099925086
0.18871743911162875
0.5714654485190526
0.9151444175154202
0.8925862134687922
0.8936952743106045
0.3296158458463505
0.8909310007997254
0.2681494635966676
0.19113575440908182
0.4373666806959604
0.6741847284388601
0.8509614367420506
0.729919904475681
0.4149622575382142
0.06351278908949162
0.10936637250561736
0.07592240778090881
0.2967811217979284
0.4978294691212713
0.8860261149487769
0.6001709189223229
0.24369539779965327
0.22650019321303724
0.5879296991265242
0.8605703230467391
0.27432365486688143
0.09288000764016685
0.7413086353156887
0.571183428597181
0.6087903952699073
0.5200908916942529
0.7746223718669798
0.4779239121627679
0.5613360002827837
0.298817587755435
0.42535704659365964
0.15397430655420086
0.3973289036284453
0.7847181063691964
0.5181867949691004
0.6419405743210613
0.480457155132969
0.5055315279256862
0.2886594509381426
0.3365207348518999
0.5193399207936171
0.5025338133253398
0.6647004122620256
0.5896800905241987
0.8060761053729213
0.25277668351008054
0.6775009053147185
0.2743855917719347
0.8073983752284805
0.20955165662989644
0.2928181696513281
0.14339993163221545
0.6876845619499539
0.8408431108567547
0.08606973960610434
0.34382539809864293
0.6957808588298855
0.4426889944947282
0.3770760658159842
0.21880719529153939
0.7063071416669339
0.35584403810487725
0.31900185156823185
0.8994697535309166
0.4584336100831755
0.3239315869503899
0.5672691352576122
0.2858241391200634
0.06178349699519118
0.4682907891958561
0.7742916717238469
0.6019988300640601
0.8164004848979013
0.39697420311564935
0.6011568007992981
0.4976752168977546
0.327879301104955
0.19431119040161876
0.8814139096014333
0.18868853962114054
0.41826736028756406
0.6404722075686545
0.7143737544015855
0.7359614116908001
0.002291815245817612
0.6518478919587145
0.7236506106991892
0.35934121069589675
0.5987037002596794
0.8697846024629639
0.18220490571358547
0.4675172702196198
0.4348083783328049
0.6961139272742375
0.05173267952966974
0.3648231210884987
0.7221821007887868
0.10271778599088195
0.723732088665272
0.7237612847798198
0.43241616266075233
0.5942981382159336
0.7767320616046061
0.6351700788710732
0.8967386940029476
0.2848719336249235
0.27443916857830364
0.040623896373148144
0.6326198691431563
0.7368329053648072
0.2915110983407189
0.3015800502342969
0.570787644006826
0.7577987982162556
0.12962941092740296
0.019629193881982625
0.009636411967358524
0.3634723680394005
0.3421019493696426
0.5160373956601099
0.7093113392599186
0.12057635745589639
0.6793635749047446
0.13363276296791954
0.5163771316747167
0.7480783927772293
0.6340989923561591
0.8165324466257468
0.6132865078068306
0.8885164756672724
0.07315129451532561
0.09276466366554925
0.7818360915802446
0.40325955263123364
0.20863028638536607
0.6778684972114268
0.4871341041359682
0.7709079565923699
0.680684788876538
0.3553437384876114
0.331404078856599
0.3929742055216623
0.4990555487725204
0.2543919581395876
0.5817617107330959
0.5264228736381201
0.34965903455825886
0.6183788720319291
0.8925984708618542
0.10556084367515797
0.8737997478093372
0.5576371645758856
0.7344458245707385
0.4456177492404335
0.9678673568095395
0.5568877253583551
0.4686635754860538
0.01831005741152389
0.41658667737781924
0.5557843874622681
0.2706994697541634
0.7772731076964227
0.8007393455068741
0.7264690025486865
0.5317993571332752
0.3294962799443158
0.35737750928874185
0.40978645184318646
0.566622264978324
0.07839205952392424
0.06772658858742066
0.6943232048879626
0.44972819834242656
0.7167182476312759
0.646481147343054
0.5018535357177193
0.9189537031575215
0.2384512762454527
0.6129641536160612
0.828877050953727
0.23518834644890743
0.8307807509380685
0.5682320133562025
0.7997206331917245
0.750615660776843
0.3838037197513289
0.6072966423914048
0.10600502227722919
0.03450883239705852
0.8195039100738335
0.476786228779376
0.6265847309533726
0.620870985916932
0.3820485721153202
0.18322275502452023
0.18034880980328602
0.48460426264814127
0.660433582403757
0.014033774483262122
0.2072832843332379
0.6321556516207187
0.2572864431695948
0.8051102855722613
0.2582783371898903
0.19421593358652112
0.21755964259213859
0.46128230136299386
0.661220514574246
0.02168214788876101
0.40498514081546616
0.2546487836894371
0.47328947696471024
0.013641209018575257
0.06887359641735996
0.753200463399875
0.8423313438309981
0.7084938064443261
0.8703224458782859
0.4938676951313985
0.39312618622805123
0.32848002701564494
0.9047548048619264
0.93249374132536
0.9085850360966435
0.33106918937579727
0.2935560255873265
0.6835815446189315
0.096861125909394
0.9140433773054879
0.2778539067849534
0.18375854628074084
0.35791832294816656
0.24012784625777403
0.75852492517605
0.5757554418492803
0.6428116004262336
0.8418095305378326
0.15032389030878426
0.8143340461566443
0.5419926013046936
0.1423445518019431
0.7832572403157729
0.9385551229113845
0.6626937938731852
0.7374682122003098
0.4685518929110592
0.09964809537012893
0.5905350681978323
0.16499445029307583
0.9038535533760526
0.05998729107580114
0.3227899805192398
0.20011076921539928
0.4325795102754134
0.4847305480777212
0.20334482669458157
0.8215381647276864
0.27947179246325965
0.8537323644113153
0.44740491035415547
0.052515029338402956
0.5451527411980425
0.4181694795505146
0.6237019560503707
0.28109224902694946
0.26297979573374275
0.012759423419943624
0.5995266847844554
0.4997711684949957
0.3308909026631649
0.49912810284356335
0.27327219022237476
0.434985542613857
0.21776992435184855
0.1707205024168767
0.3847094728896244
0.31796094360140353
0.4370960078371597
0.8401214035741863
0.462226810886388
0.5925568539149073
0.6873893154427021
0.6518954558322794
0.5638227333750753
0.3883233167823979
0.7118610015086572
0.5463451807204257
0.6777960921937484
0.16809112640357407
0.21399273855064574
0.2958437548473361
0.43490195558154954
0.6540563774821467
0.615475634294171
0.4535836691757487
0.49875667826097575
0.15915446535655456
0.4386905391783724
0.5903645925944383
0.569295148215956
0.17366172727281115
0.22113110324354085
0.8146245702547894
0.26759848203935643
0.46888267200296746
0.9474941960645067
0.17150300790311745
0.4093975992864598
0.5923329598657161
0.5387646592376811
0.5514373654834879
0.22513402596526325
0.5710842828222192
0.3254320776402807
0.7640472053049673
0.06310345213080594
0.7182659251052183
0.36500234478983223
0.7001620522607409
0.27586690721669815
0.6373277883177968
0.31789241429009885
0.41616250443148795
0.8723917078176521
0.28319726553078406
0.8275298465552654
0.716326988719872
0.4568331690801684
0.2512444905126189
0.9182696736775372
0.128724577516796
0.059252439594131505
0.6906431654189171
0.44710835812809563
0.4647400705534203
0.5031841123355698
0.3860493989538439
0.8465955375953759
0.5158668682555283
0.18464990411162122
0.46764306815386253
0.23625094415577289
0.31823074332200624
0.3045366127920366
0.6939133723002227
0.1839717805539973
0.9430583549717078
0.06628234709458916
0.30859104769168005
0.3997660840542984
0.49834277997501
0.4131133201740265
0.0788908606797582
0.6293781946217608
0.502446969075921
0.9183476647900938
0.07574004124490083
0.27268015820520053
0.5692893581536645
0.4021007038845438
0.39490360975000344
0.6679929311364451
0.3028039339272521
0.5582406410738925
0.5033675490625036
0.45410885727412215
0.32402670748203694
0.40167457007781265
0.21007024412271272
0.1003821893382983
0.655068701971574
0.8149843055107809
0.7965274202654218
0.13104465776967353
0.5933158402382349
0.4934431648679697
0.5781871002798815
0.6695685963812255
0.19647070627442112
0.3107191372241791
0.43511878254407804
0.13965024651040098
0.8717088768358424
0.8226194679225843
0.6122334285687142
0.729467552963313
0.6045042797798322
0.30953276282089087
0.37398727328354436
0.8793413534523312
0.35328077154925197
0.2237408697263251
0.7388865928644314
0.44646011324574003
0.14037058053085652
0.5651371424469561
0.34299794456501564
0.36296202661220184
0.34566347567616895
0.7430563709885933
0.7312861669357303
0.7202708887397747
0.829663668813794
0.707465693962904
0.6874109419380015
0.8649039369597336
0.33524042290670286
0.605988989456494
0.6145571469461983
0.4644793578822429
0.6354306976378057
0.5930678065062233
0.8060817321497818
0.34813899657913105
0.6044413856135751
0.8181687868166304
0.4053863232783386
0.0576414343636166
0.15857095823075304
0.4294002161256949
0.6030511504247416
0.560788479384086
0.5261656143405045
0.4684658576585049
0.6536144673430871
0.6576604989887901
0.23066411278764398
0.1315196946698515
0.5603212719340025
0.5071307247386346
0.495880570265802
0.43581692022112556
0.13014045436491534
0.8394639924213577
0.7782419880079782
0.788745750110609
0.030745050434024455
0.2732089691366502
0.2710175885845308
