0.5294500719927148
0.5398708704615626
0.4827502649935347
0.15040102994202012
0.3072488767877335
0.8785438022912856
0.4744640114180403
0.38658334824087637
0.454969367796529
0.6925450528338362
0.828495151840338
0.4864818629612669
0.39878428045993836
0.2790871613422485
0.15312741035369362
0.28700006943750567
0.2391903712089622
0.7976490839949164
0.09024786391307196
0.029107833828537474
0.4510528374546444
0.6736993115915473
0.2920716756256802
0.14643735701385036
0.30802422381124683
0.9015877674000677
0.20848539834020838
0.43297569192714025
0.5688546724894844
0.6097610031472871
0.2945188318894853
0.8589211671689089
0.44559841249295373
0.2006977768099747
0.8393640729892664
0.5514390465262043
0.08157572933815516
0.8680033665548951
0.18395101750121584
0.24804579624939088
0.9114307912280173
0.20667800560245744
0.5664326116023142
0.5796825898135396
0.7948586510301384
0.7826794589879018
0.35143987106638347
0.8940475335148866
0.9008391393666185
0.18412172078843483
0.1769101955652121
0.5046625085493159
0.9432249048737196
0.7039785444747926
0.8658872968358479
0.16701442441307474
0.28618468544432696
0.7102462325188295
0.6739865319367441
0.45234687004585866
0.17237602929181756
0.4217804697004133
0.8872374263147083
0.7131504769079077
0.7295909465677878
0.2301005043716406
0.32761030488152676
0.7940456575787908
0.4193831776027654
0.20858844859471845
0.2942556204824164
0.5578744110897851
0.028990512401375207
0.4934243793675844
0.9056888159867281
0.5596203013813525
0.43501478974797
0.9219792809271932
0.778042437604656
0.48300091831200453
0.9257673345954346
0.50404540827724
0.7020717280734585
0.48941565648866897
0.2327533239696122
0.7186115454088989
0.10186145061345454
0.21117625873556012
0.42008392400236827
0.6874300664689794
0.12458885817702764
0.495571675568098
0.4374612712910246
0.4183264502945124
0.7786185600957132
0.9022181073869164
0.32735727190524777
0.27025190152786227
0.38521013437937995
0.31958847161578896
0.01632088032010191
0.22768478206815626
0.07332761584489762
0.5580494867478637
0.07627899503934187
0.7575973461842916
0.30397209742521275
0.4851202900699984
0.47059109139691113
0.870987903091589
0.7517712319251394
0.7065595684236542
0.566788791565993
0.3357219515428772
0.31788874654240873
0.33043173043053503
0.45108390406215476
0.08429179013881256
0.6859960145534569
0.0448883818274563
0.38721473215726926
0.376700295033049
0.8950465867826103
0.5660602364503311
0.36354541519384564
0.46869921537433734
0.24120933098416275
0.5514132012388899
0.14448947197488943
0.7760641518784648
0.3717624618885982
0.4911178690745695
0.5330498999421104
0.6659832569033942
0.12548119464627622
0.8703222470778035
0.36967413553868117
0.21265270858226035
0.7166739526485629
0.27734554305569
0.6631750161717886
0.7054470774030266
0.8746211222882677
0.43565464249842634
0.3084984926489432
0.8567159715788337
0.6073040556515389
0.39736332305047717
0.13945200455326723
0.5842085079005215
0.7769322322804452
0.2698564923535952
0.3932360848135103
0.8637144845982393
0.2662489215116561
0.4551647584309017
0.22190505046334874
0.5158653647045129
0.30860457902848143
0.21280044743669632
0.41310915717229935
0.07815161232079822
0.3034170428936612
0.7783574412901367
0.3425607120759801
0.42217502356809206
0.5120793687040994
0.6253354363743552
0.035798502122735616
0.5628132488948451
0.4758078148996529
0.5706439524672996
0.6121165018448185
0.3924408718865198
0.8128399367695542
0.48642064490935394
0.6168006012386408
0.32767401687357844
0.639499184685559
0.9252683360570761
0.2706770004431787
0.4162862008973926
0.4385483921661224
0.7062756169096418
0.3805268449436981
0.7863417520086562
0.42134900676815845
0.7429230785627077
0.8954957666845295
0.30345888377617136
0.5014694545768976
0.15588220087128501
0.09117940190530505
0.09988381809749916
0.533733536550423
0.6077329260307563
0.17230063365886158
0.16171994667400583
0.4024574746255509
0.5261690485031645
0.16578761147953208
0.6253893451153524
0.9134647538231789
0.4303828558204924
0.6258798180517142
0.7804481642397025
0.2290329821619573
0.3754002605839972
0.24681255096422391
0.34383253455194707
0.2927806523173119
0.8317888919242662
0.6931763556017692
0.29443662161576994
0.9153802209320229
0.46971148174666805
0.28808747535833995
0.1451906822923461
0.36016133041895876
0.8081733017147659
0.8573664475201068
0.6167695583888464
0.3104492093977967
0.48889689131499253
0.5829915094895166
0.5937614827593403
0.20045131819185852
0.4208123598492667
0.15363745231995726
0.909414396915236
0.7078254181330339
0.7199505257631562
0.8224888104183897
0.5004053104164039
0.8096404023884903
0.4232094090751416
0.6939790312744327
0.009954537718635928
0.17003752646519008
0.31690130895521773
0.6707922781162268
0.49828319230218626
0.659241379053933
0.13985463968963288
0.006512623258780806
0.8512074667402747
0.6222161364154206
0.09785349228979294
0.5256287468502437
0.6044631128053501
0.4367724845847642
0.8334675475362923
0.08892849466184813
0.5373615575588616
0.16284309430813243
0.7188935973218435
0.3166850427760746
0.11750657752009175
0.6554695069342608
0.8419777387846819
0.32127665425895274
0.2914806600867474
0.28785492428247195
0.8333840640361697
0.7156372183080636
0.5980988244083995
0.8278543662974464
0.07241109674626446
0.14970019602817586
0.15382366518530888
0.34345571610980846
0.794767026354536
0.40905129732302564
0.4534944808072873
0.1457885121144064
0.8990110967665238
0.24055316042121985
0.42994828470123236
0.3083722408515775
0.5650492582366837
0.31838737419757684
0.6560697249724459
0.5949132094992383
0.32132672175511345
0.8395866506428445
0.4909829889747974
0.49072749934441484
0.48774228896286115
0.3061521731612564
0.7728686881355956
0.7831459552655978
0.7228328766661156
0.49582875177157226
0.7615935560986075
0.6585204217286017
0.3385028896149563
0.1360686963006083
0.2067480400805612
0.45913461042847376
0.869189400001218
0.8951321709013936
0.6264760983328728
0.7340979529403038
0.4993813834807365
0.8621406577664354
0.19725614730142693
0.3868916101250282
0.22810573767519482
0.7255574410501235
0.07111013653496111
0.0171497025985426
0.36269466102674874
0.19864485997773934
0.2830315170098522
0.4234148435133229
0.3710660952599872
0.5701582965911514
0.2488037615310683
0.559703545888728
0.6925517224755444
0.17303041167366165
0.4996836953109187
0.34819326132511164
0.6721404663508225
0.17165875773242195
0.9172954558774954
0.15244974032905118
0.20235921627281417
0.47008009439802384
0.24653727081629193
0.12647010203851758
0.5735484298811854
0.8372666717446448
0.4829333948576016
0.3884847902317699
0.5720403787623933
0.4798414166606192
0.6276871185053499
0.7375467828622687
0.23486041381658052
0.5676775675646455
0.746134217104408
0.580060011263174
0.26078874271620894
0.4041470705979837
0.3000138220548486
0.6039692918372426
0.9041721669602263
0.39387967535848717
0.396911754180215
0.8321676578340673
0.6383815685741773
0.2538669025237486
0.46473446064722074
0.48060890530215233
0.3671015566218562
0.4919638361971272
0.5345647449024465
0.5840055997470085
0.7546466363107774
0.8330709223021026
0.5598094532426287
0.3585777129792536
0.4656888420283314
0.7006216364492455
0.8756326558477906
0.4147759933870454
0.36475960873286867
0.717272854711441
0.6611473240704377
0.5584513556740903
0.6131074675450717
0.3381018090918689
0.5417767105324386
0.04514081985718753
0.320986896765989
0.05659938092198755
0.7802774691301702
0.5080703579762643
0.19140449828270978
0.7762295231979933
0.47907015252246643
0.7252954050377901
0.9130455176417438
0.13989643326381665
0.08926395622611458
0.5571046736507764
0.47365271371107887
0.33506543419041074
0.5909222658562486
0.6412308072432272
0.05765152234889253
0.38611076515182235
0.9532419248322239
0.22242936776447575
0.7280913316149211
0.6882944763830168
0.8826486700164554
0.19987160223352443
0.44262111890470957
0.3816672920834651
0.35745359585801795
0.7484622270743442
0.634707076892324
0.10545692450634742
0.6161878138204541
0.45277983888677337
0.07390805034142492
0.4449467727676613
0.4262815671158291
0.4814765041258603
0.45306580440902755
0.05493457423550084
0.30509356451032393
0.8727088099688143
0.8832484567473189
0.8119165737507628
0.011273512537693924
0.633977396432961
0.02698382009760308
0.5418684496914282
0.8118566030933817
0.8125184747650263
0.7469922200566794
0.3300245774383831
0.07809864302247622
0.8109941842308643
0.6939547403170682
0.45753420201964146
0.39196943629508235
0.2842930390415106
0.6151087760994245
0.4933652237890446
0.6943736261474166
0.1592266811933889
0.2442574750267022
0.25245274082482067
0.8611896213835751
0.34757763086450283
0.390802907007067
0.5535788300298783
0.20197758474471758
0.3324558665305487
0.30796895958355835
0.22124546144630958
0.8593306455889772
0.1624807419304761
0.23383214159338858
0.7822844975985321
0.6357246447235273
0.9131410389607042
0.7522515423774933
0.5377322675339744
0.623515766233804
0.8889787899737053
0.08133829607319794
0.5171820242058782
0.33235214894534
0.7404267791373484
0.42437959919278256
0.11561020389970965
0.3331768500433213
0.7001144021890983
0.2607792983965707
0.906628949937912
0.5126795584532656
0.35073578111403975
0.12605862292833656
0.43217899975064833
0.6850179979522852
0.6892056591028562
0.45402964438533766
0.781337875544284
0.6480916562632084
0.7609497997290647
0.5409853435336907
0.7908064190373769
0.2945935075127779
0.6984428261574889
0.7074244021342971
0.7196494321482511
0.7747534109076734
0.6242049257740369
0.5139783927504044
0.3887168431164015
0.7400346686646578
0.5357550213033603
0.7626800960925167
0.42156382490491406
0.35869264373347415
0.4718034116743525
0.6122745848667567
0.48240064459751403
0.736885330234749
0.3258236854155894
0.36241992711912624
0.08024502219816207
0.2374900242083299
0.67237547229906
0.8023897475550347
0.2527572842316261
0.7588712591439821
0.20827678381250694
0.24297230629869102
0.6193870208005118
0.7264555628481573
0.6217125156087688
0.13405000801326775
0.44837548890436907
0.06052553481710539
0.23916629984551138
0.8230204219036453
0.5632431120065357
0.8758608450841324
0.7386432875009054
0.42529172243981195
0.27194442124297585
0.8660226344064466
0.41065568120537543
0.8493023715952175
0.5221122019928406
0.681830450957711
0.23336177947531547
0.5582657430742437
0.6850372658245826
0.6025443604563668
0.3521094612868655
0.23628467410281
0.8267451713926357
0.6322763018611438
0.8758527417160933
0.21290557599254326
0.5254339395748624
0.2768977430492157
0.7787126499583974
0.21117625873556012
0.6340908589375909
0.4339012347774185
0.3152681572053537
0.1775254258086737
0.542457871204043
0.841754585869123
0.20517353303403052
0.6504293300044284
0.2233758626730837
0.02826113859620391
0.4854309946935242
0.14411780145079026
0.41047739888650947
0.7075284535129586
0.07013591847813451
0.47482480966994
0.6662299235990992
0.5511547960348714
0.5592037063136457
0.20501947414796703
0.09987889617590362
0.2347479982001987
0.4114511239231318
0.6847827079819209
0.10334076288896626
0.5189712189707637
0.6366905968757708
0.4254670195088601
0.1567701145729323
0.7402313016895024
0.44225643266190773
0.43734211797595135
0.6229216756723337
0.6263027007818641
0.8855548597479396
0.5049123524652297
0.7699256446514602
0.5156506730143285
0.36037942163215725
0.3999119214806755
0.4281856177273655
0.586226571945037
0.8701495907279075
0.7320346816699089
0.638460670987007
0.4066669213397966
0.49709636738561996
0.32896886977276285
0.3638422549301215
0.8282158892773452
0.07224398445548397
0.4297284907511168
0.5524377822646899
0.6113273747322555
0.890027319276597
0.7766339530838181
0.4376287236822875
0.4830885316917112
0.5517423416159225
0.5850657838386604
0.6409528315618003
0.31176871118820854
0.6717240700265839
0.168658201122464
0.13703145239534031
0.9069688241612953
0.46299267162824403
0.8426867077217582
0.8890060316317733
0.2225284716749051
0.3671832984949937
0.4957926825225686
0.17174363765689177
0.6397614714434153
0.5937463641434397
0.8993760634778948
0.8551662327942784
0.9290311491109319
0.8611088603301724
0.33725185394383833
0.36732495630558337
0.5262894931512954
0.5091848935524627
0.3248408499142714
0.7143639683813343
0.7038608656719738
0.7458391350221262
0.8884113195241252
0.919596753526409
0.615456086250716
0.6478071562427931
0.5954391682817187
0.31317300483978816
0.16079319762946653
0.7224517627017909
0.8943770135181279
0.7650750298462412
0.5710872061600568
0.34704657524762483
0.38867663914837136
0.30902291665926135
0.3265392446724251
0.68660923528947
0.8611143434060371
0.7879505044234223
0.3172742768012293
0.5549852706428975
0.10110231253322054
0.7850272655806114
0.19863680119011168
0.1075001057428476
0.25154140940668546
0.23397497658422414
0.5337646033474239
0.07187104687699519
0.819617718306132
0.6160599809878415
0.07665357569057821
0.668585881811546
0.7853241350126337
0.39380687766747385
0.7149231580381782
0.6926377069443882
0.31669729852856143
0.7644399438858032
0.43266276927206415
0.47661128623396753
0.6857388607339245
0.6528765564737353
0.09254130685392557
0.24118696564795125
0.2807249841394379
0.5186006782308812
0.5221652094126754
0.6237622625106822
0.5557459967372907
0.17183912546598398
0.14626871802828165
0.7626056487278805
0.2122860851762758
0.9034112065698863
0.669444990605221
0.7014774392142302
0.04100330899523398
0.5899394365112762
0.1597311926810645
0.2621771368018033
0.5595339373296884
0.6521766993376247
0.55424859584199
0.12653724474379108
0.3937065818033439
0.6466900638412557
0.5286540024637626
0.5815569651670046
0.32908547446760483
0.16234589092385854
0.6124624582096299
0.49641617192555876
0.840903937473882
0.04941235916914373
0.7125506635742579
0.550824222715141
0.557772029739084
0.5097956965143997
0.7793960856154335
0.3493731165687671
0.48442985138501293
0.3403729986040234
0.5666779359760252
0.4817519369776814
0.9339244181430615
0.7203597043145996
0.8670008962768704
0.7205251742112949
0.75621271772612
0.45733657962408486
0.21782602143847762
0.13593450088994635
0.7363870956296911
0.3112864631484965
0.24083831610268094
0.47381564660371367
0.3364172512719984
0.701128916287529
0.4201514815348594
0.3643317042266164
0.4975165253873438
0.8002406033383455
0.8056542643005147
0.5202366881253743
0.7962084729718885
0.12361818226139977
0.4563693921368054
0.49759983783141337
0.8060988379022102
0.6945116994483966
0.674149696627001
0.12633835582558323
0.1352721057800547
0.42368119594697273
0.7124322375149562
0.40277050299248696
0.12381930033603941
0.5817330856504971
0.846249702789196
0.6489415660241618
0.5271419372121692
0.7524660102157072
0.6736073865089306
0.16966495749157515
0.09597881910050628
0.17357604545915717
0.15118850805026776
0.533936936389004
0.5407244488072873
0.8452480568343598
0.8677274396530672
0.023855910871937197
0.783868421857405
0.37708892605031286
0.3705830606245423
0.6496763460314864
0.5749844624332558
0.45558620984251713
0.5357879791481234
0.6090549073349819
0.016065424074261148
0.28179895282081463
0.2251299816118715
0.8957476048581107
0.5615178872069526
0.18080239629274103
0.44021398117755467
0.5492773861678872
0.6807898282994125
0.5134850197524155
0.376654770689275
0.29023120743676106
0.24183965634961843
0.4054848518943807
0.4762947999163874
0.21536860500985322
0.8168346520191475
0.19056581191280433
0.7906030371564189
0.8541324470839187
0.6399353363287411
0.777597036248243
0.752722877072475
0.7402844575923702
0.8281422019008082
0.6100871673602285
0.9251592054862194
0.38891362189004874
0.6731178731577504
0.7122234621138887
0.04928505499058201
0.5778654384898193
0.6453963014467872
0.12529267580075432
0.14925657622615765
0.08397074288238757
0.38047337996198155
0.7361976051211724
0.45624012889926696
0.840417494309033
0.9703051209613596
0.20842638392088994
0.575835213320152
0.5245058650368375
0.8993673939632083
0.784880867640866
0.24682831655916818
0.5963743463990484
0.17925093126735403
0.42453292526799224
0.5522234227948176
0.8138189748065121
0.13434485788259645
0.5908001031026445
0.790924580685138
0.6554771499290787
0.3871633403122491
0.31252706551427817
0.8940830225239247
0.3084649226312631
0.19620057647774808
0.4766309628997091
0.015575615696806992
0.40619242255245464
0.47606233127708036
0.5935549369090615
0.5994554618567592
0.8622704919502392
0.6142517743681886
0.3666726175215501
0.5988420500030672
0.7640861479832958
0.636373208922431
0.28641196224095405
0.7925477550734688
0.1896867646103651
0.706777842225964
0.6678234227640947
0.06487396562378142
0.12676617035091517
0.5551950331065252
0.4773719551867162
0.7142797100595859
0.5469242298863825
0.25395604297077257
0.3064937544308084
0.19050929877421569
0.06781874579844878
0.4962829065815481
0.9468008681081916
0.9413508900472942
0.31791991419822624
0.3595181561239672
0.7495980117398229
0.7589146523442926
0.41400102966417196
0.8452021078048582
0.11527840763212395
0.5787450808200533
0.8713450123017692
0.8308468627232043
0.37390312179051854
0.49265303549564055
0.6731511839905145
0.928479195997852
0.4152265281462713
0.04482525198519834
0.3046457703651017
0.6151549502090713
0.1707337031878347
0.8989340857577556
0.35179459676239044
0.10222698928585837
0.11735208496064455
0.45194749924229977
0.11327413022158257
0.7250946291992812
0.6906216012542816
0.7416718961117443
0.011638884686738692
0.3679742833833191
0.5849279873625872
0.6640285720815178
0.34313338349301914
0.6456819424272648
0.7516552731708035
0.15020392222449674
0.2770627025251889
0.614930499329431
0.1671032054004092
0.2641187689397791
0.46484403206872643
0.5961630981208546
0.7515669466973444
0.3074593057465051
0.7080981955660406
0.5113744504030397
0.5271287522879137
0.6606734256349065
0.2288765910345548
0.013000394100062592
0.7572019359362512
0.41583777231209246
0.5200215197986054
0.7863762070281102
0.7614978424871898
0.8234694884003446
0.6917267403656369
0.650372009666301
0.9401417609478753
0.39624853378712105
0.5434423797823504
0.7654979454302285
0.4946260321201816
0.6250122240485589
0.3882896016444651
0.41008009009211793
0.5247699144611604
0.5945941422782022
0.3849591583537985
0.531053041912803
0.6627814414353109
0.42570489225679764
0.8375917618756381
0.3754262445191449
0.515013470082012
0.24689753978336557
0.14439101947913802
0.017804188364992635
0.09935312260993377
0.19817980539187768
0.3038879168535695
0.8153290809394886
0.31835702568716306
0.3432688307759512
0.6008990238858822
0.3165886032243094
0.6344138317098413
0.6431149894798713
0.3730931466033863
0.47973179055617854
0.6551153553713801
0.9097822972943845
0.48288803111364914
0.4511511814321956
0.7537623830750978
0.7822429981078518
0.5426652961634996
0.5926622478932612
0.36082426276201446
0.7922128348342127
0.6701889280039676
0.10193380370878344
0.12822758321349384
0.20289381692142097
0.8424429825266607
0.7553376124141074
0.7226207924930707
0.4849609361745298
0.12932081920381497
0.7025333571148248
0.39003194498233246
0.567526113336924
0.06137423208632691
0.8678239654363302
0.4897522127987668
0.7505081777923335
0.725506933699971
0.21408739188089412
0.4699609879686848
0.6667539031457256
0.28724206285174547
0.7340216189196683
0.734548931614327
0.1595511239509901
0.3135401194478515
0.495779609303619
0.8896442625571559
0.16406572236447348
0.2959097032217246
0.08412560399933071
0.3413287467459282
0.5855239047509829
0.05043387631308888
0.4670363809804965
0.5240415170453223
0.8008402128171541
0.34228644283637044
0.47058070981677597
0.7304800318596253
0.9018790281033849
0.7035169346427887
0.6236702554826269
0.24440905375116795
0.6074452695833215
0.7802704265427889
0.6989744107342869
0.3205524411382477
0.5641635291545903
0.4440591475200681
0.337609771970277
0.6410556606074984
0.6755967177203326
0.19721251391714908
0.15938621356825283
0.7859809925825775
0.3269834743350182
0.48855154194741796
0.7627146224810497
0.42849421436110097
0.43629442886658537
0.6325586367521572
0.7772399471787805
0.603667548752313
0.7694585106536153
0.8171251815895416
0.35120015474235095
0.8431919057554904
0.08700705873773928
0.33479305417784666
0.7171831740814578
0.340648708264744
0.6820512059146533
0.09972415345241327
0.5161114124475362
0.39804968898621135
0.29683297670200165
0.7428713228476178
0.641173718467368
0.5955504442294065
0.15228798990103806
0.4201220281075427
0.8322688802529141
0.16907265446656858
0.4084823197694022
0.44918647166051484
0.3341985380932671
0.5058225623365882
0.3649928171852813
0.5385104419476767
0.7972769791912059
0.4555475516165807
0.24688426482667078
0.46714756426902493
0.2179052995165382
0.137829902390713
0.5177399122355274
0.5354426091140643
0.15427311596913681
0.06954291402795941
0.33371703031609995
0.733110937388853
0.8497192486269202
0.824582638655594
0.37545535144170006
0.14297477553316648
0.709117271937836
0.40682606834378365
0.799287124225004
0.1312564079737092
0.44141800773219353
0.4907158949618002
0.7031410893758206
0.8352198787500152
0.6537100609987588
0.1933306368095057
0.03891544790175903
0.7287746104925643
0.32490153664898946
0.81207877005314
0.1487612344842819
0.4771682696577156
0.4804368791195481
0.5138072214931766
0.4453727437722276
0.5208798051061385
0.8001929129043466
0.5154304571971274
0.5529127462286832
0.1378211699649776
0.42784679885100246
0.6829518055387296
0.8703188059641627
0.279485395768507
0.5143067722472959
0.745367170873543
0.40312853286216627
0.4496326751411835
0.6341676868332984
0.9309879027047262
0.5659436666280753
0.5893428432671955
0.030942529042476817
0.803282983974165
0.928254455864476
0.4805236963032844
0.7158425643675351
0.3603838387243295
0.3871495952792728
0.3892659945409652
0.01702244121861812
0.5158980817548593
0.48724375061258335
0.7679688398323508
0.3887357193864263
0.739372503899695
0.49663082123454777
0.27097994468329156
0.7734518481300929
0.3442974191083487
0.636824473858075
0.44701588878673093
0.37088767664467337
0.6243829250921883
0.2505737085080773
0.08198795091789633
0.5143944222239862
0.3037876105023591
0.5285088882555502
0.7264801307365298
0.7349573046484986
0.6183011695462752
0.9108826800947554
0.09947941728807903
0.16235513488549014
0.8397689359239799
0.39632113418813303
0.5067228506896672
0.35249957306296154
0.06230892800416138
0.4415135300474952
0.0785054734509737
0.25538813602020494
0.25360435118607655
0.6048720668531504
0.13147043978199444
0.7380509215111511
0.4700043331718104
0.6652333297921493
0.5898573968657759
0.45335120689028263
0.6897384640037142
0.8528984636617067
0.8216853688751482
0.25349994479349836
0.5494185862112276
0.06892798315176052
0.2299965451385288
0.4106989717805016
0.1974968737141044
0.8362080345734623
0.3250053526884226
0.6258622673968081
0.3536489783451424
0.8825261555066152
0.4235008704798104
0.5598993649139575
0.7831295815084421
0.10276700283538792
0.14982801155403755
0.5062914407821514
0.8623819531775757
0.5846045252179076
0.2929272513758556
0.49861632746664164
0.0862208369496738
0.16675052281533095
0.7464465963701221
0.36542198398322334
0.5369966904933652
0.41014916348664127
0.16282327226782453
0.4349317760690639
0.7068051957589915
0.3936870580442546
0.484031042672121
0.5756498676487553
0.30865855650940877
0.8660140493306582
0.4911844250137184
0.7383389749823803
0.1689660154494291
0.16828200369362853
0.3247377193939335
0.20516661359508037
0.8612603549060264
0.4072340582272006
0.6051678801420621
0.529686308484716
0.06554213366613451
0.5245545239691106
0.0731473312661318
0.6300868973015347
0.4907546718249463
0.9024791828614931
0.6999934194630999
0.9414361592539685
0.9155104320248137
0.5921582533510049
0.8593926383252442
0.5985791858153595
0.6768975096597972
0.7182431487955793
0.72613771185575
0.43771897898817946
0.5679930700383662
0.6214746974772247
0.06638235679141036
0.31052248385615744
0.3937300439447722
0.27587266804842686
0.6348848044453678
0.9383815827588565
0.34280438117423917
0.9070276177876917
0.274825044076552
0.2976650822248248
0.3347935867943544
0.6385537795507797
0.728933331054257
0.6994680987216235
0.826502563188987
0.9110567590444878
0.22673592257336203
0.20774844292884065
0.5360070974985616
0.6066819793276244
0.46462120369514676
0.09157232984842999
0.1627495678547341
0.7413654085770387
0.7116310711007205
0.5927971740240223
0.6660795163321085
0.46865013592249904
0.2375984405891357
0.6984193630598851
0.8281218930705411
0.5706201333397638
0.5529153983347961
0.6269365794668009
0.07806336750478934
0.1710623442953856
0.6040987333187929
0.5353820768425298
0.8007177262508962
0.807259628621485
0.5477034498104235
0.34488722374014913
0.6957195547230136
0.7106741171760783
0.45292594020584953
0.5715483074771613
0.33321547890504793
0.7525746113654899
0.3869340388194037
0.6372729837211054
0.6095903710135404
0.33316032601319956
0.02297553312466093
0.031849625955717845
0.5158097366991806
0.01890758406986379
0.7733644898641825
0.6498542269443218
0.7893436214925456
0.145329445328829
0.5598740661125194
0.7953114124567658
0.07219593520695068
0.349892446757869
0.2816493565829473
0.33427835334250816
0.3896419634408842
0.7551397055285571
0.45927508563874536
0.8279088292325162
0.46979411219228817
0.3744283967935624
0.179102136704509
0.5021036793349103
0.4697471438720011
0.17451031216397533
0.5041169219709218
0.7255736337264225
0.02370172494130949
0.6081963685771485
0.5510584927871185
0.42878940993595327
0.40436910541891036
0.4313415732027674
0.44415421565840785
0.42217315011809126
0.23455390200475504
0.40652414874194753
0.276964971527078
0.10164198038707484
0.3207927030867155
0.4769684063392921
0.7844565915456219
0.585423740503761
0.7586178825377278
0.10604870420297487
0.5273642843348684
0.5514055532605691
0.8832569274237178
0.8089895136697185
0.2857894126415523
0.2547305561874126
0.14560791847702262
0.3000569750822241
0.2978663405904074
0.09087668807219443
0.29959208681718685
0.5316557243473399
0.5048483852145249
0.5805857257355044
0.44565160166236445
0.6503586043396669
0.8140279664731102
0.3462692124371103
0.8005927180516965
0.5083285298208737
0.0625463511808267
0.3948658879404113
0.11635655946415353
0.3943595298583818
0.5174657267995395
0.7689151539187178
0.5504210642070085
0.5811393139443282
0.2634007602207283
0.19064919116335807
0.6791766604820164
0.825715259976902
0.4996424967527862
0.823659281289822
0.9437254908536042
0.07776241183310105
0.09810555421305138
0.31942189958253614
0.6187432361392396
0.24854642325198653
0.419736393886856
0.6177965236545039
0.5490409400069225
0.08235696554721175
0.6398788377058313
0.6254447520411233
0.5337193778459094
0.14646943532968512
0.10958452301323705
0.758372209238689
0.1763940431373495
0.3565680224808626
0.10859009867767076
0.1840199292725606
0.5466888005901601
0.6872537615274334
0.7195327335587515
0.9270955628390088
0.5236017918634502
0.6699149483660393
0.5231765481813115
0.5868021833447047
0.7504493154377
0.44845777731361297
0.48726688911005395
0.8817369042831724
0.779709655687883
0.3082675965387638
0.700438627231897
0.6462137895451252
0.5027174892450537
0.7889044997242145
0.28865247083126694
0.5373066599781642
0.7385157913429508
0.26248465488786676
0.8054867599263993
0.7672981687695548
0.6161854110640689
0.772456451911339
0.6997444396962054
0.8002418487898816
0.1296476674249519
0.33861793078780156
0.6909429346293358
0.36202430962778104
0.12175119338776207
0.2960933917610671
0.07170539728813279
0.03903210761039377
0.5206194658849573
0.29122093698976387
0.4450753094752139
0.891485169371605
0.5289630998455954
0.900768118534805
0.49255078163615645
0.31348059222026287
0.3280339450706911
0.41200063686887906
0.09305135733594525
0.17713104653398332
0.16421785335490985
0.2936468473515184
0.23982822652897764
0.06696482016493342
0.25268318749159135
0.17592969528580124
0.7992948108222732
0.33739223140220825
0.1300124115449278
0.2789240283165738
0.6923406202096783
0.6403801379589269
0.7879173590003156
0.2892147885992638
0.8277862720987826
0.0005574475873589835
0.3945882923856001
0.6057945237785407
0.4281106155636009
0.08998549074568421
0.04078994874016758
0.22941083461563974
0.4439009145132829
0.13302988445560537
0.40696532821358206
0.7530836031067554
0.6773792948094035
0.3057983186309762
0.8329649696845552
0.7212741064469157
0.33943457407328353
0.658479869850317
0.5727778423390858
0.7440817940293961
0.22896445402268834
0.571478250935704
0.7639103703657547
0.5687534813843268
0.8367503408852004
0.8085220610967253
0.20426489259128155
0.7945884236804817
0.488747320622078
0.32539815686274065
0.12470087202223659
0.8312809863896594
0.48442985138501293
0.4939765636226137
0.5887875323581226
0.33487249297414073
0.260990668098906
0.90424004883481
0.20688617745251447
0.6226523173198043
0.3289122483155383
0.6308802493571151
0.7357031472519576
0.8568045079741674
0.06308824960328059
0.0830682364583008
0.23548866613489466
0.19771952806750195
0.4942138925153699
0.29567492844432824
0.4470375499772516
0.586847421096322
0.10855933761826456
0.5970103674186873
0.7515016347626149
0.5127314667697994
0.47788361170936083
0.02524695145078237
0.5253501783332304
0.84419684988346
0.5395853349063016
0.43969180962093396
0.6896753206664101
0.7975300967626652
0.16009353668830031
0.6925235781124329
0.3423130710322087
0.5490219510776769
0.7880186827975518
0.6891081680640616
0.0791820840466874
0.052414765287887057
0.5064157793472592
0.6666464914501116
0.7190379425000388
0.32705557430184057
0.673524524669068
0.38832121350130455
0.763850113677141
0.2515392003627929
0.5654056634259716
0.13225004420497571
0.3062286470118725
0.5338317783574585
0.496206464715164
0.08694402128769636
0.746765405818377
0.6984077043816285
0.07432352690548903
0.7071824441475391
0.7204133981022446
0.2889545031825539
0.44430670224659663
0.1699056132918528
0.7746179223735816
0.4584775766005294
0.11480526154615486
0.18038154835711315
0.6011058599574741
0.6489070760236669
0.8128453762277396
0.39711494824002386
0.47478588915254477
0.24237155140979866
0.22685391288720094
0.7212963906604943
0.4828966636513373
0.675697998878202
0.17619734628029005
0.3177958383319209
0.7306539965365996
0.6614450742820862
0.5015589417063553
0.49394260701499565
0.7329146401127968
0.8004374438085773
0.5312052647202861
0.7866714628285386
0.6095576846960825
0.2312787154657948
0.10412592940217734
0.47748224502691367
0.021841390010064833
0.5436817734042829
0.5285621927328478
0.27621109125868837
0.46748718957224816
0.3982617780489726
0.8538389591297247
0.7802358772054439
0.30474762240975883
0.6386775692556139
0.7360392035289317
0.14927274754968317
0.7025173199604582
0.6127854068757761
0.06934109144588606
0.4152469917033331
0.343159127284796
0.46822889280419117
0.5526546350416938
0.6359384029849714
0.5613159403924469
0.5248677624046209
0.4812944682453784
0.5503139280097749
0.473287191571338
0.37460295482207273
0.6724812561072429
0.7829642966612927
0.05571253900516538
0.36108852967968164
0.6049494084732974
0.2745839009164088
0.8909106608615313
0.4569128182399102
0.6699631254548746
0.5655698121281794
0.034269786085354095
0.5384002774015951
0.4475407142167376
0.6027375577966486
0.04070219098284008
0.5756044622490192
0.178196632369523
0.5846637541159656
0.3207982950832388
0.2943601863835915
0.46050350818281327
0.3670730099893364
0.10406254060116445
0.10325287472908516
0.4114709126687062
0.09787972809187799
0.17315382908203672
0.3349119948962876
0.5539632730706401
0.8471896685824126
0.6911072478774292
0.02297739677792643
0.33698785235903145
0.7379142036876963
0.49321106631234024
0.6574568218369883
0.7454217422426711
0.7334735799074074
0.7228032394292409
0.5188760427337515
0.18854644997402678
0.23128554521386954
0.19569830158626578
0.5458242394317906
0.43734853141891394
0.41133260039814834
0.5056880104841845
0.7512465826589227
0.4077506822056324
0.44323454373336013
0.25613314556642003
0.7683695478378284
0.6128229540844322
0.4868310598455644
0.31228645487364803
0.03787422749131432
0.37345024554233386
0.3711567953126431
0.3285150897936575
0.26163907903175737
0.7376295045298102
0.29673231357158436
0.5050879485424988
0.9213141514476592
0.4340583844680378
0.7453113241406806
0.7831343464790156
0.33690918309585827
0.30685066581577325
0.6160339036672742
0.02318007476585092
0.4382089079715875
0.15200178033042222
0.3751884926481495
0.9240641147417271
0.5373000727024436
0.650612129330835
0.7651525104361369
0.5131677015301193
0.565357092905823
0.7979467449338763
0.46022569373158956
0.4303430288524243
0.9467417350282122
0.4150323629026027
0.7307397196064842
0.54510803564446
0.9330852948012368
0.1825881034588057
0.40511831550880256
0.4835323494743455
0.7099991225079776
0.362875411834308
0.6357246447235273
0.23412249344347513
0.9524016115361225
0.6059298958656545
0.5620693359765085
0.7808379832851056
0.4512243778287085
0.8479724850459677
0.13099686376119118
0.5570367761180228
0.07366709651100295
0.0023421200945343357
0.8129167278814997
0.5381128882614689
0.5970229818990903
0.5064015184045038
0.5814630436862763
0.3582428800999885
0.8963945436170164
0.511647023523805
0.4668883304127468
0.4957247804750643
0.3871633403122491
0.5209825484077033
0.6482820747606488
0.18636445930125806
0.26836770457690057
0.6944767280102038
0.8637451685928202
0.17245470186946776
0.5790250462518002
0.4333892320823314
0.602495960803935
0.16495028698917405
0.6754583725895559
0.49332129333380004
0.0708909586589171
0.4479297370690859
0.7958279362360405
0.6277671327959198
0.31016608851874655
0.4320510488745338
0.8586398191039437
0.18175226246787568
0.7256903725959593
0.27000214089886543
0.6464665789150729
0.5137928045335534
0.2213349514027799
0.2823511946521647
0.5561210814856732
0.28892422706316334
0.6326854527150526
0.175356417632887
0.35856528561094553
0.601830513887242
0.8420142315518909
0.7966740926077868
0.400629189982354
0.5457717727541503
0.187419211464238
0.8637515227355557
0.8135666582886605
0.7107796232221294
0.5590118661192374
0.4142152277388108
0.8740355408030217
0.8468328045689465
0.6178596188794545
0.6327599046420886
0.30009227188686877
0.44391571048137335
0.3866228843554837
0.2791849801183821
0.4115469579514403
0.8533729542019679
0.8018222394508775
0.9324093029032561
0.1997368349908374
0.6369041834482655
0.6443306623511812
0.6528441567569832
0.40368587682342244
0.5462421535042327
0.9219132617252532
0.3318544102657923
0.07405730643753984
0.2165584067700127
0.22791365661424265
0.7456923381127475
0.7776524002046867
0.46173659583848853
0.3279491091603069
0.3686157964467139
0.5862384184698672
0.08251850267363466
0.8613751279135468
0.8812340890958047
0.1332889487939927
0.7468486143069533
0.5743129681663494
0.09089930261477154
0.44042976030370024
0.8676608855771392
0.8754147487544779
0.31569407441372743
0.46924792375781904
0.4520701459058655
0.4209191084362736
0.38695008016378984
0.29657937820655245
0.7245781886377378
0.4281509572098984
0.6808639093986562
0.2816493565829473
0.4574806857617937
0.29752465369052367
0.5762595044138452
0.6746326274063663
0.2751981858843471
0.0889653013430204
0.501160027728488
0.4089543293574654
0.8124516271790287
0.7704775639966845
0.480244884693006
0.655151893052021
0.3535974301826652
0.7031954605189614
0.4381835111823066
0.2584616191009016
0.8251496429955542
0.6164034282653226
0.8644881956405356
0.5138604571450569
0.8593669030070163
0.3613972388359583
0.511427426521522
0.797440691323426
0.29746698839207636
0.7914055005723396
0.6693599071138856
0.855218922664269
0.31470740660925944
0.644259902486576
0.9213685190856027
0.40100138261228924
0.507944606277331
0.44196740864796025
0.05719133940842113
0.3032973114461896
0.7396072781211765
0.5437151892055034
0.3362150039554822
0.4021469233983149
0.1811342287564013
0.2410217009975018
0.790221952721666
0.7611128555284943
0.08985149405991145
0.4712940377947728
0.7896414681409121
0.11314664668310241
0.49221555197398714
0.5765081587116674
0.7842982227594265
0.8377345710455408
0.5472996896276342
0.7115404263241042
0.44912067801323413
0.7305194585178163
0.6766376260752088
0.6549408429250276
0.04156619422635664
0.6612368507140757
0.23336246927217066
0.8359989109080166
0.595437446139484
0.2870718970707647
0.33652945546653584
0.6210550849188439
0.6411830187081177
0.5187021176394712
0.2697541584608394
0.12663845486584635
0.6359582521413231
0.6142534219973727
0.6462182547625662
0.27950078615357954
0.23619604474429193
0.18543843902366922
0.4423737673596667
0.6891772650744286
0.8440957063137029
0.5495022523830709
0.9109443396613435
0.013232103987303196
0.27567676293839777
0.7099282771943509
0.32683382556625007
0.6750370974654649
0.7248648230314813
0.9496555996063458
0.5007642871913096
0.2514635446948487
0.7445737846439516
0.33142952786302354
0.7270460896244413
0.5365862963875426
0.10226395795389649
0.32191612833621974
0.4158253756969303
0.7097511408630992
0.379793007134411
0.44980819500044156
0.3150541778301276
0.4444099556857606
0.1044121946888648
0.4151464905935784
0.6009862979336911
0.41321103139445065
0.24770762635085622
0.18454664586086894
0.36158697041682186
0.47014513742926334
0.7036155375506316
0.5174670146611485
0.40376127419118296
0.5382701058790095
0.4115797399413719
0.7477807767440524
0.610493231911665
0.25838011627511454
0.6461056519115281
0.5285991604844783
0.7841538631164479
0.4537675633530859
0.07017794850308866
0.6691162686261345
0.5074312871883537
0.8634467116940361
0.25366796190994273
0.15927610018980912
0.8579274553556238
0.7494918811515798
0.466172892141048
0.2891647114291353
0.5002672089202935
0.08678649533957312
0.10721819293303937
0.17644219376390208
0.4342127784093921
0.17296636921447103
0.23417648198872754
0.7782810983106504
0.4776708544688882
0.7411693820583698
0.6552627768252626
0.39628609544171395
0.7353945115537439
0.7159093459237065
0.8497989366316546
0.6766920831511286
0.8811891276278842
0.1266950604300523
0.31313318153724407
0.5578494692805855
0.4819522827876457
0.6228609294380321
0.28381001742751255
0.016933693961411332
0.7576044188145737
0.6414661935357286
0.6686466792111303
0.4957355260905846
0.3701963146854238
0.8369268116027915
0.8396245812017787
0.6791955636382251
0.3667847805407512
0.8159810131267897
0.2766470843609319
0.21366929604066356
0.28038677095883374
0.0643217557549229
0.33663233816386334
0.8983828615923048
0.8918992768460845
0.786049584151151
0.8063784461320034
0.11610659094198414
0.038848376257362635
0.3464306078007135
0.7808110362480813
0.29594912671693824
0.2621021086865514
0.6331662297312556
0.7220016774869182
0.45838281165112443
0.629045210474035
0.07978082610034318
0.07456045912315072
0.09734381236319446
0.24649900544886585
0.38297411468106685
0.274716821334275
0.898489380636474
0.5744677769667828
0.5327732124942376
0.7365079776730196
0.8537450962885879
0.6961703805171134
0.2702243203582222
0.5356084684019823
0.10796667813668563
0.6644364847301774
0.5628937781860212
0.7147757831063971
0.18170692564409383
0.16182735069443244
0.5211147006033596
0.4160900950751182
0.2489433409330251
0.39691180166521184
0.7099938825499434
0.04129388372633174
0.6152352316141272
0.7850869764925095
0.2064189168975863
0.9380348732395707
0.7770061737310011
0.6678110713073958
0.8352699746470269
0.3736793332405519
0.15704068149055156
0.34836551503748064
0.29865877182718903
0.7606239418120315
0.39579944846790815
0.765901575479023
0.4522337098543987
0.06552248412850828
0.6754583725895559
0.1496261551048313
0.5401621482456347
0.6877792957156988
0.4053957120514552
0.08965336805508567
0.4933250512755687
0.47584748171846275
0.6563844333938947
0.8964501812811646
0.37899898975905666
0.3343446908218857
0.3890637766794395
0.5108860373508131
0.07307288263468383
0.45380236701523474
0.6814027687774611
0.8953718875176194
0.3344552179353788
0.5782587663866738
0.4602957074574862
0.49135755980759876
0.13772536202243413
0.2442936904911841
0.6477375216144979
0.39889409605827103
0.2996855720294449
0.879912547261224
0.44613410901479456
0.9151173410972198
0.1720002328602419
0.5025463034053087
0.13532950053271114
0.5474907333277126
0.2547494030892116
0.39457556219973317
0.5344603774535517
0.5437731355153547
0.0014940875669332918
0.36086608152244987
0.37522334562497517
0.6829505646543172
0.8928723343859657
0.8908041874312156
0.5815700928233091
0.7142197873639669
0.40588404833689024
0.13138705515321256
0.5314111993966266
0.18929415074108674
0.8013020854637675
0.18440882800275424
0.5668148226010394
0.9119870966759344
0.8890685883815516
0.8942332077675132
0.33354067749923744
0.8848794178090404
0.26793100775717626
0.1947904052356545
0.42177633534030734
0.6713464246655786
0.8394970778368274
0.7335679240517711
0.4074142662700278
0.0651548842754518
0.1052293349869462
0.07507696028022229
0.2879951124631791
0.49967330557231404
0.8873928063830997
0.6013752108615039
0.2467005412446177
0.22470396125399145
0.577807556125642
0.8634476848845147
0.2675831707120769
0.09790247154972621
0.753488610718732
0.5722952586923982
0.6092215568674498
0.5173658708396928
0.7781218961445058
0.4800912390937106
0.5589825438334639
0.30053440986276747
0.4245760911139343
0.1530097708275132
0.41054976483664346
0.7906987490013377
0.5126114503829995
0.6394326154150197
0.46956294552746525
0.5211901851750641
0.2697541584608394
0.33233013666304106
0.5067535775396496
0.5095511103193229
0.6676028744994411
0.6010995971971295
0.8014575971713388
0.25025842907816076
0.6759624763591968
0.26374087278146924
0.8098311918644376
0.20610844844190884
0.2982339704187471
0.14543894390853326
0.6668322080413461
0.8432611269649865
0.08575406176823411
0.3424163483984896
0.7080963072318934
0.4306137290054017
0.39118465490037635
0.2164626078576156
0.6990961889150756
0.35679194670168324
0.2989783380498829
0.8977531415036846
0.46416177153651195
0.3112893031021121
0.5686999764914764
0.2971867135002679
0.06172603255792469
0.4763269235384535
0.7783223861741901
0.6208712301738861
0.8168544890507118
0.3919225633338619
0.6054245057180988
0.49885890452759274
0.3354047508236581
0.19759216717257244
0.879813656094147
0.18290318661359686
0.416901932865753
0.632567097573142
0.7281863714583136
0.7229751764912913
0.002292237465665316
0.645783838124829
0.7338408996720136
0.3533837823433133
0.5920314062966482
0.8688369130066516
0.18547389869246997
0.4747048991704786
0.43514853444083534
0.6863802133750541
0.05845462987799396
0.363339963506146
0.7238344210796622
0.10349459272420149
0.7240431566119316
0.7223721055000364
0.4127226012684418
0.5948420544836251
0.7742532248537717
0.6154700767914728
0.8929494084086057
0.2915747395182474
0.27715404754591033
0.03782653234709795
0.6309900548653609
0.7297119766516158
0.28633976662020566
0.297267274140587
0.5684787908973853
0.7607577135974234
0.12707220023543248
0.01963475800185954
0.009763449363738439
0.3668369223018566
0.34853481845421597
0.5210736683215664
0.7023050628961626
0.11201472777040314
0.655291461089239
0.13423213436168646
0.5274613972884831
0.7364565198382677
0.6350968504637349
0.8106206746623658
0.6089172853413739
0.8920169656714912
0.07224398445548397
0.09465516124243188
0.7660882343800569
0.4027129020864116
0.19574802269921743
0.6693603601909041
0.47539220239647484
0.7663124022027971
0.6646347399603335
0.37934916144621866
0.3318429269886629
0.39436440295882524
0.4920376216734956
0.2551667652774515
0.582590931804759
0.5174782378154628
0.3469014033848418
0.6394025789819134
0.893740304361129
0.10549768531740181
0.8843574078141125
0.568195733348874
0.729643630739591
0.43967528092786573
0.9711933152608606
0.5445164763719497
0.4671469495048432
0.013876014347208542
0.4330512010095746
0.5504957270446894
0.2653178101069581
0.785424995680971
0.8019009810423338
0.7310493462210564
0.5313546613611915
0.33138099792063563
0.363203353383245
0.4121901668253534
0.5724669717550228
0.0791820840466874
0.06580914133050844
0.6857767706295621
0.44597473369685686
0.7285131007599818
0.6636639897673341
0.4946031948360153
0.9220568538763467
0.24996610430411836
0.6129608510827361
0.8219279478134037
0.23431158367349317
0.8338212894311676
0.5480402856864992
0.7992854718672214
0.7500187626228809
0.38830621347506905
0.6138619230796971
0.10216643954765359
0.03702062131080276
0.8188555411321677
0.4720642182754123
0.6268098126862945
0.6145325951376531
0.38169069390005556
0.18582892497315728
0.18146489519430908
0.4878408649212015
0.6607653568993876
0.011234522173243396
0.209554063975251
0.6345863041666389
0.24998092658408838
0.8025106900720271
0.26499302110512984
0.19885199803976164
0.22131147739730866
0.4566538866548767
0.660625167937091
0.021631042203107145
0.4178147932164404
0.24966414867428208
0.4671248788866415
0.013031108127603379
0.07006682991475334
0.748638282069858
0.8446450619592466
0.7157666801582356
0.8824291404804903
0.48823844252195464
0.39297586025605813
0.32292529846600326
0.8963149579754489
0.9330081480421141
0.9018995591135079
0.3235058000746238
0.2934958110794484
0.6832302361890864
0.09650730003927968
0.9122415064958663
0.28189037253921895
0.176115561092002
0.3547075358248324
0.2384346234104509
0.7538218391901805
0.5651980802490318
0.6377727550601234
0.8437577233077754
0.14518065480268114
0.8208163998005376
0.5452567504445301
0.1458149076395578
0.7841707400966308
0.9367161348564834
0.674099409696784
0.7411967685856766
0.47666161463947015
0.10355554837109195
0.5856199147110057
0.1672110958909962
0.9068087362884858
0.06759306437741065
0.33604074648776855
0.20724113230301683
0.43688095881851013
0.48169355739051245
0.20170345028981537
0.8223190170370799
0.28194141734427214
0.8527471066385659
0.4469907927375687
0.047622591657503884
0.5420852414420945
0.41392322490033456
0.6232796561530843
0.2941927623061737
0.2789948385543056
0.012826642648420542
0.5945614673487006
0.49732188296127683
0.3410667366579861
0.5156131561198215
0.28281907345800866
0.4333119694587366
0.21028216283062756
0.16621995173163454
0.384772562244916
0.3306041182248055
0.4300738743849663
0.843324239781583
0.4675145213233449
0.5928852558088982
0.673586779287962
0.6407496458417686
0.5579210746101899
0.38210614215227934
0.7118064464099891
0.5539666011117488
0.6842317865275283
0.1661221274967725
0.21616395125677024
0.29636943828097906
0.43072475545077704
0.6476605116358974
0.6098833299729653
0.458839660345933
0.5068179708628695
0.16250488452823147
0.439637928327356
0.5968070158559841
0.5678755315051561
0.17944639515873936
0.20361362508988423
0.8104062309959315
0.26486001801573933
0.46954462161221705
0.947963208571106
0.1762357999874724
0.41135272241252036
0.602152218629388
0.5403836496348527
0.5644356626120153
0.2256272869277259
0.5791187778323593
0.32455291438278455
0.7683580210169472
0.06011227230671752
0.7094032436335894
0.3639708713732216
0.6950852949694586
0.27616361285667723
0.6420396673356699
0.3225143031588933
0.4123898811843571
0.8533826785591225
0.2911398066254052
0.8327693305098329
0.717295249928528
0.4666843732741018
0.2496753276556512
0.919750882645143
0.12679025571079106
0.057201282404228455
0.6840050955740705
0.4490975178181133
0.4764674598213603
0.5005871544869751
0.3867995844956711
0.8494691406960602
0.5100239474736326
0.18900945374264347
0.47804846607598395
0.23024568949932683
0.3141610535378505
0.3101249299296448
0.6919466870263163
0.1789382037620828
0.948436365819285
0.07106182446520518
0.3046525686403851
0.39298314236661225
0.4937567489606364
0.4099241747540853
0.07799975455744158
0.6333552559784336
0.5014891600109619
0.9093218231427902
0.07479324134429025
0.27290648223907776
0.5761803577448997
0.3899644600610288
0.39092704776700876
0.6748947668460205
0.295805800805924
0.5491337385079119
0.49255539191949876
0.46380440453203703
0.32662011234940763
0.40013274900451246
0.20843693653868645
0.10316423257206978
0.6523277242920712
0.8087690674755054
0.794060327813793
0.1326829832846953
0.5932214450210257
0.4894495455019989
0.5852837766426849
0.6579922091650965
0.20120041546805073
0.3117563151920196
0.4152180026463223
0.13740518868088533
0.8703896651148966
0.8318004730407244
0.6097495717066972
0.7335988797581244
0.6151492117265559
0.3214095312166813
0.35359279701324886
0.8798422890511127
0.3506263848144253
0.22370912511475413
0.7452068757508874
0.43801634414222756
0.13778183700748542
0.5801854202619705
0.3374828805709365
0.3651301928928179
0.362293205536842
0.7344701309087542
0.7170586016454981
0.7358499273761747
0.8279005335242572
0.7117687627356498
0.680166158163755
0.8680841398804078
0.32430450556561463
0.5971023389294553
0.6344845101801818
0.4655321199490461
0.6409052323838423
0.5907814043966477
0.8098497018245907
0.3436091435377577
0.6188499561809826
0.8155223302502561
0.3994575286856979
0.07278976673271423
0.15739116454317073
0.4211094299377599
0.6000660736127059
0.5670544791194508
0.5237378300142533
0.4643722653010133
0.6580401754233778
0.67237547229906
0.22977593026923523
0.1310161767422291
0.5562953188406976
0.5099608541588987
0.49004209061326104
0.4425153038049311
0.13005690544943502
0.8347433077015854
0.7819093263623843
0.7882767440922929
0.030753724710452436
0.26738207559655064
0.2856697709021654
