0.5361902374798863
0.5251548064410689
0.4835548845802419
0.15347757507422458
0.311519462068671
0.8856413024013269
0.4818268588161012
0.3797431276179026
0.4540374934503432
0.6955787604172087
0.8328002608867002
0.4887157631644788
0.39607129692940457
0.28062261464995747
0.15680577822597921
0.286088711499637
0.25138423329120074
0.7982724505542154
0.09140762017201287
0.02913230645430117
0.4475085861177625
0.6716822878749679
0.2875101244174169
0.14594288829090113
0.30291936834180944
0.8975732690979749
0.20597898812148477
0.4397863088148682
0.5577073245506718
0.6221308159213269
0.29039698029899474
0.855132771573018
0.4466962371143733
0.20407739567165548
0.8528252107181031
0.54423379527325
0.0828358422289709
0.8641952234567034
0.19608935428808236
0.2403531250170164
0.9138696239467203
0.1988021006099696
0.5727659514421927
0.5937538150356029
0.794206841437897
0.7926895792610696
0.35046362595980995
0.893030773960003
0.8986532970304779
0.1812234623679495
0.17197467602916808
0.5201406030594251
0.9345725569792438
0.7134250192069739
0.8620113841232202
0.16339608467417585
0.28173990650921366
0.7044647717432753
0.6582627015749163
0.4396458342847139
0.17171471460972343
0.41654327620468495
0.8878093834710152
0.7112274271707687
0.7298320932174929
0.22810392720990277
0.31752097618361425
0.8000179735629966
0.4256480958576168
0.20433969978745561
0.29568309326804665
0.5606047238737796
0.02992552541497147
0.4857072981300472
0.9093894361472925
0.5525816756010309
0.4476437970486368
0.9213599312535823
0.7786970531312255
0.4864171931804963
0.9112536106076224
0.4935426949011231
0.6839879043145561
0.49778243540367156
0.2331174328057334
0.719804344480165
0.10286396037370997
0.21148413881359476
0.4248738621834934
0.7019735033777053
0.1221087363450004
0.4946717586116433
0.44237211043503283
0.42010707340015313
0.7777288408113119
0.900466112863464
0.3167391845875383
0.26200567392968366
0.38871654953318174
0.30920480178007687
0.014820870935282619
0.24382504814379452
0.07828149471876827
0.5531578265851602
0.07678647285858223
0.7574526347975347
0.30278680797898283
0.4818467505789307
0.4692746492320186
0.8702927174163844
0.7419849292097316
0.7042058221755908
0.5653445858379925
0.3376946359768261
0.318671782586925
0.33810425246743225
0.4601664886943699
0.08353108152217462
0.6796239471743899
0.045320827696401216
0.3853561794956717
0.38074987759284956
0.8966820019826927
0.5697562397247302
0.36337290248535237
0.4715267060721467
0.2717515622692139
0.5719494238154268
0.13956155733525913
0.7833288981897999
0.36741530522185284
0.4886086922500108
0.537420642477505
0.6777383567416433
0.12567222374803164
0.8711543015934696
0.36366327411491517
0.21545867950492578
0.7107563534753567
0.29667382344511234
0.6589318854897112
0.720859417881766
0.8697974872143182
0.4426442138251945
0.30021249303796665
0.8659280101998759
0.5961599671802391
0.3922926357224067
0.1362822309814783
0.5810056159375867
0.7793030609286054
0.26775404799961583
0.3871760298611905
0.8662872430455016
0.26945761561541703
0.43239999016247854
0.22555387220064732
0.5102757468828552
0.3138412266574256
0.20686931700845018
0.41091683271143475
0.07414937971373768
0.305522867891359
0.7795662492823271
0.34071320763250323
0.4170588049861942
0.5111536838504332
0.6165156262013831
0.035803093582111326
0.5686396814933752
0.4864796443049849
0.5643700609246887
0.6186715404855581
0.3956317117862774
0.8135515997556944
0.4793484777167285
0.619279617032065
0.32833686872375595
0.6337001903824602
0.9182783389353351
0.2577467962195263
0.4222976943696888
0.4369528881498699
0.6973939538296331
0.3701826506417349
0.7873383135354914
0.4157571906083801
0.749291223395051
0.8955345260950577
0.2996542838565207
0.500900257253323
0.15300506737912256
0.0988218819830145
0.09276065656396466
0.5339086788265223
0.6102422059542354
0.17239322447987884
0.15575449807372996
0.38894748100786
0.5395579021860695
0.16714815814785594
0.6219218544291575
0.905734119381363
0.44302187257281656
0.6266419894227159
0.7724325811187195
0.2238058814487981
0.36318801461102984
0.24786058898998947
0.34131916298915904
0.2953530897988847
0.8288817983804084
0.6985451116260694
0.3018963152739693
0.9204960569105279
0.4741293956896632
0.28933805205149876
0.14654797761601202
0.3598945789918699
0.8056297706004505
0.8517209047106148
0.6151172118677942
0.3285415758543424
0.4836408702249208
0.5919873483132424
0.6000044512910172
0.19310146345951715
0.42361677553271954
0.1561040111350671
0.9121239347047811
0.7119586929516099
0.7258306304815617
0.8298683290989769
0.494249263388337
0.8002383632849144
0.4149791225044582
0.6971664452943354
0.010535340015223776
0.17361868130149669
0.3220244948154845
0.6741989586981773
0.5001224195020904
0.6635580901173702
0.139316838876954
0.005249013826781936
0.844969118114192
0.6200849878009372
0.0988484513414088
0.5257761431022233
0.6076034279405548
0.4602187749968825
0.8354057329256068
0.08926771339529538
0.5359289953240892
0.163406566843671
0.7186480784150711
0.3104484803981321
0.12268797456344088
0.6506057599579158
0.840103464563161
0.31891208859443904
0.2926368978370065
0.28815582541206425
0.8302883456141239
0.7189242659603328
0.5874512266419027
0.8150451130504481
0.07489375288733047
0.1509781346434437
0.15746925732569148
0.3425200379434334
0.7947575873511533
0.4263327774347768
0.45630180727113323
0.15177372816598667
0.8944845192612406
0.2357303130271549
0.42995767746458696
0.3117755973449057
0.5549186430683023
0.31877879323551356
0.6673483473985107
0.5815045729830581
0.3077499258295841
0.8478476076251935
0.4940830561407433
0.48822965109586736
0.4799165262913092
0.3045732330406329
0.7690964589837233
0.7657159640427492
0.7174127521694044
0.49659344899854124
0.7620085989793832
0.658097234866256
0.33961867244885274
0.13147833045770488
0.21510203070592734
0.46423216581562843
0.8842942087463672
0.8997198089527985
0.6100742532526844
0.7230869884821715
0.5101831169385054
0.8614256688426661
0.19272443062589834
0.3812521325334687
0.2333662405318275
0.7291077332855005
0.07009042005069294
0.01714984433164405
0.3586142528839033
0.2048632110515788
0.2876225184516825
0.4313727417323986
0.38070582399124864
0.5687207017662206
0.25252669725908256
0.5768142276570839
0.6892746948195639
0.17228127518792222
0.515744431732666
0.3478812079649015
0.677114333440578
0.17326586482302012
0.9201985957246901
0.15466677927131667
0.2032616964341933
0.48305316203787463
0.25562270178566593
0.12600724968580537
0.5749266391522254
0.8334126338555111
0.4782547240470273
0.37625421100036754
0.5745009122084658
0.48843280928456156
0.625643312142453
0.7445342541460284
0.22544686474589082
0.557009520996477
0.7607346757246444
0.5725847827741877
0.26061369268379136
0.40173365113054155
0.309520259858957
0.6019887260314509
0.9081374854008438
0.39357857646107575
0.4091900544888442
0.8359894224322788
0.639335883210464
0.27174827910386484
0.4712266339970163
0.4819514157637258
0.3676466992037314
0.5021363930696459
0.5327804868367316
0.5600694067182925
0.7511284873618468
0.8341397704088298
0.5687599080643244
0.36376891564463315
0.45956902791863574
0.709639771392989
0.8813480373869254
0.41552613959262114
0.36157042844206294
0.7189753965918316
0.65342263053381
0.5664399592022757
0.606648419400493
0.34382854248035705
0.524909891769311
0.047119968551370316
0.32544619094688554
0.056126728033094014
0.7766434244656434
0.5115914619618276
0.19161948877672133
0.7749216165367244
0.47566888426826237
0.7099193173997683
0.9144497431747931
0.1411423889871746
0.09053394158523083
0.5504360351153162
0.47494498843506583
0.3414656101509517
0.5784818161678189
0.6382656537259441
0.05531374817866621
0.3752784726016527
0.9508837410894577
0.2159795705553486
0.7315742002506676
0.6912578373922375
0.889052353838117
0.199788829796122
0.4411871952697907
0.3911442958364739
0.3565510213157601
0.7507922023211359
0.6377209027678855
0.10603256158544597
0.6146595203816185
0.4573224972002944
0.07394997711227758
0.44078971912629017
0.4287701101653052
0.4815310574993412
0.46316711539779215
0.055758421157798416
0.3008700041151093
0.8711652598195107
0.8907517660650304
0.8111451148278817
0.017519280148982127
0.6328661327250349
0.026962159240347283
0.5543570992084399
0.8031833830627684
0.8143602366604883
0.7414041149306576
0.3274761575523538
0.07780958199418887
0.8176633551409217
0.6998119990244408
0.45552297924154517
0.39374156264127036
0.27313279422296277
0.6132373659787889
0.48719125625496595
0.7016031856179901
0.15841106312397998
0.250357464150504
0.25560878870853393
0.8645249321131127
0.3396114652777244
0.3916859412307651
0.5679210230847408
0.20041442109629584
0.3297642368882366
0.29484806608944664
0.24471695633951798
0.8480149075584725
0.15626076580566545
0.23934794084077374
0.7973011385597902
0.6428620426827332
0.9098873442124844
0.7498454599957162
0.5168156713443245
0.6155400729743257
0.8895706322286672
0.07857115738177661
0.51337955862484
0.3238398198119046
0.7345106102844926
0.43223500186188285
0.11987891691849718
0.3370759815310291
0.6944992960745492
0.27053382571674534
0.9101448921811071
0.5052596309703574
0.35425726426102544
0.13653295100150903
0.4228802199057883
0.6859620548425158
0.6903243963230666
0.4619746136363709
0.7796713179138268
0.6440147105174372
0.7629186084885657
0.5377119529941384
0.7879649021992965
0.3030478729273762
0.6962593074578673
0.7067115637295941
0.7262697379450646
0.7750881042323527
0.6271577377194364
0.5111625075980205
0.3944547543459588
0.7492772138937921
0.531307726327544
0.7495598846042071
0.4202861611627951
0.36393662638245255
0.47254055219370833
0.6030640257774839
0.4782515334525259
0.745528221947603
0.32663126273855675
0.3535604667583226
0.07516752262458555
0.2242144727114601
0.6700512632323299
0.8006361386907633
0.25359726638569285
0.7574690499937867
0.21216757000201492
0.24007499910497773
0.6160600156826477
0.7237791574772328
0.6109406411706916
0.13542683910289477
0.4432781587177791
0.054803736070480585
0.23909838063119168
0.8223279419888117
0.5611374635428066
0.8813471021441704
0.737437473490914
0.43161962755360517
0.2679824899181304
0.8706863653637108
0.4173367804400861
0.8548960876963473
0.5287643176872245
0.6803639447601079
0.2357691248943656
0.5645398560902122
0.6861585746685098
0.6037409934910535
0.35570244919888083
0.23914154844973295
0.8264475920315174
0.6434195820927662
0.8782072075433631
0.22263994705212473
0.5276285588817122
0.2797581685833935
0.7870965047461057
0.21148413881359476
0.6403758756845565
0.4348085611395942
0.30722822614807543
0.18848371672515082
0.5327051711180228
0.8445513464699553
0.20594317819997107
0.6603273536283394
0.2218466769992102
0.03266361717355879
0.49369557332363506
0.1451560822918035
0.4146204724875993
0.7090495217408214
0.07794362729910718
0.47600320302902144
0.6542360713101947
0.5336486390923012
0.5633532480098196
0.2075283797260065
0.10189090051903363
0.2562173834190061
0.4145549153865895
0.6917837224592307
0.1050708149247915
0.5148124608443494
0.6496518455249454
0.4498744269203628
0.15386669207930287
0.7360763107100406
0.4592935553335421
0.4350904555305091
0.5919170284286436
0.6300647201110535
0.8880343816831787
0.5174753191387605
0.7826262570367145
0.4990651465687584
0.3573627562221897
0.4049145539418575
0.4303919662051443
0.6052453181146221
0.8771977948560368
0.7315624622161528
0.6384151691176859
0.4089124206536326
0.4856387916905391
0.3320420898944428
0.36566387288794894
0.8211555520667833
0.06678543168942273
0.4335158505951078
0.5464349193945038
0.6126638238001132
0.8879116758432463
0.7755020404912614
0.4320166565051297
0.485228184892173
0.5445085898374613
0.584094436715231
0.6376178182582217
0.31898935389482974
0.6875847133507295
0.1663381050656353
0.13363550563999582
0.8991980496951757
0.45008591407210025
0.8495474323870905
0.8859484552905574
0.2346609678812706
0.3661217425424484
0.4926684728245866
0.18192967732217097
0.6497288040858816
0.5980339648590233
0.8993294018055984
0.872128152644644
0.9288605912165265
0.8574672754104617
0.3366115565154009
0.37336313457164466
0.5432982124139469
0.4899306334450438
0.3217055680892287
0.7114196903286432
0.7022662532325318
0.7424125874764803
0.8938990658097736
0.9191973688062567
0.6290479536622247
0.660660699705504
0.5849704448500938
0.3175147604153452
0.15967426165119655
0.7237018794168221
0.8882612755204876
0.7496363660774295
0.5757729138640372
0.35064380941081513
0.3890364010077986
0.30752912472244054
0.34006651867414833
0.6935621691160043
0.8597382419351997
0.7896304198483571
0.31962711079765493
0.546769341978024
0.09662893680569391
0.7835247591781027
0.19715191559157386
0.11106640909345632
0.24898995487456455
0.23498024453894914
0.5313003303072766
0.08351923858496507
0.8295094176649072
0.6143337626833786
0.0861367597312041
0.6525359803152656
0.7829488517180689
0.39750069717973635
0.7226050343270024
0.6956097851090128
0.3029237590857271
0.7661530708661914
0.41889738069921784
0.47350276915136835
0.6885032256224326
0.6523765231152721
0.09103771202744804
0.24358442724600513
0.27328135550856514
0.5207417228393475
0.533984448130059
0.6291491637015275
0.5661941597838239
0.17284837578456
0.14362409021302658
0.7693634678248477
0.21386366714500968
0.9068061914041614
0.6757419516737702
0.706666236207421
0.041388144996397994
0.5969064167044116
0.1607960049905961
0.27896240070269507
0.5699894306944912
0.655296956225623
0.5643032864701318
0.13042122242626877
0.39335550537282493
0.6518919289118181
0.5215441175927302
0.5900098225063055
0.33034010860786134
0.16068919212876423
0.6028921486789989
0.49727008401919315
0.8431221463449192
0.048418903412812186
0.7134046205358519
0.5782628614113585
0.5747299730225762
0.5082587103829498
0.7772437405881969
0.3561841470454562
0.4805667543137807
0.33769619648699467
0.5462056108083356
0.4759280243735764
0.9385549972253708
0.7147207035190979
0.8656013526467645
0.734719861066554
0.7567609570049081
0.4491364749272554
0.23322365368875564
0.13142567614368644
0.7279265538483849
0.3088813990280511
0.2394347380326528
0.4900560009012264
0.3451861536430124
0.7069096569262018
0.4149917615040127
0.3774094858215868
0.5064912354633465
0.8059959852821208
0.7957497512989506
0.5188380964725913
0.7983980170488019
0.11455727994272745
0.4648026675312822
0.500690749110594
0.8026269638089517
0.703445619176026
0.6749099916884599
0.1260256397144052
0.14030938747797936
0.4251169640952033
0.7191496650803503
0.40445395121443994
0.12933634357649804
0.5720787248560861
0.8476952857475337
0.6522836965888048
0.5055137703508363
0.7527139830589636
0.6828979057001173
0.17452259590543423
0.09943920991252551
0.1748629816481731
0.15101488633132892
0.49854943799355156
0.543741736186623
0.8382882004962446
0.8641078247797976
0.02838628719438729
0.782261621471736
0.38206533385953617
0.363414801771803
0.6551104710345188
0.5753680916143779
0.45426378722149924
0.5421490377970754
0.5835689006382572
0.016065424074261148
0.2834870298472444
0.22396081701979997
0.8975782561408009
0.553930919683411
0.18207700479843347
0.44807322634230506
0.5643287870516813
0.6771236157777031
0.5092610296435326
0.3714859222706307
0.29072546998617854
0.2440737793912686
0.3895900571772833
0.4780022860398905
0.22267240944001224
0.8206615761648872
0.19819162531785742
0.7897018600734085
0.8506552679767495
0.6471411124357789
0.7803078075856779
0.7540820688435914
0.7335236108201179
0.8349472028444599
0.6270425802291892
0.9170528730409571
0.3848745830986933
0.6745416129300975
0.7230130349981239
0.049326152084806556
0.5579835759670172
0.6341547761869673
0.12325399813308685
0.1487024489027763
0.07739252316654999
0.38502626055782263
0.7404817451787724
0.46045999110312863
0.8309183872627708
0.9707344067704314
0.21208580885133246
0.5624438880223885
0.5297204480665808
0.9040671716194654
0.7820753627793668
0.2493635257257992
0.5926806509829025
0.1781442712520474
0.4238293655653349
0.5372809291423559
0.8118434161483651
0.13302504603875318
0.5768717235864692
0.789894649571876
0.6483813497866463
0.3844757073597278
0.31015338196997255
0.8970618721785056
0.29672549145889265
0.19879821226485547
0.47778000718103275
0.01537384704397527
0.39369609453945575
0.4645864001880122
0.6032072737329566
0.5904283515003698
0.8622299021479088
0.6122514340760558
0.36157281684949844
0.6031485445696096
0.7712378778341107
0.6267280082578934
0.285458916620354
0.8002392180464194
0.18859998909461245
0.7124668676881629
0.6729396773088655
0.06177091103457199
0.12911082154210546
0.5596682097164012
0.475234716024524
0.703561674983985
0.5605756058994432
0.2528830082551414
0.3070581019543955
0.1828009106053164
0.06819995155946114
0.491612562535692
0.9438536870236615
0.9443098037330213
0.3129412587217011
0.3674464577107958
0.7415701610483991
0.7601004940658139
0.41934740266123094
0.8464958577259593
0.11609926541671699
0.5848908057704147
0.8727967866961567
0.8277987013525868
0.3711426717852518
0.49771448317702355
0.6784527393453342
0.9213135133644881
0.4076627990909145
0.04542842337702329
0.3036309238626549
0.6081530660874735
0.18881389870442833
0.900149255688776
0.3534406805520867
0.10080333030509121
0.11625659790497013
0.4431414103199772
0.11341317117390873
0.712772385577655
0.6803138141592161
0.7466011649828406
0.010575243720381518
0.3768459154806363
0.5642598201602338
0.6638636456782133
0.3458872506748925
0.6367420688994093
0.7501421966282418
0.15221552521547724
0.2839121085758773
0.6123268914900917
0.17398836286527883
0.25530995993447075
0.4706601297968376
0.5918765733459065
0.7593541650485273
0.3137185387959605
0.7083155135827612
0.5240286103772609
0.5313697421458753
0.655604021189313
0.23582902060989336
0.015922194845100972
0.7554518312738812
0.42777730265978214
0.5248183507639069
0.7774890747949975
0.7597562972531599
0.8271239303147648
0.7065005623798363
0.6417003617489199
0.9416792012362981
0.3993000994223854
0.5341283878745625
0.7734703744392349
0.49346076424325824
0.6247228459566759
0.3917484029799517
0.4236558321129048
0.5273727527402593
0.5844071074262635
0.38854327761880536
0.5381000729934426
0.6717687475321906
0.4286700962659332
0.8416192942322177
0.3834592072407572
0.5048794550378667
0.25327247194501323
0.1444285042062686
0.01772164301956403
0.09689365185840629
0.19352843017979993
0.2942615444608956
0.8146902643538508
0.3168084229524396
0.3535629704237578
0.6041111663521436
0.3261045169544803
0.640588676890804
0.6386707739768113
0.3802581272213689
0.4732268982151696
0.6519864092942622
0.9096212942083323
0.4834853964225956
0.44877176390257345
0.754195732418448
0.7805329757216638
0.5502579693046382
0.5965276436305196
0.35941252449712946
0.7990594963866505
0.6826550273176324
0.10037530751288412
0.13427226648735147
0.1960489476568298
0.8466812138630802
0.7445084108066378
0.7271927577280438
0.4922002016463469
0.125923616484943
0.6951514583176213
0.39058253118257336
0.5455410480587244
0.060349186851138596
0.8639388872424709
0.49136870011046996
0.740618396466346
0.723848139133177
0.22386379149846428
0.462673378611317
0.6721028679918192
0.27617021736862474
0.7372027669825083
0.7334789419702611
0.16474949081933077
0.3075955458586474
0.4977743418776528
0.8860983373181804
0.1555137932444898
0.3013964393507529
0.08312655963634076
0.3311954488933318
0.5808429578615767
0.043328371203818175
0.4605375758548215
0.522934808200307
0.8042898853617042
0.356720887386033
0.46866168897524557
0.7303405726699348
0.9057536450100272
0.700866376414206
0.6204302916600197
0.23962246251322555
0.6005059452533341
0.7811198685918641
0.7099418396214119
0.306567694635021
0.5664387181809221
0.44903527414946026
0.3477142990358686
0.6414581068526579
0.6869812267794421
0.22666729943214464
0.16108229636696828
0.7972344691553919
0.3340397085667047
0.49409207448301085
0.7589560214973801
0.4287730843050192
0.43141005850887615
0.6305002618883178
0.786072451955476
0.5996332145814799
0.7647481817741674
0.8018774078052953
0.3621297557760542
0.837913924660458
0.08776082948983763
0.31850310373615026
0.7169978014752124
0.3363886273588791
0.6923789196494832
0.10325285133284025
0.5005413603635768
0.39622949243823974
0.30376879682210106
0.7423917722305655
0.6492270689805452
0.5914272822061283
0.15241268157894702
0.42059724616162525
0.8388604225122163
0.17438847670274812
0.4141998237777706
0.4493857892495479
0.3364713424003281
0.49448803676266717
0.36117839521372663
0.5627863903543298
0.7939236784400215
0.44921368756621816
0.25031830710201697
0.45883375023701206
0.2227222563466187
0.14308651671806047
0.5233871232089621
0.5287367477461318
0.15738846996699055
0.06919448562478721
0.32777246897714707
0.736721539858194
0.8559524986483616
0.8247940425114253
0.37533777341727037
0.13085161256183797
0.7208965509685504
0.4083894977394896
0.7886667131245261
0.13668701602227812
0.4444368325114174
0.48837941872894836
0.6942890516078828
0.8409909605647639
0.627335448773803
0.1960858387590287
0.047568327290100014
0.7336441985584328
0.33310406305427837
0.8145080540227458
0.1540096797991143
0.45643675434002917
0.481729214282673
0.5099260196029372
0.4474020330361168
0.5348499918908864
0.7925528825267647
0.5164328247207512
0.5320779673086773
0.13442365099735543
0.4286863845229176
0.6768312303597094
0.8683719304451538
0.26993277904256774
0.5163502397850707
0.7389405023351837
0.41525187303439237
0.44455638175545975
0.6353966665403024
0.9334932251101276
0.5677838916739103
0.5823963540062908
0.03319418097379703
0.8107769604499273
0.9286291142801019
0.4838738073908665
0.7260142012049369
0.37225070952639955
0.3802832353271367
0.4002914713507476
0.01363123580003459
0.5032984997612104
0.47629464746279204
0.7640867654445634
0.38121636153452637
0.7235965052737654
0.49523949470178275
0.269027363448089
0.773880373898136
0.3448187413755363
0.6387060914082361
0.44605200107840925
0.36460129966816085
0.6131945575895318
0.2621972460397748
0.08480193433302124
0.5135384043812073
0.3045434834564354
0.5220002611993817
0.7357902750234687
0.7275758733788602
0.6274366179418676
0.9061059933976677
0.1003668455525402
0.1612387040399561
0.843205295271835
0.4009998040884145
0.4967231619588572
0.35836824785308424
0.06233673722738412
0.4387331095652167
0.07867786917353399
0.2587066485736912
0.2483118731239427
0.6019970703168177
0.13144316766063116
0.7542709188988743
0.48063213486716494
0.6792795440801493
0.5836259064345394
0.45949306110418253
0.6853633373065686
0.8516742945158963
0.8247135902274202
0.24562125363707937
0.5720065420431855
0.06824208661429983
0.23076235658253555
0.41369176797283935
0.2068560318493138
0.8354178095518165
0.3215975482136654
0.6233684821339119
0.3387521654781215
0.8849986041941617
0.42231214235483405
0.5526918126931025
0.7905226604051786
0.1077218835468212
0.1502369690588437
0.5054240757078192
0.8642366082075538
0.5857309805645103
0.2999431825263044
0.50017726684274
0.08561251030925342
0.1691397328580726
0.7528221052359334
0.3704927883528708
0.5305565654030924
0.40624976947918406
0.16072726661978193
0.43083886995886184
0.713728144158766
0.39524193552817355
0.47501366056008176
0.5890259625799622
0.29978283797989835
0.8543856794182205
0.4896466704954696
0.7319892782033723
0.17612643552741575
0.1701305087251065
0.3321106737004773
0.20616531549954442
0.8616866949536549
0.3990928206292042
0.5984226417736723
0.5218133060651271
0.06353315988304904
0.5050608373341111
0.08117960702173463
0.6234468863011207
0.49376133251682125
0.8976258481300271
0.6973981817973797
0.9399782365689082
0.9181572494784829
0.5730126860072344
0.85897894249497
0.5907184484686291
0.6791966858363182
0.7103066269885818
0.7213696605499725
0.42607698125388244
0.5657070033841752
0.6095056710594249
0.058971943731841295
0.30069269780429736
0.3919636621807502
0.2714357935163476
0.6322347281796711
0.937394447270796
0.33992842264112083
0.9037132143345729
0.27376170383366194
0.30476584489626746
0.3346758488967461
0.6408836904107873
0.738870036513901
0.6976143273806326
0.830964904777001
0.9154721842077971
0.2190270584204418
0.21315910377189023
0.5263743986115904
0.6192618334337695
0.4693609247250473
0.09053696489697212
0.170980005143031
0.7474899516049892
0.7174757141642492
0.5894481144431587
0.6815166277972241
0.46144426924770904
0.23943081870154642
0.6903887589705701
0.8372319610307338
0.579229903369231
0.5707708739768061
0.6157030654694521
0.07778296410788296
0.17143933855535182
0.618438825941716
0.541859611778348
0.8053219084360972
0.8043852476086392
0.5459446351872432
0.3421744234346225
0.6915919924543317
0.7054128122305057
0.4444866856857616
0.5761711193561045
0.33838733796391934
0.745537842150543
0.3814984669116369
0.6367088473199437
0.6043503875798172
0.3247743777844859
0.021106366926765232
0.035961037336784185
0.5305628029582672
0.01867454990466802
0.7820206786562659
0.6572655059449176
0.7738107852940632
0.14800121331553037
0.560627493105744
0.7938807314569988
0.06804981983310275
0.35321204942315926
0.2757820400166647
0.33234297395221274
0.4075460066965529
0.7691380108475209
0.46361452911686035
0.82716041334779
0.47955436561411413
0.3712330692641992
0.17556981409449468
0.5129499116460119
0.4666526276414827
0.16707403960864003
0.48388725672997385
0.7272287124930971
0.020741398719648044
0.6002526795831366
0.5525940656100029
0.42570533137113886
0.4099606146949362
0.43065804724537005
0.4469599434464714
0.42021028388077125
0.24092627637565286
0.41217447277103403
0.2742405074392518
0.09938281577933035
0.3195337927926295
0.4793840518093491
0.7868494069210396
0.5854112828858454
0.7742488008131353
0.11257852473603967
0.5412328344491661
0.5567911767761994
0.8768979513324522
0.8142377410276593
0.27015234093440565
0.2568913048083934
0.1442591930443137
0.30636046512130993
0.2958271302445916
0.09525165664793163
0.3070409616830853
0.5495028747535956
0.5040043795939942
0.5927070514051704
0.4424693045470563
0.6488818907567538
0.8101335523428184
0.3413485358528039
0.8034569634072892
0.50822751301026
0.06028373839604958
0.3964565497029585
0.11537446832316586
0.3910931900225327
0.5111846891565966
0.771526752315983
0.5526089791353571
0.5782799449271432
0.2691033458768277
0.20015882193642492
0.679913621409898
0.8233466900198299
0.5039412115761995
0.8213048324868035
0.9395848378533537
0.0782101662060527
0.09767730075187131
0.3266114508180568
0.624051304660549
0.24568245835789065
0.42450373293742044
0.6195225823861363
0.5420465299851338
0.08265325593711281
0.6276687112497128
0.625967579570772
0.5273521983654526
0.14529007189981252
0.11148833100409293
0.7647745060896209
0.1904168863868312
0.3370491492127839
0.111600360032819
0.18664321369755307
0.5467157511238173
0.6966523888727655
0.7159532259341904
0.9285379345403375
0.5055926587283565
0.6718524327941006
0.5146791391089482
0.5841682640615175
0.7525236304148867
0.44431952132654623
0.4742874381990438
0.8910250173330824
0.7805141053540519
0.30904888278983217
0.7118012591709261
0.6444798643458797
0.4969438248371516
0.7866769148066499
0.2864001831000195
0.5372145787857243
0.7373513355807544
0.2546825257734654
0.8058490511657987
0.7681979965944549
0.6137163794329471
0.7723710217245093
0.6924303964852521
0.7932551855636728
0.12939379415234073
0.344435405479856
0.7077272595424088
0.36053289616013756
0.12217080503834511
0.2947519140837159
0.06351829355275379
0.03901696539137363
0.5210988982997501
0.28648099348962963
0.442827881688822
0.8892864532454762
0.5278284988201561
0.8992673153926618
0.48531053926193546
0.3108364637267005
0.3257381128802096
0.41507335070643075
0.0906489292168075
0.18601718321069508
0.15906757166083793
0.2889171614171334
0.24213364972547313
0.06323182066818953
0.2517327176291266
0.18274897095987686
0.8005389674509122
0.35085298722221026
0.1308869322829007
0.27958951946113764
0.6920736451333124
0.6455277813760111
0.7885331979830745
0.2860449678415723
0.821909241832395
0.0005574475873589835
0.40564524664572715
0.6149369310210954
0.4303744797893732
0.08716074198779504
0.04018390877149469
0.23718163423348598
0.44015483898593744
0.13174817499319486
0.400607904611728
0.755911822896716
0.6568974178721985
0.2986969523127124
0.8372294139782122
0.7274931931019643
0.34701763096001387
0.6485183955413641
0.5825228712474576
0.7399285669701596
0.23088089634335482
0.5853978799528764
0.7672876622655644
0.5769845244465225
0.8355820163917795
0.8113719860461925
0.19922154790536195
0.7945899961804698
0.4977043250314269
0.3238867241958092
0.12230312618795013
0.8312235396519259
0.4805667543137807
0.49793903537910267
0.6002036634864796
0.3318239130122378
0.2664396645088166
0.9060939268624233
0.2022767299559982
0.6180715156658713
0.32708752140319314
0.6293727883920744
0.7247978580577726
0.855929938873694
0.06538316146361918
0.08242972697234202
0.23453343950412883
0.19769393600161225
0.48768223746186057
0.29559404586467447
0.4513557793814545
0.589656820419799
0.10904522379181049
0.5941626313393708
0.7656275210667793
0.5067417566985946
0.4777837443455354
0.030309759000903148
0.5164802179024557
0.8465354257001978
0.5523463497259262
0.43601149200253186
0.6793173470878393
0.7955511072105615
0.15571409604415726
0.6964543748964764
0.34324337398439786
0.5481532199516356
0.7908897489500705
0.6942132996549527
0.07810262319019759
0.054207585128551374
0.5110915227006876
0.6635587031895682
0.7117560895198853
0.3317053830833369
0.6739681480836496
0.3855076959963263
0.772155060115832
0.2505488094272277
0.5665439804241929
0.13308168372156906
0.3015729707177181
0.544306694208716
0.49713775450470193
0.08790679119807021
0.7491056076811871
0.7123538130606915
0.07547997933841549
0.7105150489196042
0.7096727620079069
0.2812309865511547
0.4340079897326798
0.16911031776202426
0.7762341147237592
0.49088763915328876
0.11415392515071289
0.17573846328964646
0.5987509859613994
0.6532535755151908
0.8116169934187836
0.39826863463553824
0.4647755511669838
0.23983676375373897
0.23071554108592887
0.7269247097939693
0.48365097780470506
0.6711443068433977
0.17660882213372728
0.3266398246476573
0.7284606533318428
0.6669107965003025
0.48903206320838405
0.49213549935568346
0.7300808838541291
0.7966210763259036
0.5275501392716001
0.7946264069647712
0.6266507937692868
0.2428385815415815
0.11058252750025913
0.4803653589590242
0.022165443621658818
0.5279999446657379
0.5297044302049537
0.274068884967582
0.4683055777878263
0.4020631226709477
0.8455467297662401
0.7736168756153643
0.3049911780798511
0.6402169356545595
0.7410659397928159
0.1514483903304327
0.7041232932020759
0.6050370063039288
0.07607626457203924
0.4152725130737152
0.3534510280760295
0.4719820365460404
0.5576459702132103
0.6316451978927199
0.5515867202625409
0.5083198721239467
0.48654480766097236
0.5366456324970423
0.47479634250632774
0.3777429782969259
0.6814875376923066
0.7745852406802276
0.054006789980919304
0.36583519179415863
0.5934760270220297
0.274116643538427
0.8908272871279331
0.4560978830355141
0.6660104322309647
0.5767367066340162
0.03445481019116655
0.5443141492986867
0.45976745731147295
0.5958849923635193
0.04042595630917753
0.5779450427019737
0.1863877668425344
0.5843761911910877
0.3112987364361031
0.2884022998830052
0.4716167653211697
0.36749185329973516
0.11136415328486167
0.10754833961824695
0.41814278750741185
0.08973780480739672
0.17565744949524964
0.32742460941925533
0.5638741884833144
0.8405101219978719
0.6754869869092409
0.027793425289259283
0.3535959818464686
0.7210572812786334
0.48326726963847416
0.6430616191797984
0.7600384450143663
0.7365656449360473
0.7211167540706271
0.520452687380132
0.18461991442302933
0.22631434070690812
0.19456770426169503
0.5446635285453166
0.44877927697882797
0.41689494927587994
0.5110501600624487
0.7501699590358477
0.40142202472117705
0.45673989958393435
0.2523247443838587
0.7651686135413054
0.6092691063521064
0.4830849284085585
0.31587764688414677
0.03681391714624491
0.37613362401305644
0.37201482269825503
0.33210686268877104
0.26229252642633766
0.7425175711447777
0.2949869559034959
0.5078103712208473
0.9228634114380317
0.42649453240443785
0.7534375016257271
0.7885574726579805
0.33549232451406685
0.29615737491954086
0.6103474217819849
0.023177827372733963
0.4365759448901989
0.14948255737779087
0.3743691010874438
0.9172118641175939
0.5360995191802169
0.642296388957609
0.7533562737520699
0.51838863805166
0.5745186319688961
0.809430807054603
0.4603704352848729
0.4318820835874807
0.944247365720744
0.4248776433872361
0.7270551155764309
0.5491554570172154
0.9318445728477961
0.18404983107443168
0.41962919454936537
0.47717441188410203
0.7136675020990816
0.36026407951161205
0.6428620426827332
0.2356399751403163
0.9508646925076135
0.6120398163921016
0.5563106116026338
0.7729391211432638
0.4562924177128988
0.856935845978656
0.12986327634042966
0.5615379325795506
0.08177643566006372
0.0023427586656746746
0.8124715534414202
0.5411952814850934
0.5903593141952503
0.5057046248392387
0.5844424631964089
0.3568214289066955
0.8971649609899616
0.5201474259286487
0.46950281542569616
0.4987693619515353
0.3844757073597278
0.5178686240868063
0.6488381568129921
0.18937824274377543
0.2787282911328408
0.7132929750050292
0.8694080510398725
0.17193140585971545
0.5792569046058988
0.4268297691549781
0.6081052189753482
0.17113759715465476
0.6823378953623112
0.4979602308144253
0.06971980590505465
0.43923963891408435
0.8051868571405023
0.6055551055808024
0.3205644338951669
0.44006117167322767
0.8566312721924365
0.176439451690832
0.7335513702799695
0.2643627485443205
0.6554249281278832
0.5069285600192597
0.2221523961914213
0.27913292021990194
0.5782718900356729
0.29160795010328916
0.632391405106345
0.17542487335549986
0.35514412713044363
0.6088823297936231
0.842263090466136
0.8218001800516309
0.4130129922629178
0.5464639887932666
0.18871080889032915
0.8716815298383325
0.8083738977783114
0.7156435835111515
0.55113032367761
0.41212306034027335
0.862685765147878
0.8495371505765598
0.6096203819813599
0.6388872112483913
0.3019891207869336
0.44519508644267636
0.3693805352614649
0.2706707100861938
0.4119997664002368
0.8475521867036743
0.8014216866384279
0.9321522558627008
0.18792161903421276
0.6401228860855875
0.6455425882136238
0.6591763372735435
0.39953954579114753
0.5469293738286045
0.9260841916793114
0.3292406709571712
0.07107264522090881
0.22090382800258213
0.21703947860742076
0.7518273101346029
0.7554947302480306
0.4628276222821194
0.3377928306641082
0.35144917699072087
0.5795626727875808
0.08452531567505348
0.8647609084427725
0.8834625936142028
0.13315913385931016
0.742952601878908
0.5757945285289248
0.10238564340287903
0.4390254662495642
0.8646235520247776
0.8731552377133208
0.31781565847018806
0.4700935066305668
0.4506309626539694
0.41354757212435767
0.3889461219750635
0.29544444458211616
0.7311393450416084
0.42995297665242915
0.6776015735528258
0.2757820400166647
0.46170470069313235
0.3006226802243527
0.5863598183097798
0.6817228166316964
0.27791063933674176
0.09428669700381391
0.500884778866397
0.4059541785985247
0.8143907210151475
0.7827373410019706
0.48522612443031893
0.6576738285519242
0.34854849832489343
0.6990721558347406
0.43533872410276403
0.254070466390732
0.8323679083424987
0.6150908626665074
0.8693849372789587
0.5164644804039173
0.8591076678137897
0.3705653912619089
0.5202701584753415
0.7949733857146135
0.291994911058289
0.7865708441643108
0.6731596754736979
0.861877981506757
0.3192009245008322
0.6421420182042664
0.921916566493703
0.40254699955217965
0.5195279943698702
0.4408463935695855
0.062416784945409635
0.30682656197523617
0.743254924991937
0.5415850435779402
0.34645328025299343
0.4105673054320041
0.1794078586135706
0.24732929291930367
0.7961323160225509
0.7750208500477135
0.09231984242608465
0.4772204248640907
0.791980570575969
0.11262895029942875
0.5111081014056479
0.568144970339071
0.795922504507083
0.8331420845543686
0.5451753666809968
0.7166591380587165
0.4381127820365844
0.7300336402860662
0.6796305603081876
0.6524104452008067
0.04222254254183937
0.6671934616072603
0.242798526676695
0.8339434354953819
0.5896097819765036
0.29129783300099965
0.33466322204994764
0.6129670103334086
0.6395477543669041
0.5127908320580882
0.2709157563402414
0.1450154132363352
0.6467225872856367
0.616608924188662
0.6402908571509132
0.283425736299853
0.2538269168246215
0.18305994021942887
0.43946883076332305
0.6832415137890132
0.8474270397637016
0.5555262889924918
0.9105582372800708
0.011989765521328837
0.273990754317466
0.7195736504246205
0.33428632690403487
0.6770503996930832
0.719020849424428
0.9520472833201579
0.5009674694268607
0.2559337695906827
0.7384057352206231
0.32899599833491006
0.7334282578616304
0.530065087358898
0.10367448698356913
0.3333515098461431
0.4202278369118906
0.7014395960815628
0.38446663474750636
0.4545630831621877
0.32796471671790095
0.45140927453788254
0.12451102793226793
0.41743843885699766
0.596888280442638
0.4303090659809038
0.2457412293323536
0.18728267017903563
0.3630294655675697
0.4621169507780963
0.7076129190499134
0.5061660672646819
0.3984570449394823
0.5481338916460995
0.4202745846957989
0.7475363113403249
0.595921554028419
0.24414882594753984
0.650015120140247
0.5230695023066153
0.773205498433424
0.4419597691434592
0.07620915786357431
0.6757014194887553
0.5101627603618856
0.8659787031755797
0.2553857096604273
0.1599176373260415
0.86524502430091
0.7627979070940439
0.4764238770756925
0.28914923249857816
0.5004026645468023
0.08688240444023045
0.1076570161232087
0.19234115191797624
0.4342018726478685
0.18438792174997157
0.22198811815523883
0.7560505362094156
0.4958217473341121
0.7380271457680415
0.6504528648010777
0.40523267935043306
0.7329890184735592
0.7105454451444447
0.8438611281494977
0.6728783279834273
0.8851649640674156
0.129546518957731
0.3237521237619111
0.5478622265929456
0.48022717337100196
0.6211814986647775
0.2832205403586318
0.014857975488491795
0.7692022617695101
0.6354114862461343
0.6616472047335369
0.4924077873260582
0.375194691087544
0.8314995998285869
0.8351488761785545
0.68112989313298
0.3505639996356095
0.8298383455981072
0.28078634544072195
0.21782974564512397
0.27028132970436486
0.06198540419124751
0.3397736270632283
0.8972331957752968
0.8898673389732406
0.7818693108080361
0.7984342038738116
0.11500433682665875
0.037853320354376066
0.3428305908458237
0.786850111600428
0.2856869613121033
0.2627250489656787
0.6365029506420377
0.7098986585063712
0.4546847443219595
0.6097125376317415
0.07865611698284311
0.07813205824484867
0.09541402472508806
0.24101989405959962
0.39447143005273
0.2919278611487338
0.8986808331867392
0.5716313931369894
0.5423203810572805
0.7286244497487709
0.8335965588788383
0.7029371205797885
0.26325102314242715
0.5401175418215846
0.1112832653549597
0.6633451218265171
0.5499678006960523
0.7177967775825383
0.1824680608041725
0.15959338853958396
0.5195358281353183
0.40752481854301636
0.23532302631548038
0.39465229249017436
0.7088097369481371
0.04449764766093162
0.6137388699855412
0.7816350934585917
0.2122517570662399
0.9356169676411655
0.7852324438345716
0.6632584823683495
0.8354103705568104
0.36839820331779893
0.15542210597711045
0.3551777101916921
0.2816971276143405
0.7516097958610223
0.38342332459101613
0.7622443680496798
0.45506268964963104
0.051533480585964644
0.6823378953623112
0.1550580072039325
0.5265705870325331
0.6866073976493929
0.4147445504841979
0.09203828367124736
0.48131817878317656
0.48338705721484865
0.6590636639043067
0.9017944924065884
0.3621705080461545
0.33361843112613815
0.38591941972259985
0.5125582644365934
0.075405594759207
0.4560181180935192
0.680582699745039
0.9001851233982983
0.3302456206469279
0.5658971056220518
0.45866711109471775
0.49515109868650103
0.1379458971586671
0.2448867423397568
0.6409983023686701
0.39686028439987003
0.29802178668128604
0.8822010104123928
0.44352739425023713
0.9103055478733941
0.1705353803705303
0.4996468140117093
0.13217950835817316
0.571638400559386
0.25742638752005387
0.3922842450739061
0.5321065582011083
0.5320069379722614
0.0014940875669332918
0.36241678293222196
0.38292373126279605
0.6756660823778035
0.8925619003424965
0.8926653732705938
0.5870475888964701
0.7275272879843409
0.42703195478005945
0.1352613892074912
0.5274938049191591
0.18686527088723046
0.8027411703483021
0.18511836760924053
0.5662473523072132
0.9145844354737412
0.8853426638433934
0.8902124183231541
0.3308239743571193
0.8866342592143508
0.26296357034970486
0.19162552197087654
0.4237063554581362
0.6727296190271465
0.840618604593547
0.7438828483885312
0.4081948489814866
0.061161079168595096
0.1063039767529739
0.07052625232486354
0.2934423132558847
0.4953258850957073
0.8846806686473456
0.5975043475372274
0.24715242670572926
0.22348712368158302
0.5756586539712863
0.8592590606261579
0.27065006822171467
0.09490314634420573
0.7484627555490858
0.5653245895614492
0.6047088133056051
0.5282558492733357
0.7772044350555266
0.477375540348393
0.5590702487098599
0.2947392652382578
0.4256875623814632
0.14330962450970794
0.40840224320456253
0.7893635581159139
0.5179100743288059
0.6336826627647789
0.4640128380275375
0.5193348411829086
0.2709157563402414
0.3258748742182022
0.510968556597436
0.5059757745183852
0.6698655767613255
0.5985746269948278
0.7981664090039515
0.2539508876407552
0.6724360095886505
0.269898389827018
0.80754535197476
0.2141663305953063
0.2998058082421857
0.14604657014253056
0.6773654483510918
0.842911538717023
0.08556578245292387
0.3435629056887804
0.699706166881767
0.4247302224712924
0.38137499309475514
0.2241611287349088
0.7025812276100021
0.3575238516066509
0.3233269622454057
0.8958007254208582
0.456571522946456
0.3141191845035051
0.5654486601655095
0.28666357844306334
0.06525757241249984
0.471452113910499
0.7754097012820609
0.6220727368059739
0.8084334168163311
0.39598773709220164
0.6067551534064152
0.49718031496962023
0.32701229299058304
0.18766113156784867
0.884689302891964
0.18950707261214358
0.4226180188222536
0.6419329446328779
0.7190364638698614
0.7263406319174163
0.0022884736765571945
0.6591565672885604
0.7325685598324815
0.3625388000427152
0.5946679857268695
0.8726591082086179
0.18431467770770973
0.4792007128845926
0.4342930817689446
0.696338315205282
0.05231015345557988
0.3611332221057446
0.7199781089060544
0.10174732463723903
0.7249824781531279
0.71969546278053
0.421377781605604
0.5927296355217913
0.7832028373301693
0.6291349822148999
0.8911100820120188
0.29676919613313
0.27108931915299045
0.03777118764249048
0.6332227254209769
0.745731978310198
0.28577332037923386
0.2903722889510065
0.5698958102625057
0.749990665095504
0.12733702835572028
0.01963812397295738
0.012956029459772827
0.35274001076624856
0.3415532603740752
0.508626213914872
0.6915160654331812
0.11464625767978653
0.6679424838737582
0.13341327678813017
0.5167885196144167
0.7420448135191543
0.6286597013739036
0.8193992873073105
0.6142500947753242
0.8974010584650792
0.06678543168942273
0.09756589194011074
0.7847640423343578
0.40440589789068654
0.19700641180475234
0.6693334599220416
0.47829726247851884
0.7725892045817422
0.664374911146198
0.37186024811341845
0.3447404408970303
0.3942513350053279
0.49596318634881725
0.25504485976923486
0.5857099014703522
0.5184979980170493
0.3488583986463535
0.6388055114295434
0.8903972698549204
0.10646060103085304
0.8768146465339012
0.5572778431178531
0.7332609419512321
0.4427793795449905
0.9684769861331491
0.5654754635204314
0.4674906247918842
0.015813786339051977
0.42194537266393684
0.5591941191640108
0.2699098427873766
0.7809642159647364
0.7928467988811172
0.7326862836358974
0.5234189078229466
0.3428533755527901
0.37442285022411376
0.4095582452103948
0.5656836750037312
0.07810262319019759
0.06957555267903795
0.6769279246221923
0.45505061556170373
0.7060653921132205
0.6584530059866861
0.498199846409205
0.9193387889769152
0.23919231200616684
0.6218728592095
0.8165456145288683
0.23831891039570172
0.8304877420534502
0.5428083765994577
0.802540450830689
0.7480314071346765
0.3913800735683328
0.611560285007827
0.10430630561326763
0.040641424599863724
0.8228099542345017
0.4751964895908651
0.6317894077932091
0.6192657085902683
0.3767193936883415
0.1836811932906436
0.18345600220134858
0.4839784171139779
0.6484656416048823
0.011843477070504385
0.20534109917129656
0.6251064469049441
0.2599019128938017
0.809987229055425
0.26225207717448756
0.19502552962008832
0.2129061201047391
0.4613984687372666
0.6572913936191541
0.020799545296831253
0.4157472734269808
0.2486513007069285
0.47140500859242623
0.011194605080358059
0.07362084709074436
0.7507433611606273
0.8397781633494832
0.7044274268394013
0.8771836333312466
0.4912981118000689
0.39779966606811024
0.3272500331168923
0.9055979170292457
0.9361984703794272
0.9057442107609496
0.32396447549852914
0.2915752509605094
0.6860277374860836
0.09683881011500094
0.918163751984944
0.2717591585133831
0.17602762319829823
0.35811301293529446
0.24415578092342835
0.7635797091055233
0.5696030411301165
0.6308052308180588
0.8381370834980911
0.15533502796463353
0.8165286079936083
0.5333529450117472
0.1623369853354056
0.7879070441679688
0.9388337362443262
0.6703412204554776
0.7436271798508564
0.46288892839998824
0.09874738378093992
0.6002567516115629
0.16022536922381816
0.8989076207896324
0.0681641304384991
0.32603081246300447
0.20369891288019154
0.4303302434789778
0.48638463501189527
0.2048084257811819
0.8218825842546288
0.27904038760240363
0.8555407881250712
0.44302670863421556
0.05021183363077944
0.5435994020618631
0.4107367437250192
0.6289603301107455
0.28346128116762037
0.27207274912474005
0.014288002657426361
0.5844578570639657
0.494788347658084
0.3369687788914875
0.49893584761417836
0.27058685305330116
0.43751072604532243
0.21270854736512773
0.17012035910495202
0.3843222602490931
0.3281377077363088
0.43801132881820676
0.8382957880655146
0.46061210363752364
0.5908721535831131
0.6854964665601917
0.6435215924494396
0.5634819381703184
0.38652474537109005
0.7026320520641584
0.547896014634551
0.690458933196838
0.169027973459121
0.21463735727390074
0.2959083605848677
0.4307247731779135
0.6486776755495897
0.6136935143947657
0.45180454257759284
0.500437009345466
0.1517295198658061
0.4447025315644167
0.5942775537439304
0.5677010677328308
0.17622393198426037
0.20651675904592734
0.8138520500046394
0.26226663693996877
0.4654496621535782
0.9465276364303137
0.16283900083294783
0.40712049468393324
0.5929428649982721
0.5343191365574225
0.5591975134586027
0.2255372000644904
0.5758581552078191
0.33966350209508384
0.7630758584259232
0.05609841959710465
0.7175992572148299
0.3641135585541002
0.6979374467740926
0.2761269010133868
0.6510692489871798
0.3252861776500355
0.40235739835010753
0.8657284059938445
0.2743398370445211
0.8319505556056033
0.7189529547084044
0.45923547982199886
0.25082866294218203
0.9216821851485637
0.1269952559834084
0.05274373130949074
0.6754026384928938
0.45113851246778736
0.48009594523237886
0.49811234919228425
0.38848070418174996
0.834714019035149
0.5133244816342003
0.19136777891736137
0.46969292132987384
0.22909132666968202
0.3118623874158139
0.3017459069641534
0.6825004033539698
0.18104806150272681
0.9444684949445736
0.06975807073878229
0.31321203580295487
0.377274874049545
0.5069684521828133
0.40722289889986124
0.07579103684098688
0.6336663061455079
0.5005995279587969
0.917232770233775
0.07503588978930935
0.2775025533074227
0.5853226430984939
0.4089579810267727
0.39979755136201206
0.6717831614338415
0.2988547074299009
0.5396754528852785
0.5041349639264324
0.45338375894220695
0.3287918062349838
0.39426154673135033
0.2152050916671493
0.10119496526356084
0.6399112033316591
0.817940752399975
0.7989434007123729
0.133690929192449
0.5938415437152103
0.4851366814818661
0.5739502434148056
0.6649458562911615
0.19905147428174796
0.3143505511382136
0.42509538329981883
0.1427242487224656
0.8734010742817201
0.822551195825261
0.6194323368278775
0.7281234464475352
0.6002913552420749
0.3089042407649918
0.3614018620961544
0.8776351728135895
0.3447171444596344
0.223982299926613
0.7508872318686777
0.4409104598057042
0.14076637355903415
0.5953526419825512
0.3356120732883731
0.36718873229486404
0.3572461842708799
0.7401171735061203
0.7302216931484188
0.7055026672120224
0.8299761565971332
0.7166944069950514
0.6728930732627765
0.860673421325206
0.33463997551853236
0.5944816811937484
0.63762912947375
0.45939629234004253
0.640978468264209
0.5920616462772357
0.8147799680937677
0.3390657047414973
0.6046172402823102
0.8189847673115145
0.4072031422774059
0.07694448012819972
0.1555894694493934
0.4316364314509751
0.6032434366431283
0.56555314279114
0.5339502843936422
0.4677699549013696
0.6500301481451741
0.6700512632323299
0.23724665124542263
0.1310076287131236
0.5672521911229494
0.49956605932287607
0.49773803915065123
0.44176282029278324
0.12800132394504504
0.8421228557240759
0.786737902317106
0.7839345598303111
0.030854572110848185
0.26507443644802914
0.29774048274220555
