0.5321422310543147
0.5334392107594851
0.4749040239306145
0.1510156856684244
0.3086693567371307
0.8897370272627703
0.4758260266966027
0.38180681321534377
0.4509539723966261
0.698236719447352
0.8305317162556961
0.48931126676887554
0.39003415900768573
0.2785461846684874
0.15987574464825996
0.2913471175088901
0.2552547107574287
0.8027974563652268
0.08942777202661184
0.028036801333397546
0.444032648255432
0.6695129230550333
0.2794700313602648
0.14144056838333446
0.3124678704263629
0.8996575334937442
0.20358824824498836
0.4370063040162414
0.5662275016242586
0.618230272978319
0.30145494931183486
0.854128926049379
0.4642789585746801
0.197011350763633
0.8495631084688806
0.5491598478440181
0.08170382719003838
0.8648752329512266
0.19318091694460246
0.24238832231707244
0.9106356263803806
0.20466605824603387
0.5679291453727923
0.5883302556286505
0.7944162805570578
0.7961699044409044
0.3420504071537199
0.8921060042167653
0.8985130511909407
0.1812265820783503
0.17519454422566477
0.5242147929670362
0.942784280951828
0.7097798245162716
0.8661367691248297
0.17110118712296948
0.27865613685489293
0.6979711603023672
0.6625530234698046
0.4433741693757031
0.16516081170259736
0.4132081130850793
0.8826647259241752
0.7125948020503953
0.7273325053629232
0.23559817460912202
0.31845891505283785
0.7963243149229081
0.4369816817809385
0.20728650658643696
0.2926014804506784
0.5567190005809952
0.031078887884181672
0.4853628577004413
0.9081059786092911
0.558709455753026
0.4372989692186247
0.9223868202072449
0.7820519970939913
0.4828931886718081
0.9001589717327939
0.5142570094443809
0.6980908361143952
0.49146975643597635
0.23858082901753055
0.7236908537262376
0.09870758713871602
0.20793581908359765
0.4249618647631424
0.6836930200714914
0.13115785995042356
0.5002970010121635
0.42933303292437414
0.41615192770875165
0.7767495910444633
0.9024531899064496
0.3202250287937201
0.2683710698001184
0.39510913934917247
0.31658408577252717
0.01312189019272924
0.24104120728896103
0.0653818526725755
0.5623250094358652
0.08517967725558057
0.7629417054538024
0.2941248217456311
0.49478444041798214
0.4812480667106679
0.8688678721882573
0.7466168332803105
0.6929610618855682
0.5629534904948662
0.3375894578074013
0.31855232218339913
0.3412228353271297
0.46382600301434995
0.08784504804444522
0.6980679954676474
0.044770966165004096
0.39014037752793956
0.380181691387092
0.893005855087006
0.5686422899183335
0.36100946247334365
0.47347203335849647
0.2480317360519379
0.5803724143972774
0.1420376073194558
0.7750336715467916
0.37401982100405035
0.4972893125194702
0.5426338557925307
0.6693030518208978
0.1268447177729097
0.875936621384891
0.36919795266801086
0.2200106655268742
0.7284686702641338
0.27249250515657536
0.6502867512805085
0.7134209522537599
0.8710842116286392
0.44446532205972794
0.30054560035437233
0.852860496366313
0.6044761537045119
0.4038318168581754
0.13548142051188147
0.5770517061497319
0.7718812068086808
0.269785316645834
0.3962340407801582
0.8682183551774927
0.27248337422345154
0.45195190614668973
0.22609835045470686
0.513623774378976
0.3061082281247857
0.21382618410910165
0.412816059231063
0.07903787386914658
0.30728606658008256
0.7767551643284681
0.33465578114661315
0.412370227946342
0.502901408647725
0.6237122383755661
0.03579041221161267
0.5555280699886211
0.48247607744050697
0.5693982021382534
0.6147053493331147
0.3924870372055817
0.81425267950861
0.48630164567113415
0.6154332397362395
0.3293693540443271
0.6499517713138732
0.9189985448213641
0.26701028808332355
0.4164585343114237
0.4387430678931827
0.6874480587341307
0.3765015045786637
0.7836019595757713
0.4127128690106281
0.7445166611673791
0.8974996747125481
0.29830723501601564
0.5044549314584892
0.15389318022062998
0.09663740835162916
0.09565869778672559
0.5289729764874312
0.6115729191065811
0.1714329544728348
0.16030762039962118
0.3912618974001073
0.5217382295049631
0.15910457720686005
0.639719254038538
0.9070375657255929
0.4333807760129399
0.6309667128742196
0.7821357876741605
0.2340302643818363
0.3760237395767423
0.2439014919986008
0.3393062252678313
0.2915182919464699
0.8254178739205255
0.6895366935588756
0.3028127295927113
0.9173765560487063
0.471141479728422
0.2889999070519988
0.1455290546206697
0.3553380068386963
0.8102554167356191
0.8515040804973473
0.6181428505649201
0.3292696522937232
0.48700115461360094
0.5900937200461633
0.5931026693756073
0.18814840601722305
0.4197444007320138
0.14884698992292966
0.9154153628724637
0.6990889088693258
0.7216313463288508
0.8191548821731732
0.4815230253556352
0.8124351425170907
0.4240526579050878
0.698883950266463
0.012339534067540887
0.17723116577583573
0.31245206879201887
0.6768424547301549
0.4857839936478181
0.6682384823866658
0.14097970351461447
0.006405016444350407
0.8447590068653781
0.6293624345510901
0.10178873574049066
0.5184433496573531
0.5940167626001698
0.44571552978057616
0.8332262577160152
0.09004163456770437
0.5318630999197898
0.1629399569817482
0.7154116475629659
0.3087462082626582
0.11852649202968084
0.6461342868579114
0.8326176891937063
0.3281912281012907
0.30428349472743593
0.2903295213123747
0.8337952445154562
0.7132556049468896
0.5897055943568653
0.8112543666498357
0.07995677159663547
0.14395528136366245
0.1561904647536337
0.3412440197516401
0.7947782241787011
0.4131559625432239
0.4519164493500052
0.1497914528638157
0.8974279659955359
0.24551928274246715
0.42913964975444546
0.3170805401574129
0.5531183543894194
0.3155232521894072
0.6581828687531305
0.5946210158721971
0.31778875231646914
0.8421447906105645
0.49685952279921086
0.48501715665513984
0.4770859766800549
0.3030019121449074
0.7715438077052499
0.7755140621174437
0.7177875724854741
0.5100376927857978
0.7412565355617154
0.6495199165595142
0.33220723102922994
0.14062146445779453
0.20558658177139863
0.4634051830515888
0.8788982088566698
0.8936680269854863
0.6263354597082834
0.7301194106033544
0.5067133154813511
0.8631495476955583
0.20043115658818614
0.3993964845746487
0.23078076404324283
0.7340162066844276
0.07011133817361612
0.017140192315303712
0.3568916908884863
0.19943155637719875
0.2766723395297674
0.43198777494391877
0.3774422252512331
0.5655600187203287
0.263535534252236
0.5863583102206938
0.7101204166563442
0.17333927074341685
0.5008724390377743
0.33723349071097647
0.6693682651070899
0.16778274977698582
0.9165829901974165
0.14643515372097482
0.20126094018878013
0.46292754405315933
0.24927056176152862
0.13166878184951264
0.5816517924699263
0.8308122947170026
0.4829671169183282
0.37177963356322635
0.5687881368062561
0.4671866783737884
0.6241467213582576
0.7450983715084435
0.23615965904118863
0.5675928406835967
0.7481457136633002
0.5750128129682391
0.2631115293516551
0.4005728986415092
0.29831906779362954
0.5955380713386532
0.8993641551430446
0.3909270185901733
0.4079914452300335
0.8348179468353231
0.6363169668816251
0.26937729997162
0.46471129816372647
0.48702033240592935
0.3638501736753005
0.49851473443124655
0.5287109440299306
0.5778431761475742
0.7502577168754813
0.8265932865531548
0.566698038809952
0.3623937430162952
0.46258917035627983
0.7148099003189177
0.8824330188614627
0.41054879446644565
0.3598340081168043
0.718528156635175
0.6580909221416159
0.5511046992987587
0.6231347650728887
0.34224719294765504
0.5424354168210118
0.045548486096762826
0.3192726625926472
0.05800630781484459
0.7824814688704455
0.5015836519744924
0.19208895546435395
0.7712937401885575
0.4848451423543884
0.7214780586494893
0.9109292834277631
0.13518597882131847
0.09380390461859395
0.5653800595912074
0.48232867807590946
0.3422886709907846
0.5807031450984337
0.6488936598602665
0.056470246559393436
0.3826513464729142
0.9500423462050211
0.21652923309366565
0.7249024968168419
0.6819068560676054
0.8943571644083064
0.20193119939120052
0.437193174498545
0.3892106190804919
0.35467100075223873
0.7397548261814063
0.6292098124313757
0.10822273709671461
0.6179915231772258
0.46122425442028575
0.07397346382333186
0.4468046002553821
0.42717255182335906
0.47646632734178673
0.45432071121546097
0.05622374516529807
0.3085634596012456
0.8653153107157106
0.8868395573529432
0.8022100159107667
0.011273704712698479
0.6380339786596533
0.02694582162686948
0.5502898698941134
0.7993134368617273
0.8019696365293432
0.7597053213709273
0.32968872505433544
0.07811935184701484
0.81792019463843
0.6962181184500911
0.44912337014500203
0.39214467795103364
0.2737978273163558
0.6091591468202039
0.47955792877587206
0.7145854312205587
0.16092529743351838
0.24156395933706
0.2572274055107858
0.8702711511800478
0.34340678758614324
0.3852905580580391
0.5504332002493187
0.2091267233034002
0.33996748387280756
0.2952091854378953
0.23553896907186045
0.8622355234873103
0.15980942182452787
0.2423062537585331
0.7890904591708431
0.6406431134694885
0.9095281451421416
0.748077821868487
0.5167958807108683
0.6181107657102882
0.8870652967635838
0.08575572527477461
0.513800850804776
0.3328337995427191
0.7329329506039114
0.43048778173203456
0.1302023946319593
0.32864361562023997
0.6994745265293253
0.26002567892186135
0.899504603537152
0.5163036541195809
0.3523789631457366
0.13116246622129657
0.4280605716235886
0.6936697107914621
0.6779824372319644
0.4559756563977856
0.7753188940028439
0.6408726906348132
0.7604521930197068
0.532278591559568
0.7892209489317977
0.30881565753930784
0.6841152128538999
0.7049378689299117
0.706851889913073
0.7736909487617535
0.6194241781156008
0.5166332472268654
0.39318501127891914
0.7520899092187103
0.5291086007215068
0.7479894189568931
0.42081964074997286
0.36110719012779563
0.47377031777895806
0.5996676117319715
0.4882153319404018
0.7392217923958716
0.3319173269303559
0.3688724752249952
0.07423125414995285
0.23389221504249405
0.673831445576195
0.8049644470628661
0.2525269638753116
0.7722833427600386
0.2101612471789898
0.2413695918928388
0.6073808145371762
0.724617199093819
0.6221872271361985
0.13417478400917265
0.45237046601870184
0.05891617461332514
0.23872778622354038
0.8162798337577871
0.562826958739544
0.8818703563649458
0.7436221367753497
0.4143886108280026
0.2679886301510978
0.8731265563307907
0.4143174992651045
0.8518371723373293
0.5317671593788269
0.6790987749620219
0.23754171372391902
0.5589808033753572
0.6877586667283013
0.6032076971625974
0.3505655181965074
0.23880232382326985
0.833152407729159
0.6421734373387056
0.8753048289328309
0.22263726040864598
0.5264475845342681
0.2779150059059915
0.7825337051720556
0.20793581908359765
0.6387057939282158
0.4387161637017031
0.33061348997266227
0.18185762771370514
0.5367445912689023
0.8434383091523185
0.21206449215974532
0.6486278694970924
0.22184427484511313
0.029364131807803718
0.48859486443341765
0.14333722390576673
0.4031370589838366
0.7090429011405253
0.07217444101578903
0.4720431884405769
0.6689230150315667
0.5383704566980376
0.5607352769498326
0.20413252358998923
0.10088349915195893
0.24043419866308174
0.41858320675939165
0.6920846169015669
0.10570356048419242
0.5154926498053476
0.6428683837517033
0.4282260197231279
0.15076820737516664
0.7446216119293824
0.45494259552476324
0.4380109574376688
0.5897149163917306
0.6238480521126883
0.8855228672608287
0.5138085558664366
0.7804550268450354
0.5087227522074949
0.3542499149306316
0.41147323703901256
0.43470572072704217
0.5912762716189767
0.8775239201878496
0.735760280768769
0.6455083852171749
0.4010967340662753
0.487959574086609
0.3130775561671032
0.36298212126387436
0.8312552215763105
0.06842969936222375
0.4366681748312779
0.5468418949614504
0.6044454630792885
0.8896445829034878
0.7657171509233933
0.44341872753720946
0.4860929710510397
0.544861640133115
0.5791686685873046
0.6520833689139268
0.3197395478750977
0.6716839562065188
0.1657713918011987
0.13282495124880678
0.9018300562118696
0.4568495765987269
0.8487621759729219
0.8875282439359711
0.23621043789623447
0.37685932691834567
0.5061828283220065
0.1847188524207585
0.6480306044631448
0.5955445448016529
0.8983714773823116
0.8691856075772602
0.9324265383905936
0.8596796446129991
0.3413915909575259
0.3618001005644165
0.5348771122808123
0.4656474093876695
0.310022998306829
0.7220492990542879
0.709409992881164
0.7432069162527655
0.8894217418209429
0.9180556707696599
0.6242913483261342
0.6641500017092886
0.5757834084798605
0.32152390217311044
0.15980728240774328
0.7195047713631233
0.8890460072344831
0.7561455921004816
0.583228690822732
0.3531335813231988
0.377183385382271
0.29995998732878115
0.33168902574966186
0.6841407304390332
0.8659373425595487
0.7902634643146936
0.32123846381485227
0.5550312529848495
0.09581475938525448
0.7926053447326061
0.2029798864299776
0.10304080847260362
0.24779656985882792
0.2243833778132048
0.5304150023649359
0.08193627250089645
0.8334267408356697
0.6146689058292428
0.07437569316946553
0.668276544491267
0.7759292750815217
0.39176043906319546
0.7201040880842823
0.6842425275483969
0.30451506576132975
0.7687278816037523
0.42099359775915907
0.4700549594705163
0.6848552955560225
0.6371567219269912
0.09218355813152676
0.23999003245729222
0.2757569733364398
0.5146690904245433
0.5239119144401877
0.6349010464544065
0.5453679484988316
0.17466357292912504
0.14545370657106374
0.7673781287387509
0.21146477237626732
0.9033284310296922
0.6732049376048885
0.6942719229147601
0.04073959440531554
0.5934670799161185
0.15655077013837987
0.2668422903234113
0.5712115711970158
0.6582707574793406
0.5683177662347741
0.13466970628741126
0.3905298595932168
0.6473181724207391
0.5336020463475346
0.5834169623103816
0.3341503916516389
0.16091616584187857
0.5944314146463564
0.49456395580070867
0.8468732540688229
0.050352345199900415
0.7091947022054216
0.5460977843125479
0.5608501248011526
0.5039826927890718
0.7827208702847789
0.3478429777911273
0.48514255166653114
0.33738306563253717
0.5533650370226068
0.47930410590168804
0.9400336917550633
0.7171931115271711
0.8615905736163023
0.7281119860884634
0.7514120373252012
0.4401163043885853
0.2302980849328763
0.13166893465255372
0.745391876112575
0.31713734333592297
0.25461041130516476
0.4830467485767447
0.32747426219222675
0.701760751767753
0.40027925892349214
0.3667766439965982
0.5011590422170965
0.8022061239598142
0.8124311216020077
0.5120880279237447
0.7936390678980206
0.12347397164166013
0.45621655267591
0.49643668891581927
0.800972479278884
0.6955359193033183
0.6734487702431161
0.12449094025481919
0.1454333806665471
0.41935851440013117
0.7144718535893156
0.3891831872092344
0.13231594018955406
0.5785773493153238
0.8419867128502593
0.6482850749955004
0.5167914790372761
0.7538494663685481
0.6935370355888149
0.17753277701769415
0.0969618517284803
0.17384024950242918
0.15152552358799543
0.5179601968644598
0.5458072243475685
0.8410640430500307
0.8645353988734855
0.02857488186839043
0.7766420946948307
0.38169439047499015
0.3660731403469818
0.6530156001856608
0.5783623100631119
0.45538593351254214
0.5483369876803804
0.5944395983920793
0.016065424074261148
0.28836755870085057
0.22401004374426212
0.8999986809060194
0.5493237245468305
0.17739277332703016
0.4300816806271562
0.5355033301346721
0.6868656407362869
0.5129674217705805
0.3713160150712278
0.2888123552472606
0.25547528634532857
0.40203632370484904
0.47693263371752037
0.21361847165585748
0.8171984947991553
0.19557074112596898
0.8021785290963249
0.850352944900315
0.6300038746068766
0.7794634228579953
0.7408261810614818
0.7378248109271005
0.8183031206152305
0.6137295714195563
0.9131697248578643
0.38425923230891024
0.6730311074594231
0.7168835195659317
0.049515083194603536
0.5539129023824575
0.6494960031293536
0.1289303363106961
0.15203224380702093
0.0805068635594398
0.38072691311707724
0.7412849768000611
0.4645980625156584
0.8263121322583631
0.9697617890250528
0.2060806775833037
0.5692987011189041
0.5361257817005306
0.8938609886146749
0.7845218605799895
0.25279652919433154
0.5923421598492135
0.18033797732390228
0.4301716949590953
0.5439151242784858
0.810625631238191
0.1316617146914997
0.5843454965665853
0.7872508730224574
0.6493419102442956
0.39021131169742945
0.31082600455227427
0.8937332060795218
0.30992390389042634
0.19682116936467248
0.4689574775294769
0.016070729400830812
0.39625536917663323
0.45491592460487246
0.6029231625499212
0.6097326247327481
0.8522191740970476
0.6173790040683951
0.3629808718864453
0.6028664931233862
0.7606423782778059
0.6294179995686686
0.286770068628968
0.7948398902960319
0.18868915154409463
0.7016024917413659
0.6729612799183922
0.06267116776498453
0.1264611406783019
0.5519918567003445
0.46789669505279086
0.7060198139481733
0.5553397530489271
0.25772793768172264
0.30252514440048794
0.18435024582012727
0.06734335180112372
0.4969392955350375
0.9418088989817206
0.9370475240421227
0.314302411377977
0.3659495177068443
0.7428131061115973
0.7557376380122823
0.40964037433920597
0.8469272884402381
0.11734419804077548
0.5830359148937213
0.8718838700935895
0.8345218204625697
0.37031878506108085
0.5070248067790687
0.6749977478841739
0.9228133286585511
0.4050553848783233
0.04636854250979733
0.3003420075054691
0.6090573077047765
0.18704255774423217
0.9072587603639984
0.35136235035193253
0.10106584836136646
0.118453077088056
0.44935909990902956
0.11672017777580757
0.7109730660266388
0.6785494980563233
0.7343803226919203
0.010045434595648647
0.3613175597578095
0.5678150163382746
0.6704876988839157
0.3369790141488936
0.6427127064810018
0.7473094917584058
0.1509965040085047
0.2820855106612167
0.6043059688847351
0.16519810982378277
0.2791145560414532
0.4519855879512964
0.5823419797005286
0.758286089200232
0.32261161581135017
0.7106306356897117
0.5167682588683482
0.5377010132058289
0.6531300627085236
0.2306975950883247
0.014265063699387254
0.7574332135665169
0.41748658855174964
0.5223874947322931
0.7841597683869946
0.7693580160394731
0.8217877064183551
0.7022432850047133
0.6466369734500675
0.9421041878228471
0.4034295999033726
0.5413588577438666
0.7660419896692361
0.49812479466303294
0.6196896143572431
0.38632175185957335
0.39428537168771915
0.5343502214236937
0.5892930839762057
0.3951907729835704
0.5420137223251997
0.6538269933412174
0.42626255887421466
0.8432909121779544
0.3778971297353767
0.508854856906356
0.2548842943644445
0.1499897973129451
0.017722644286930992
0.09870492945080198
0.1916217989235587
0.290573145339956
0.8117073205889681
0.3204543951421817
0.34723241263590576
0.5963377835190979
0.32567708187377387
0.636368995121658
0.6348123464056298
0.38080926082630956
0.4676645980021617
0.6554450993710693
0.9106562135618732
0.480195689420854
0.445637194777892
0.7465345114932649
0.7820293617506804
0.5414925007649096
0.5754402801302886
0.3486922194151561
0.7942511417078447
0.6818577099240227
0.10284295450719984
0.12444712211168013
0.19281477913731734
0.8586475049659925
0.7541924099802775
0.7190441570614629
0.4800771545491054
0.12802332644653272
0.6962230687943219
0.38450450299702216
0.5590831621974962
0.06264251050286002
0.8637840736239256
0.4908596917314725
0.7409311555598788
0.7307852952730476
0.21894994498227277
0.47640583919898977
0.6688803377524934
0.27847224203187476
0.7438770883456916
0.7417283612845291
0.1495695688231763
0.31561255042912634
0.49296622662154843
0.8946546351861916
0.18138022414751567
0.30953374190380345
0.08463842367874132
0.32714414062710756
0.5862916349836859
0.04223484686671367
0.46289472143301674
0.5274858299071655
0.8075016183199181
0.34758161194039794
0.47552613467833177
0.728750452784679
0.9045329681791605
0.7028694335170107
0.6257845593578786
0.23850116396018603
0.6133367052389276
0.775048016654713
0.7194080469480951
0.32158215896149783
0.5748153558760061
0.43640563570060814
0.3359569272391991
0.6446720628669836
0.6808748619342111
0.22193036016688708
0.1696757214667874
0.7761236114625618
0.3300109942245561
0.47943271242560614
0.7570068943526455
0.4253200189692439
0.4444559733159536
0.6076375244806805
0.7760751070127869
0.6030791544593116
0.7709111785871974
0.8001709292827557
0.3608644824724111
0.8385529473303577
0.08648204373214174
0.32507787810802447
0.7215782563108066
0.34668979519492
0.6835920753180182
0.09647170387072197
0.5013065058963665
0.39940886903902983
0.29827900374025945
0.7432693307616354
0.6468615217290291
0.5847173941827936
0.1534245965400999
0.43331544353688867
0.8370731996969129
0.16789148567671766
0.41381632259013273
0.44897533589633504
0.33940530945330194
0.4985389311565537
0.35885018180269185
0.5655954618522164
0.788826682950921
0.4566712582417528
0.2481887005199915
0.46204741943467476
0.22543016687771741
0.14481385994100365
0.5182724785536634
0.5314354497999619
0.15662065772328054
0.07810721337637336
0.32979250667061366
0.7280940732152861
0.85394929415538
0.8265062098833889
0.3732438515851123
0.1353776539808152
0.7210334373993786
0.40805548953070064
0.7949949812404712
0.13419516143819396
0.44970182861804386
0.48948873847438146
0.6998025743210418
0.8430570003074025
0.6247536167985627
0.19799001291928586
0.038742974537174894
0.7205350037117585
0.3059795295701512
0.8121233397764088
0.16689510563530224
0.4637694031361424
0.486983826474196
0.5183244798022864
0.45022102098146266
0.5321569777649948
0.7962659637130832
0.5219768650484299
0.5447054169728549
0.13363689465949136
0.42227470240341963
0.6754745344187388
0.8665171309668533
0.2669744820427476
0.5110143813542638
0.7427707854769131
0.42242403270400586
0.44175282050113784
0.6441943580263247
0.9313606407891284
0.5691179763928745
0.6019262576215897
0.03114544019624371
0.8079910880210764
0.9316204184985556
0.4772685480702619
0.7237341563786724
0.3597908324550056
0.3844059009114176
0.39157215783361016
0.015214056585151809
0.49862946011978837
0.48311566635548553
0.767195446719636
0.38866550648502124
0.7344252805747267
0.49946942433310587
0.2752955737598972
0.7765380717803692
0.3455486476354644
0.6328402347595053
0.4510129779024821
0.37384435290071355
0.6159686277556405
0.26457412027085625
0.08552184824860004
0.5098496239176499
0.301670334745567
0.5336794256735173
0.727020803130693
0.7332846013809788
0.6056329275375582
0.9112855320820346
0.09962935515238344
0.1558170302632079
0.8430700510710143
0.3971453562949883
0.49395327621690366
0.3502289773243547
0.062419659576450154
0.45625494937376326
0.08093951053858388
0.26076967139525825
0.25612226949890954
0.6003441352482239
0.13553049891719438
0.7440917354982269
0.4872395837416442
0.6715491603713625
0.582188902471553
0.45128509973075437
0.6852517355357385
0.8558401174745514
0.8270182839284341
0.25420834464881087
0.5513837614523213
0.06480216065083559
0.22521557474928922
0.40661460102983266
0.20304568765612005
0.8358619830235293
0.3204009444847414
0.6294641162944897
0.33936568830004243
0.882677081565385
0.42418388929240786
0.5571684416964051
0.7846853888818601
0.10517959848457512
0.14699554156167793
0.5108524273292703
0.8719465397430325
0.5846814983325518
0.3017863255231697
0.4956729949818677
0.08622358045210286
0.16752657333413193
0.7475661661629919
0.36414427939472116
0.5271421891175522
0.4252895678341938
0.16239484283806466
0.44050285142763335
0.680625051616447
0.3988565389143679
0.4766714468581975
0.5832304970502363
0.29756696566318164
0.8643840369894858
0.4872186461403869
0.7309527979687468
0.1649514584035778
0.16684393571078843
0.3295199392449014
0.20485822773349066
0.8617951316715321
0.4031285138138727
0.6018204758333944
0.5223299279527328
0.06428379841869837
0.5065281736178668
0.07626230860692694
0.6264418255242087
0.4779120795800064
0.9030359000896724
0.7214456440104283
0.9473649229600691
0.9158952449301867
0.5838781300438963
0.8629068233483397
0.6014464405129509
0.6771650849968232
0.7057353543312825
0.7307660475789242
0.43790390267753065
0.5623254990123921
0.6056319259096441
0.0617227430172095
0.2973052836229608
0.39614668655234664
0.2788008049616611
0.6303685324481303
0.9355298449410991
0.33188615836708873
0.9049581260747841
0.27019073274901495
0.3034633244371389
0.33539004851801885
0.6423165483425657
0.7347176099877012
0.6991686947826827
0.8313645170125382
0.9153430916217531
0.22963501403600103
0.21071120458929762
0.5372302447455941
0.6061573711312438
0.4799750184796354
0.09269744982824368
0.16865371343097355
0.7476682338549508
0.705870497422024
0.5944648277307478
0.6874576662185505
0.4654469701033226
0.23452379030185472
0.6966365670658085
0.8310052253940741
0.5655583620719661
0.5713316420109616
0.6081057629561777
0.0765687820172758
0.17045245723024238
0.6068681705274378
0.5408108754317488
0.7987593427840919
0.7943676047555354
0.5424598553804871
0.329615645816239
0.681805757336501
0.7126095765629994
0.43772490875959297
0.5709634053234093
0.3384571144255094
0.7358642723015598
0.38312437680122746
0.6428525799783009
0.6051211230324791
0.32944943706101465
0.019220192590531836
0.04355556695682256
0.5173091644499501
0.020765628079231817
0.7815404560001813
0.6581970888260713
0.7770646320993281
0.14134227173968872
0.5596181226413515
0.8091639511640252
0.06571005199039825
0.3533525272653323
0.27313627586697287
0.3343962490081141
0.4100573702208959
0.7502900216875471
0.46279267225985976
0.8153573168336686
0.4771009370171761
0.3692930003626203
0.17568438327147756
0.5159346032268259
0.47244824142398734
0.1782001881184319
0.48161721849120864
0.7310429886837594
0.021665199258648796
0.6044468062768366
0.5604313952552917
0.4198076026948581
0.4190441242419544
0.4291668657417524
0.45389825162597136
0.41020311072832094
0.2397067159468733
0.4134291964093273
0.2690089226769434
0.10191626445506226
0.33024781214312077
0.47870510867366434
0.7868436011399366
0.5823638018896623
0.768077293362905
0.11048579386081937
0.5337886144194074
0.5515188144610689
0.877487362821681
0.8086856906527341
0.2821259505015712
0.25907615768973163
0.14219152510185445
0.3039714646273905
0.2936645004030082
0.08811141075936053
0.30650959805940864
0.5356901859018304
0.5041498684900897
0.5884211313286054
0.4466843167139326
0.6372866578130844
0.8081330984845171
0.3483563627762684
0.7958638185877486
0.4993951503724227
0.06119293056752603
0.3943873317499476
0.1131670330248487
0.3949914967198233
0.5104169516197059
0.7738782226781622
0.543700584692676
0.5768163722343955
0.263093519413785
0.19924432521220448
0.673193470270873
0.8229723511526271
0.5024259357741413
0.8215305397628354
0.934549450887602
0.0766075876407489
0.10612261978201523
0.32861709198691796
0.6212831558539567
0.245351505269852
0.42701538590474175
0.6206829529213571
0.5518459366783603
0.08105888338729585
0.6126033509653017
0.6250455477388529
0.5267256826747684
0.14545386324273954
0.11318938161237167
0.7625696159565645
0.18852853859118437
0.34850053236378836
0.10831281100685511
0.18210853168888386
0.5426212581081812
0.69814591677088
0.7250555278774676
0.9246177356445322
0.5316484616755834
0.6693677468799814
0.5148759842615743
0.5800301545672172
0.75607019478546
0.45013071683416533
0.48499952526176704
0.8787461484311945
0.7759515235744208
0.31021982174488283
0.7067205889021867
0.6524057424059373
0.494437719168478
0.788197802323113
0.28655790131826914
0.5200260124911662
0.7334942421261668
0.26534053324566975
0.8134263065743987
0.766451411537733
0.6060569436139098
0.7663006023776573
0.6837887434000102
0.8059047152043836
0.13607898225648526
0.34721687522575556
0.7038897629071572
0.35951436755042576
0.11959769043600249
0.2951093886684854
0.0730379429936687
0.03901936643825124
0.5234741465586514
0.28535666357976514
0.44456001139266865
0.8904094463804372
0.5186894767484063
0.903903761114076
0.4919497964658053
0.3084278101354334
0.34220626793634595
0.4124234980875359
0.09121405146567006
0.17986374410267283
0.15962487301879816
0.2860090153730849
0.2418561528688441
0.06438887935163631
0.2500315066500426
0.18170516671686798
0.807080996070017
0.3379497953720897
0.12848024849580317
0.2776802781985738
0.7004038125170874
0.6414203465626456
0.7760430234662838
0.29008764717007157
0.8201922420685164
0.0005574475873589835
0.39089399439753375
0.6116878327500322
0.4401812480764048
0.08678376221930088
0.0401993870001936
0.2381674935625064
0.4406714557881832
0.12900706470291984
0.39193172099023915
0.7468736387491052
0.6566924906749932
0.30131574991539345
0.8316608037069126
0.7351105038977548
0.3486223089099891
0.641513315446706
0.5789801369622833
0.7497802593512871
0.231098917792173
0.5881235519034795
0.7739921542138325
0.5786415990653434
0.8297613306031975
0.8067412378378775
0.20010615003198207
0.7969649233772146
0.4959869033623567
0.31051433143001556
0.12254913016532346
0.8237406873786528
0.48514255166653114
0.5012025896879808
0.6087856946088639
0.33290880671655937
0.2594121743771892
0.9086841974138729
0.20215260280212413
0.6247376217733509
0.32405979223479225
0.640542364253636
0.7210497034947442
0.8618509059178056
0.06674432138769242
0.08669209382812215
0.2392175381425535
0.2006569484991762
0.488619509645594
0.293256074344197
0.446999760384414
0.5955756990879327
0.10824786707241614
0.5983812662483196
0.7654126527183868
0.5080808831484088
0.4828031302366185
0.02647429826752347
0.5184644124612401
0.8414212797405445
0.554610573739549
0.44228661329787355
0.6804651752418243
0.7846632993164905
0.16225206793465546
0.6926449260965494
0.34073221713477253
0.5376009638212927
0.7925103041862419
0.7000982523366391
0.07914244581993429
0.052841169413958534
0.5019968579705664
0.6658406349106669
0.7237457579933334
0.3229480842630321
0.680202968360699
0.38456982459771377
0.7742691876350628
0.24782086712341755
0.5638031095457626
0.13156481282295898
0.306212945789434
0.542024771154044
0.4973448502512355
0.08842069353941372
0.7391008725013505
0.7165236006115772
0.07918881894266508
0.704214254166863
0.7242058196566133
0.28133029961556494
0.43206514702582705
0.16657640315525477
0.7763657010078757
0.48590356830489
0.11315204820131379
0.17969713054046504
0.5947405554747118
0.6449198668442001
0.8103494196381529
0.39698010893125896
0.47252578821335584
0.24287373004957125
0.22419761786572165
0.7187302731373387
0.4965205254348915
0.6789314577844808
0.17171708855865495
0.32025221145440097
0.7230321779685775
0.6698203898956607
0.4947111397886705
0.4924046760839911
0.7335248338551942
0.7939128629702633
0.5303995004514886
0.797175271278253
0.6217139606125782
0.2435405475155867
0.10862378606544752
0.4801640882896953
0.021597878509429035
0.5215557416977792
0.529009736024789
0.2817004080042193
0.45602341281986253
0.40793965749276523
0.8483158589188116
0.7793513003861882
0.3084903493717006
0.6380927435845577
0.7324619128830248
0.15037162872967644
0.6997709387964872
0.6108129363058179
0.0687659178557565
0.42303482715537966
0.34412674616436906
0.4591983973292072
0.5514306504537483
0.6253377528337156
0.5603127915533962
0.5242660108307415
0.4934779816764957
0.5543153728446122
0.46131423816500156
0.3752800868968817
0.6675094383428231
0.7762661708156043
0.05390543416964738
0.35999750845075035
0.5963197427375738
0.2836127846029914
0.8932643464330107
0.46456886066685193
0.6639705914971773
0.5742995564740365
0.03431688241203304
0.5386707720382056
0.4477525885333228
0.5982683251017746
0.040639130337014384
0.5740993902713628
0.18393106590525243
0.6006037266208781
0.3091729340145055
0.29766006180176496
0.4501534181299347
0.35635726738662526
0.10141035298724486
0.10403432681801551
0.3979778303686938
0.09096398514433084
0.1864617865276895
0.33531820005949037
0.5698951644944498
0.8464199772020314
0.6798347302242701
0.027839790952596036
0.3385811388617975
0.7365559661019914
0.4893983680434797
0.6487290615271282
0.7390699621567091
0.7398574098815586
0.7223310273762129
0.523768160952044
0.18652529819870906
0.23293389346071394
0.19530984193344414
0.5513832886501614
0.42941259719449976
0.4199273651986318
0.514344056613802
0.745846872920079
0.41088668344333135
0.4428849530826248
0.25907738535663627
0.7621618178009095
0.6093817691726887
0.4748660925379523
0.3154502580005204
0.03746696606630834
0.37412549563582836
0.3658198158089511
0.3212575853343274
0.2537331965749065
0.7350064757022778
0.3092044240310661
0.5073900830339161
0.9154970595596553
0.43667681862890784
0.743970696928503
0.79133545145435
0.3476936937319265
0.3014507161489227
0.6179219063652233
0.02318124116939209
0.43484399446018895
0.15101293625398435
0.3716139141830123
0.9238872015721348
0.5378231212315064
0.6353463870084971
0.7691772299744479
0.5187072863169531
0.5694745017520806
0.8018628665978265
0.46743190379056876
0.4288961189494456
0.9469048503012965
0.4174411150858758
0.7210868646198343
0.5517650853355722
0.9337550715896988
0.1872387088097989
0.40353380568529623
0.47318126206191236
0.7107380133709476
0.37388134078895696
0.6406431134694885
0.23521099591477881
0.952593077761242
0.6026390779539745
0.5731865057008142
0.7865012152704098
0.44287494193014293
0.8551734152364434
0.129552909667148
0.5625300853140743
0.07391573694415421
0.0023421200945343357
0.8149002182430584
0.5404190671654079
0.5962174977838971
0.5054920364443936
0.592946764015588
0.3615946446961097
0.894498312487971
0.5118703012501519
0.4680172820166465
0.5033643664787625
0.39021131169742945
0.5190388672995876
0.6481421213342461
0.18021896139464047
0.2712072666259931
0.6987753560627464
0.8665336199926752
0.176700926982086
0.5825987608183656
0.42187334169326274
0.6126527448434127
0.17397480193819378
0.6796593124196295
0.48612885674345807
0.06908985035998083
0.4377629067403661
0.7989770893256501
0.5900287533919787
0.31377621940652506
0.42919692324777015
0.8615622025927255
0.18404912592575434
0.7138810732285398
0.26333729419295593
0.6667793338530046
0.504834857021901
0.22090462680743214
0.2794126050089876
0.5782585507858006
0.29488072582709823
0.6250138601402953
0.1797967925613726
0.35366856533964225
0.6071724614615736
0.8433300041898029
0.8117091669745952
0.40559325329510204
0.5397826049517588
0.18494650860157608
0.8656509999672276
0.8130280342329054
0.7096053942179874
0.5593939558633576
0.4140406442643328
0.8686955697916657
0.8560256189869453
0.6152611970460785
0.6301011888874292
0.2973630795433257
0.4399561275758785
0.37666219213525476
0.2657594356250988
0.4081637796796689
0.8589114706024057
0.8029059095410583
0.9316559562798827
0.18107117753395424
0.6408092345929917
0.6340753157335255
0.6540446285219879
0.40270732602313297
0.5442804175306114
0.9259921559494082
0.33005461487171206
0.07444678014109464
0.23054408636398407
0.2260235166758902
0.7461193588685561
0.7737448741514557
0.4666288654499105
0.32429479878897627
0.3492564452712658
0.5811136216107979
0.08179044373433321
0.8609843189804407
0.8845963354232687
0.1335637969498675
0.7458277719831793
0.5733180271349544
0.10567343896129998
0.4390182911495988
0.8622441957402452
0.8766585826166291
0.31170290469976664
0.47165735810818504
0.44817859163659757
0.41793947785152313
0.38603717730797904
0.2838180829717527
0.7169697068300953
0.4278049840357884
0.6772045118457695
0.27313627586697287
0.4551364653010184
0.3024428400477899
0.5907884499469581
0.6724421476788648
0.2792065947472925
0.08988556795509613
0.4911659856924112
0.41589240419966716
0.8175043764079318
0.7539972781297111
0.4900477543071297
0.6542846946233504
0.3407516479072331
0.705608379183531
0.43274910258209665
0.24970490485295402
0.8365032800042134
0.611443396611686
0.8701298033207572
0.5256607567071048
0.8592876383169491
0.3718296381272966
0.5195254587831021
0.7974332977836571
0.290936638899906
0.7773201036143275
0.6713451134432252
0.8548137369881443
0.3082136796809691
0.6182259333612088
0.922096582909068
0.39936709191108977
0.5194507853249375
0.4355185472076412
0.057232961730947746
0.31992753391770046
0.7346371476295136
0.5486576403372507
0.3415913359431703
0.4038899870523125
0.17978303927254558
0.24229854193034064
0.7880063761072507
0.7565977495442363
0.09895881525389588
0.46274013110388806
0.7837459877861266
0.11222909167468537
0.4981501251036286
0.573310886632894
0.7796124671743923
0.8402216506149621
0.5337220386185566
0.710694611209747
0.44056724956339954
0.7214672563049609
0.6763436163354032
0.6468620035129103
0.04649775557015043
0.6650175055703195
0.23213841656452178
0.8357590572605382
0.6015303858789146
0.2939068246090409
0.3327192807749543
0.6293035721657962
0.6362213092608283
0.5088037708330635
0.2790974717813694
0.1390507892695176
0.6328750779810153
0.6091630692033596
0.6435023672060439
0.288941662497264
0.24247556625132666
0.18698493156406673
0.43975135330187165
0.6759043194565683
0.8396821548418074
0.553698932183589
0.9113197236837604
0.012295668120368208
0.27150041139946834
0.7118525818290645
0.32960264624701757
0.6727897265328351
0.7309682250608055
0.9510207985802203
0.4998585984290806
0.2573221433374453
0.7447165983638264
0.32853801003500765
0.7318356182995353
0.5346254494406871
0.10500365264713386
0.3285904529129609
0.424580482798967
0.7047487877511602
0.3818477987076213
0.46444179302434907
0.3343215288462394
0.44793959344491413
0.11647580604982613
0.4125579812823607
0.5893075571154825
0.41295404338878366
0.2405941469186966
0.18578947192399073
0.35500235621130166
0.4687719265313471
0.7081165784689262
0.5102462708397187
0.4074273443734938
0.5431531797337187
0.41206167507889657
0.7455024054717657
0.6110424053850245
0.2471564923238298
0.6492207125496106
0.52006992619656
0.7750107511343427
0.4302979692842324
0.07030045323878878
0.6754297927238301
0.5126688476244521
0.864003253636726
0.2533213366677712
0.1620382831505817
0.852137594647441
0.7587866549276711
0.4827565068151845
0.2925748923001013
0.5093159189854157
0.08679853344905028
0.10586616821335637
0.1807822849989216
0.4178483225490033
0.17604688170739471
0.2357045798175218
0.7659706293450558
0.48913993357863
0.7519883357426155
0.6463280509379762
0.4066107100568683
0.7391635654055158
0.711855943284708
0.8575169916016688
0.6770638135480742
0.8814899428676264
0.12853564540458487
0.32414768096906854
0.5482851790620963
0.48738666034415196
0.6106322635795255
0.2881223000070542
0.013950635509887682
0.7611307081291931
0.6406783809454194
0.6618927735335617
0.4892843613218746
0.3711991093535967
0.8323058709638804
0.8400762890360693
0.6902683152425119
0.3658232757651168
0.8246474465955183
0.2844356504202302
0.21090108960892842
0.28697882564010174
0.061604605439680084
0.32951652196974646
0.8927836336588445
0.895409720977515
0.7816787593697717
0.799790501013892
0.11651081300269388
0.035944518073837514
0.3425519239669228
0.7733873694700305
0.28504967576227525
0.26348400719695775
0.630731226845057
0.7058033754858587
0.44987148995614307
0.620708768596968
0.0822567998106489
0.0737408112300153
0.0990633033503322
0.24751368628286236
0.38377665571926783
0.28392441970457544
0.8944664884172943
0.5698985837783465
0.5236661090832869
0.7299684956874839
0.8406792133682929
0.6922147652510094
0.27079641308536734
0.5304962228641535
0.1205120442643244
0.6689192646981365
0.5577480152943222
0.7233543610596942
0.18918588380476486
0.15945531617360095
0.5310428115667488
0.39603439110622846
0.2507915950827665
0.40935572653806673
0.7074199801435049
0.04070524091522379
0.6132454321198597
0.788829717810148
0.2154672863365154
0.9365396019688896
0.785511431337152
0.6549935796099555
0.8394596506024223
0.3787257359540765
0.15791110628217428
0.35326160087303543
0.2755275296790153
0.7590157486947308
0.39039992718078026
0.767035591674417
0.4576437650770609
0.05576061189228459
0.6796593124196295
0.15815842283634599
0.5319973052696935
0.6728902784803733
0.4089278764915248
0.08695902383401538
0.48980882564258693
0.4858410486749963
0.6596686893221021
0.9034114710636004
0.35676983652003874
0.3405256865302972
0.3954996881993963
0.5104141098096759
0.07444340538777162
0.4568722613956344
0.6768965799839246
0.8947797074740435
0.3326262722658084
0.5721258499130389
0.45320154200456114
0.4874763333162045
0.140495928403412
0.2390203941680113
0.6436265643108711
0.3917867680628828
0.2969012676214951
0.8765175412391258
0.4450437261537418
0.9142361005012828
0.18450660411415218
0.5120330361665716
0.1335612431120607
0.5500380107524226
0.26287129641928003
0.394017538836571
0.5218935661848697
0.5233261446253108
0.0014940875669332918
0.36776926276858624
0.3825339391357263
0.6701541690744738
0.8887733383916073
0.896625074184611
0.5866497528171974
0.7198446414862717
0.41626612844882266
0.13403625763715477
0.523321937698978
0.19149735221548767
0.8009989050644702
0.19333010384693844
0.5747377438984403
0.9197287395080077
0.891619027149473
0.8957317721592027
0.33099578318837863
0.8920960046275156
0.26369114961575596
0.19017204689243145
0.42777543617538
0.6727345169256085
0.8419764133366923
0.7309443234807798
0.4154350450834575
0.05798889457568304
0.10968195065782473
0.07334246161047989
0.29216913869505645
0.5009161885583052
0.8872519840957561
0.5955051129804254
0.24831952364731877
0.23030952234466273
0.5831027004737167
0.8559304504265339
0.2743521029620185
0.10528394970055842
0.745217400982885
0.5744003735624763
0.6115124904364151
0.521078290611253
0.7721950179909354
0.4823300773041166
0.5616308862024368
0.3039391360940384
0.4278237347148104
0.14529552729085055
0.40292508209042716
0.7894259103463023
0.5163396436871028
0.6430383414409035
0.46520720916405484
0.511923192681053
0.2790974717813694
0.32773427522502235
0.5316641528488225
0.4984158055433304
0.6592497278824212
0.5969926800282683
0.7986065648921732
0.2495514671323124
0.6711164262126273
0.2724463488651516
0.8093173849676525
0.21445879093733056
0.29320739605335605
0.14349172583010275
0.6711317397285673
0.8407794994431271
0.08554373881920851
0.34642213247020176
0.6981685836594383
0.43464831715550883
0.38555953828374256
0.21545878513849123
0.6980478416855062
0.3615858786656335
0.3026601203520912
0.9021976961189787
0.45210827842944623
0.31495808365209094
0.561300545550525
0.2928823081439573
0.06103599354613118
0.4723496550899796
0.7743766544215331
0.618334904642246
0.8071829671129602
0.39763525386432425
0.5986925725495957
0.5055935972343758
0.3325582031067944
0.17618689921105832
0.8893724783625793
0.18496289311540437
0.4088172409847402
0.65415518556869
0.7162953442361732
0.7220424218601228
0.002290144461187403
0.6555939689986725
0.7218796538148061
0.3564581639501537
0.5990976294950044
0.8720663784084365
0.19006348093678976
0.46925436272536497
0.4315780581632114
0.6938196370407982
0.0554869356427631
0.3539434689262046
0.7212261529380948
0.10372219371149914
0.7270006094671431
0.7170423942661852
0.42119063912510146
0.5845677531943831
0.7779976847156628
0.6267403152533522
0.8947138224650187
0.2851489954641776
0.262910162669861
0.04064713543937003
0.628141083673572
0.7322229017658113
0.2863964638886139
0.2995546231119561
0.5522027324094514
0.7487098051653199
0.12864532845784046
0.01963644889650813
0.015341343493486656
0.3639531774309193
0.35947564440935204
0.5205357881848385
0.6908685589705263
0.1099691542136898
0.6660970126465974
0.13428980817440947
0.5214254770454417
0.7422814973553342
0.6346836685763657
0.8173363899261104
0.6163975794813985
0.8948215741962288
0.06842969936222375
0.09390340999484077
0.7900603664452638
0.40091021668667426
0.20013419081300385
0.68065283865624
0.47339912770478904
0.773673750256491
0.6632617527720921
0.37081538404940245
0.3356113024903235
0.3980469352789726
0.5007282613528341
0.25365971394215103
0.5895011349527045
0.5193895991683491
0.3519378561380336
0.6347920963489173
0.8875527206567276
0.10831263618101838
0.8780839413742463
0.5744137449781161
0.7355545673478352
0.44543278362659466
0.9694039833078661
0.5542899038120414
0.47239312611372214
0.014692363063473192
0.4123142599667312
0.5591589323779054
0.26466771896166175
0.7883467177914872
0.8004955074515727
0.7289232226837441
0.5300090190336998
0.3474864438963593
0.36627049414163126
0.4080091076299873
0.5579537374950112
0.07914244581993429
0.07086114194754237
0.6820585169441877
0.4493423728830422
0.7113859345963979
0.6570689003689641
0.5017343208197453
0.9234694218927935
0.24220225761512731
0.6195043430030609
0.8197608259036286
0.23847961811873766
0.8319461651784194
0.5494957853139898
0.802986807305143
0.7553504457423769
0.3973044365738013
0.5985232995027792
0.10278424189213932
0.04149613885147915
0.8219655892356014
0.47329935904339154
0.6358398395362203
0.6245849809734937
0.3962855137587737
0.18161147274909442
0.1777664768147354
0.4913145065506076
0.6692071051073593
0.008535853085242802
0.20714186754789302
0.6379086632811305
0.2644690803367089
0.8017177000583703
0.25962709006504603
0.19320081515093457
0.21284839328353947
0.47447777200829594
0.6551806950324751
0.021550446504891064
0.41357510125847663
0.2430203050431907
0.4671513419420351
0.01365959301369098
0.07204274305338024
0.7405104716908716
0.8480290758341825
0.7077301283997294
0.8842381802032894
0.4909593512702012
0.3967931102134119
0.33248954166916744
0.9040057291071394
0.9316665818647412
0.9024809195305521
0.326739674045977
0.28081380104979825
0.6805625490370105
0.09619907687043805
0.9147409593508928
0.27972200601438424
0.17155129765745394
0.36281438510533276
0.24283287974516302
0.7559788862031112
0.5615956440263443
0.6404907964197198
0.840077388206335
0.1540560029225221
0.8205515929107763
0.5436549222417785
0.1425165488188938
0.7842717131284422
0.9400650187989238
0.6672869067512477
0.7410420242838667
0.46894695831274863
0.10190147456874017
0.5787173887471637
0.16778776518567237
0.8994993290545964
0.06861864447189843
0.32288016159927324
0.20272839944542048
0.43276439776844433
0.48377125515178804
0.19965133055357548
0.8175868383202542
0.2799242704721538
0.8515025202877657
0.4472330435044055
0.05227174274139511
0.5466788251247859
0.421013416213537
0.6203869217489981
0.29062886903554325
0.2696192281165367
0.012669508140314908
0.5812902786444714
0.49530833658323875
0.3450809382258128
0.4944248893621383
0.2716645781722864
0.43143268857795203
0.21252577257690544
0.16026688972650455
0.3759295721980349
0.33313155827617946
0.4268963851206161
0.8431880036739517
0.46314089895349914
0.5900527734168851
0.7021019052238741
0.6346850439453663
0.5684258357620932
0.38498916805113853
0.7107549492045707
0.5567236507739942
0.6854536057470667
0.1660977155628641
0.2126776107095465
0.2953457150884697
0.43473907057186806
0.6584275070002971
0.6189105623641125
0.4540601372812623
0.49843575166669024
0.16065070271544707
0.43544315232030106
0.5816611319692032
0.5732225879569302
0.17630690588681033
0.2062424598738049
0.8098670920084458
0.2538095970730656
0.4735672208814829
0.9483295365863547
0.1787971868986676
0.41019047108074813
0.598017462584774
0.5444992530341886
0.5464036002468329
0.2265990900567668
0.5722815492201824
0.3316494435522633
0.7788193810081281
0.06218819664023754
0.7164353765618576
0.3641070047203395
0.6958555190095899
0.2730799089806851
0.6513972138774784
0.3218001910162269
0.4013246133793848
0.8601664246676352
0.28515488158047875
0.8321749829006139
0.7157111209982394
0.46841281274697116
0.25172406286316873
0.9201589904477107
0.125504842827325
0.06184937885014787
0.6882667506625577
0.45027856577030717
0.4711475931217331
0.5073864925194072
0.38709280177084227
0.8452473295723958
0.5273878820446773
0.18941641925916142
0.47255052650339235
0.23560362760830356
0.31553426550876673
0.313199363715763
0.6816793588247251
0.1869123428586005
0.9428171527418234
0.06908834486118613
0.3063667169406238
0.3942792883554269
0.49451242951100427
0.4033270072621592
0.08106635176701713
0.6304690592861749
0.5061655011095532
0.9159655441747435
0.07555380544870217
0.2766921207454123
0.594513528023422
0.41013852934697304
0.3917240050851561
0.6759712088495696
0.29841773981790815
0.5593054678157713
0.4997179870920319
0.4679454110637491
0.333779001857572
0.4094611933159822
0.21108336779678424
0.10121253338198226
0.6573645555470796
0.8066096305020337
0.7947767539396139
0.1338816124917846
0.5935265367014073
0.4704395591063522
0.5791611290247421
0.6718404439213648
0.20219857033894292
0.315444390780204
0.4326475368584816
0.14289292080687135
0.8716698991726143
0.8271187577900931
0.5982610074136834
0.726455090191409
0.6072968693599516
0.3114337586289361
0.35797754484533945
0.8762761642947243
0.3485723461744267
0.22146724250985794
0.737800117039783
0.4420388480810896
0.14131641375256881
0.5681821668219864
0.3455688685709762
0.37350672062693213
0.35321878484510233
0.7469587359193722
0.7217761626649615
0.7240552608567977
0.8325550853693585
0.70790619793256
0.6734555462013191
0.8604388230960043
0.3342602568709592
0.5888957296769489
0.6306998720913444
0.45482354385254076
0.6376439339235855
0.5945407453227841
0.8178395777214059
0.3430336328550069
0.6070170608242027
0.8152537077018458
0.407860469088818
0.057870814094474025
0.16453201243538174
0.4324120158892016
0.6078107929244417
0.5605289249693572
0.5392647746983298
0.4537337533405756
0.6354250403323457
0.673831445576195
0.2294979827373668
0.1319496648647336
0.5609243586496532
0.5092616269327185
0.5031289601395823
0.4344363556672434
0.13096417769273733
0.8437814205568142
0.7738592473158613
0.7871727370994418
0.03072409615633113
0.26836548464858745
0.2895448318180016
