0.5276827378844529
0.537081658493041
0.48557016428635974
0.15590193647448108
0.31091274017693854
0.8878848924654714
0.47951184334372954
0.3814392146044901
0.4620022442826148
0.6992766593450901
0.8326936481824914
0.49150101130558993
0.39921109849991
0.2808948434071307
0.16053250919640102
0.2850600641219966
0.24451885163598464
0.8044956311192979
0.09205783335232723
0.028014727462208042
0.44571579130855854
0.6714319648406688
0.28386559134094375
0.13482812444935602
0.31481049657978194
0.8983368643033812
0.21106445306722796
0.4272439715971225
0.5664720015716531
0.6236233634264183
0.2963923031971877
0.8528651188829685
0.4638995644523776
0.20935952435832583
0.8484024186455487
0.5256844610154813
0.08146598870584892
0.8639775270800641
0.18805978786942626
0.23873931845534987
0.9049761255584823
0.2005670009963339
0.570122083857499
0.5953803949814163
0.7905085146895778
0.7884644956697165
0.3464260858128447
0.8912285620944146
0.9022432028825251
0.18026537378479668
0.1774790674477368
0.5221763424481725
0.9360023155484631
0.7023461106988845
0.8686856560899535
0.164536516589052
0.288215046436888
0.7128139142201139
0.662199806900673
0.4393890202643589
0.17307227732863237
0.4198757037251979
0.8905564905460618
0.710785797597942
0.7271455686725964
0.2268512949190225
0.3398845814548785
0.8048055745443078
0.43301511987981606
0.2062706590369639
0.28999636534998247
0.5563826568133662
0.031180108230510345
0.4936668051474128
0.9010193549931131
0.5607826362976616
0.46177856329063627
0.9211481006534161
0.7902968684334026
0.4846440328034977
0.9193739660029377
0.5003600319382155
0.6915754839323962
0.49091202203597617
0.23353986078880934
0.7192178738945794
0.10338796583319508
0.2114985842693676
0.4209317940795688
0.6860351972915613
0.13178478959631496
0.4907136090371358
0.4307181397706664
0.41295901449360817
0.7764707818002651
0.9021618708944076
0.3168499331762283
0.26241534928273
0.39178127485403813
0.3201456360055894
0.014755762862015008
0.22963851918290654
0.07943039365496837
0.5553737252870438
0.0787052463631951
0.7424789346412012
0.30516187426387903
0.4859680814563612
0.4722679361189349
0.8705563981866464
0.7475136451799899
0.6914861282352031
0.5620045242498972
0.34079688755789805
0.31845366614038506
0.33422351468040307
0.45801462283515165
0.08925070468589479
0.6873698301211075
0.0414690679263388
0.37648609804163335
0.37144890344412146
0.8916733812246177
0.5664841570503317
0.3622257595040218
0.47162252369399105
0.25345679873795424
0.5662464515764902
0.1461137900329387
0.7655105775917787
0.37500728668335354
0.49750564114649676
0.5367301620270826
0.663091511215201
0.12627359361011786
0.8706584796185673
0.37117513393358664
0.22165653062212734
0.7222004985351813
0.2787413579365616
0.6519738615771262
0.7040637660167716
0.8705699633863646
0.4464247619115526
0.31016919496902795
0.8587067208009196
0.6022156037507718
0.40182045349749346
0.1267290616627731
0.5972818656304709
0.7836007491558618
0.26751417379292713
0.3932564794490257
0.8646138681354797
0.2696584841472077
0.44133161314026687
0.224395196485553
0.511911042968335
0.3174021987953157
0.21103994549076913
0.4154837019929889
0.06885840624430306
0.3051727975109398
0.7745355041777827
0.341079477169516
0.44205220227919434
0.5113438637008748
0.6211507131838991
0.0357996430916553
0.5632771071446757
0.48627548573309126
0.5713547160484659
0.6177348611086115
0.39732666043011594
0.8218271240457732
0.48479646923419667
0.6137330911691894
0.32869637648335
0.6402164940865739
0.9233478535937424
0.2519557454321267
0.42698974346876034
0.4366123274644381
0.6976219650123545
0.38038024012298033
0.795960158711528
0.40733753508353027
0.745620127560485
0.8942845958272331
0.3035874150667348
0.5007147688693249
0.15037790768045947
0.09755097198211134
0.09374143915630676
0.5340105289304616
0.6010151386471989
0.17195126565626828
0.15003287439668292
0.4008535532081078
0.5316091349987628
0.1593120235190208
0.6198046788176761
0.9101129900323354
0.438376232922256
0.6314409480309393
0.7748081581097297
0.23479248269318742
0.36442317687340814
0.23965987884529039
0.3330283851696602
0.29283757226181156
0.8330100546350828
0.6966439107457247
0.29653021287574627
0.9174430105620341
0.476086081898451
0.29412866899654017
0.14077213283126108
0.35050877018401033
0.805863678042842
0.853147313134888
0.610915651113579
0.3175931409774541
0.48631272958879174
0.5861007987591289
0.6045392303335874
0.19816076181653725
0.42821572348120174
0.15668932504699012
0.915382452685435
0.7094254430394342
0.7206716347712728
0.8129882458245474
0.5074915725834795
0.81124660945914
0.4143962190195593
0.6908565980411069
0.011007825861180105
0.16742523789737607
0.31997533616578977
0.6736062518574333
0.490839325903577
0.6666493760583404
0.14504367676129853
0.006310202850436626
0.8511960199867442
0.620115877747225
0.09624771871996345
0.5177097845469961
0.603148348104916
0.43649073684133416
0.8346508324097689
0.08899630122847123
0.5411027754867616
0.16296639313808714
0.7052887390675405
0.30822679606815434
0.12210873876619409
0.6469358435150353
0.8375709189943707
0.326433878626614
0.3055492699207613
0.29511850588799005
0.826071010307598
0.7265537789304478
0.5870398398827502
0.8169695404873656
0.07553505461937823
0.14769467013251242
0.15502848104088984
0.3452625736660784
0.7997128376163983
0.41755843491932765
0.4608485731337101
0.1516071258627221
0.8940423326286626
0.23746009563764783
0.4242349530525209
0.3274758771694241
0.5552028640022294
0.3178611155634059
0.6576248384204987
0.5972142102469934
0.31792779191192716
0.8477627357921924
0.4962645338502573
0.48762302616639236
0.48712287860999653
0.3111886448620897
0.774111979780151
0.771620582422728
0.7167496484243184
0.5022781814075649
0.7623810184515643
0.6561977125833632
0.346421611959812
0.1407202334502595
0.2059001474319425
0.45296876035538425
0.8740212129807605
0.8929722745505054
0.6297183759570293
0.7332037761226953
0.5080531232490155
0.8622900714808663
0.1869142440016865
0.39644219727993807
0.24363300207663433
0.7168609562206986
0.07122220534366983
0.017135995920363852
0.37211000360131613
0.194844036422994
0.29021933786516924
0.4225527670871804
0.36591067015607587
0.558833580381695
0.24444597700121146
0.5847588016128191
0.6976792737402663
0.17474899928354384
0.4995695430275604
0.3456538488239657
0.6761043398528434
0.17681246933084868
0.9144676379477473
0.15054915963730656
0.20188568331057197
0.46995787011007994
0.25006462077799235
0.13023755961057204
0.5908318581336884
0.8358185859878564
0.47425433856017535
0.3716591898760294
0.5644998417353035
0.4818206277275883
0.6209610723008632
0.7301501092198377
0.22997089366246534
0.5615277590702816
0.745793516592193
0.5521786434326418
0.26358240817158707
0.40142535786498834
0.30094022403521137
0.5984649159072029
0.8959476066959684
0.39555666498808373
0.4028926241883025
0.8294371191598288
0.6365645975628155
0.25680372937246626
0.4662395750348317
0.48572292399917594
0.3617397186695856
0.5068599315758882
0.5327765413703924
0.5791025024951609
0.7477233897705872
0.8359365573250239
0.5590815653836326
0.3615128862566656
0.46308417637269467
0.7072139533502793
0.8801118826837078
0.4203314970744629
0.35399661623776607
0.7157210397467982
0.6593233014017251
0.5471036147064025
0.6128333884617121
0.35149382301749654
0.5523860617653232
0.047157900077972166
0.32504968312616095
0.06072964933901274
0.7774369794036136
0.4932668491392182
0.1914827616087313
0.7727242105516356
0.4822838984121388
0.7161228513134893
0.9129989907406543
0.14108248607722496
0.08881573633673061
0.5618566464104673
0.47885482636684606
0.332519893507001
0.5973563095410046
0.6357977827668465
0.057364884177970726
0.39439006219842726
0.9506968233247568
0.21070091062703147
0.7353806740394205
0.6945114228889612
0.8880133469387915
0.20276015341228162
0.4423943785492172
0.38805682301802163
0.3650937758811389
0.7513717626562157
0.6320515089313494
0.10520129117101959
0.617218423569759
0.4638885799755312
0.07314406366244064
0.4376470233683261
0.4253502543041926
0.4859453808527537
0.46173569572408685
0.05472690681943775
0.30563328255502925
0.8635901029965923
0.8849720587065035
0.804805044220685
0.01648841318597063
0.6292645998127944
0.026960229941112364
0.5495988526781312
0.7952327705630068
0.8107290293697331
0.7461623794257826
0.33291346955306955
0.07779791822859321
0.806642237857513
0.7009010906952621
0.4550406941011315
0.38961073785419353
0.2706657314897522
0.6189355296103144
0.49430959488826864
0.7114695925228942
0.1594575083836841
0.22665051283688847
0.2594578417104758
0.8707854833414823
0.3349108793638829
0.39150273512432976
0.5527119251945481
0.2046335960391948
0.33621905993915213
0.29254740318272104
0.22651632225934623
0.8617065488697901
0.156242525061546
0.24162062766689224
0.8008599025419237
0.6381438473357928
0.9110788823693138
0.7563418520702054
0.5208998774107754
0.619936894286158
0.8912638600085012
0.08331239530763586
0.5181987939768599
0.33376160934637245
0.7319962809781658
0.4328135339681691
0.11306198772952614
0.33748791817829715
0.6995590216948224
0.26842888574266205
0.9039865792837772
0.5088966536572291
0.3548143283966465
0.12356513164849127
0.43673893708812317
0.6875577763143038
0.685726579882455
0.45870600272258844
0.7811562104217508
0.6369358835212867
0.745269032659576
0.5489625181158511
0.7856662789772493
0.3067991008106385
0.6989449873659805
0.7045281053030136
0.7140169811502016
0.7708047241147697
0.6202036237671621
0.5102429042610084
0.3745558064150392
0.7480600364689277
0.5429311516043263
0.7630030346456981
0.42097618455622016
0.35708978668406677
0.4711092898195689
0.6041758669236603
0.48183219784502523
0.7370425774505315
0.33260920973206476
0.3712248360236253
0.07040805633888078
0.23036600621284395
0.6386761966235107
0.7999902984160542
0.25368978773963663
0.762549451645205
0.21018048332499903
0.2227777802821223
0.6326718320127306
0.7261896141628378
0.6186995172174532
0.13454265916884953
0.45345418146613004
0.05643743486719906
0.23931568530058284
0.8194402970629039
0.5656335740678787
0.8804096066473561
0.7426196053161466
0.42198805097759257
0.26691579015471417
0.8705038461635777
0.4095271559127908
0.8483719111218494
0.5179056466021852
0.6763760380317064
0.23556324577461304
0.5627100456100965
0.6836447758252183
0.6110257664057271
0.354642061879295
0.24102721549045472
0.8430161177064543
0.6384674594116031
0.878620100366191
0.22174972985857894
0.5389614343700287
0.2791804075713211
0.7799672420950271
0.2114985842693676
0.6471548144357198
0.4326448500935916
0.3177793224292539
0.1865432219526588
0.5401317692503471
0.8387685065380177
0.2085669999329049
0.6498579029859342
0.2260051740543301
0.02876799402054301
0.5042414263550518
0.14587134990400813
0.39235740996549134
0.7101870397928385
0.07572704920679564
0.47687993482801483
0.6683739427289704
0.5420494374271619
0.5490713634488609
0.204536698178648
0.10210743751044453
0.24397660843339622
0.41061200921262186
0.684938238680948
0.10211849117640373
0.5198786255086116
0.6541418893615539
0.42515139344125236
0.14059498780717916
0.7370666925798622
0.4540401169093752
0.44791020763474243
0.5823954562591186
0.6291225873623828
0.8892981061628783
0.4988466395947861
0.7790969640475742
0.5176469862428728
0.35610842332768505
0.4068347313864477
0.41823377788087535
0.5980483276234873
0.8752333742458219
0.7268728854571456
0.6398481049985356
0.41161032016619087
0.4888733507864951
0.331185107170419
0.36238663976364993
0.8304124741752463
0.07450342386635736
0.4450039585725405
0.5469118901512767
0.615160206466874
0.8859471239213281
0.7660817663407097
0.4496133350783271
0.4858182824482703
0.5546684730906936
0.5686847826336813
0.6366459914513416
0.31384338372804044
0.6754035791558313
0.16868154445878816
0.13048361199232716
0.8888001384964707
0.4566220837946936
0.8467407070771439
0.8857107492050615
0.2283420120738892
0.3570783982125442
0.4983845491051616
0.17848125135751797
0.6450203975520585
0.5881571806161636
0.9024825748349493
0.8589877866324017
0.9288256891829102
0.8550640444342702
0.3406354754652144
0.3566416687759381
0.5301680160134139
0.49271963368876714
0.3198306823021316
0.7232421587967691
0.7003707159411886
0.7417481429341976
0.8865052639140645
0.9246086022110214
0.6331058129946102
0.6619056782916591
0.5831644966321049
0.3149773698303475
0.1576297137545621
0.7259661187142592
0.8911291973336377
0.7553600809993614
0.5780126494652359
0.3513538120763435
0.3905397159525353
0.3040423208766139
0.3327393931932333
0.69491376462528
0.8709959429450905
0.7915782716978416
0.31541519449498195
0.5480539782085175
0.09913423354515519
0.7771625250727724
0.20186042632570045
0.11245055106235036
0.25162042090736597
0.2351582211755962
0.5310675068418962
0.0767770456103218
0.8291149416330836
0.6009441414544471
0.07649874436916106
0.6608839134702705
0.7898269376805936
0.394042160942371
0.7241180383552391
0.6836696925979945
0.299819498626885
0.7691969616338357
0.4344962363087143
0.4831074335406872
0.6844032742706583
0.6387928095517418
0.09174676826641767
0.23409963049315247
0.27355035420734813
0.5109037414841161
0.5379680275620629
0.6266102373701532
0.5546183883924568
0.17197852847526518
0.1433964524993436
0.7658197923572677
0.21934237737779655
0.9077591246412064
0.6659369485574501
0.6894046650905477
0.04147914345173564
0.6050012422632912
0.1619614682690909
0.2768325153639828
0.5629341428904351
0.6590351468837685
0.5657044236719825
0.135470422797202
0.3935924376215132
0.6419337094536701
0.5331647136066978
0.591171868810373
0.3300056764704264
0.16191303555824535
0.6021515536665641
0.4922968693999158
0.8510590640412243
0.05100015405462217
0.7038115488535341
0.54518156882132
0.5740471772044174
0.5063542385011061
0.7858147904406152
0.3536886876934918
0.48044752815152625
0.33860922252099435
0.5482280549879747
0.47244518565955657
0.9365886550727461
0.7214627296090186
0.86854755922588
0.7369443973792933
0.7468442196397631
0.45701046809532764
0.22962336844966294
0.13667598647909687
0.7360750614236885
0.3150072774974308
0.24458022219774062
0.4829692551370434
0.3429170473085656
0.6957536054030908
0.417141996608199
0.3655884636708525
0.504509334790497
0.8064096232456973
0.804654217362997
0.5195525318976733
0.7989558969376667
0.11987627233151088
0.45447586408870194
0.4961185887303572
0.8024278309078491
0.6999507496104324
0.6779335847774948
0.12617490959411914
0.12702331804519001
0.42329869620162747
0.7147456619292
0.39851298910020094
0.12086578517169956
0.5780963189346766
0.8454007305511224
0.6535132907435323
0.5271712512333903
0.750180542244322
0.6844226209283444
0.17620637672194628
0.10089757911734254
0.17240146728868452
0.1524646046558279
0.5076001708521453
0.547532652064895
0.8398685719672796
0.8631057793420253
0.026578559386859296
0.7731493096481513
0.376177523105863
0.36994059193089657
0.6573958647563292
0.5777394878408246
0.4547805205186758
0.5271369074879698
0.5995122894456227
0.016065034702353428
0.28409304476975733
0.22625757425221538
0.8947205810422048
0.552910145994225
0.17371450776429884
0.44956689064128347
0.5667617923773484
0.6696485463659557
0.5116452583081601
0.3730361995507878
0.2955540649389203
0.24319325162464772
0.408091050478265
0.4741194693333829
0.2240968965892693
0.8136830377316447
0.19365083411811915
0.8000683033834043
0.8489784777341595
0.6479781858270213
0.7704855077579605
0.746606139679699
0.7264062506248026
0.8154990976928372
0.6169534308233459
0.9181759765649605
0.38139609028367844
0.6747157945047016
0.7130490548348154
0.049397809390380194
0.5725800113679441
0.6440967924961265
0.12250393771142952
0.14070183888363041
0.08299965072717719
0.38114403931636753
0.736391439212763
0.4582700237019665
0.8400623581219803
0.9681174067406553
0.20378444969757706
0.5674476062582658
0.5432247953362827
0.8994528098666132
0.7680739484570167
0.2503733198869507
0.593622458448395
0.1767298771913538
0.42453685249413325
0.5421545230834334
0.8052466711172748
0.13415166970961306
0.5823042238549135
0.7967952678249614
0.6594955381919947
0.39219895161016927
0.3040442685525476
0.891374336838949
0.3109796690769912
0.2004542683804957
0.46936782802973825
0.015734233936983852
0.4052027060898609
0.47755139184101497
0.5919769973657972
0.5894616774327075
0.8509323246295176
0.616605765405331
0.3690003717099813
0.6021144239286905
0.760751962188265
0.6307627170888388
0.29000417130340805
0.7991802555975719
0.1863197850202181
0.7007310472950519
0.672117455862762
0.056771829350400684
0.13208705495994028
0.5484155062604401
0.4734352430912175
0.7061926183275948
0.5545273068221611
0.24991577192286457
0.3157563701650406
0.1879413239056266
0.06712537702947871
0.5044823618786811
0.940551532407315
0.9442348339418861
0.31352063424990023
0.3658109461241647
0.7389271719470037
0.7618136600435794
0.424651780243262
0.8467734526853469
0.11898994405229633
0.5848776125685167
0.870822029722355
0.8281113018257643
0.3773716270321363
0.5007207169446339
0.6854373263681544
0.9208860510397202
0.4067169214330221
0.04429015094731076
0.29924077180534964
0.6048998685789831
0.1834603161816727
0.9028435231283961
0.35033692961860935
0.10755849971596412
0.11325297977543232
0.45488931274046424
0.1151621387226734
0.7225016671776374
0.6833525156459658
0.7272623536739378
0.011660383574941856
0.37163727507824534
0.5620918920643955
0.6668968968702575
0.33522485293864224
0.6412974714503875
0.7486126858099058
0.146409199839664
0.27500933554442136
0.6195685323580259
0.16621326721549098
0.26870166218684993
0.4743412996105305
0.5824696206514619
0.7607694883151443
0.33650958867326397
0.7205530795821218
0.5169431729312894
0.5301412073608207
0.6560810612219855
0.21887646929895468
0.014771489129131577
0.7611243701631998
0.41675110233423646
0.5253445414582354
0.7820531288705382
0.7624327053283543
0.8241157313037197
0.7013062293657679
0.6491873790042477
0.9404211667692792
0.3921756738855025
0.536949659966194
0.7685870013713123
0.49178428569945043
0.6201369449147447
0.38480610007301536
0.4221514404932363
0.5211255542479931
0.5816693508324999
0.376918263104921
0.5327210816843041
0.6674766797762636
0.43086346945114506
0.8359054472377464
0.382868233351578
0.5187108077757774
0.24897031400938274
0.14860027622248273
0.01771500334037663
0.10479088636869455
0.1952255587692615
0.28758185450360385
0.8098603202347366
0.3123038988157087
0.3562689707539644
0.6019387835403148
0.32217349393611033
0.6315614151462358
0.6267459998070982
0.37911514495521254
0.47544671901672236
0.6475411537569447
0.9125965789558128
0.47475503912080574
0.4481388109770645
0.7551422210177712
0.7881429726207
0.5395729968679472
0.6062514847952973
0.35724670620492993
0.7935570771252701
0.6784134290302637
0.10281879218490868
0.1404082292711079
0.19965197116937744
0.85356360167211
0.7542007671352031
0.7216777413443093
0.47989790871493887
0.13011992487131435
0.6968524796403393
0.3781428863450573
0.5517956552253724
0.061112879528031246
0.8658015721543703
0.498377128924884
0.7387473981071313
0.7246275611701852
0.22479928684147055
0.45792216306943334
0.6771438275703081
0.2765780455037349
0.7357852581138441
0.7402377535839303
0.1635412588211002
0.31235052969437394
0.4886163976312668
0.8915892161005322
0.17292603183040842
0.30112409240944815
0.08489861815681943
0.34119199622576885
0.5854028225512057
0.04521081241605103
0.46401476830381244
0.5307054706906509
0.8011523441895493
0.34971328841444976
0.47947481199093483
0.7293099100863062
0.9069367494705856
0.7023398788017199
0.6271906460978406
0.23995561306276342
0.6037483142915541
0.7754587371420221
0.7016435790558965
0.31270387685339984
0.588872786959196
0.4467183148395007
0.3280836776880537
0.6359635286293894
0.684165441842242
0.2045796685446042
0.17075129956666907
0.7834295756614468
0.33718328048840285
0.485310707107361
0.7487977366840687
0.4258350646410358
0.43571235003075387
0.6322855797164376
0.774299320703488
0.5972241020636032
0.775017577701153
0.8035303274356427
0.36510143261606104
0.8436567787897944
0.0867220303101904
0.3273795174139113
0.7230273069098186
0.34981283504847954
0.7014553016693612
0.10450487988695614
0.4988572771853131
0.3961123786847772
0.2972111139975649
0.7611215394576938
0.6448671688678054
0.5906362822079665
0.1519947775582521
0.42201827766079647
0.8357400395768292
0.17451144188208023
0.41394147385322105
0.4554777921687857
0.3393935246310901
0.5055866226089054
0.36275274621378345
0.5630480040094676
0.7892425861631969
0.44712763104809583
0.24560229128373914
0.4640056625877265
0.2300966562121845
0.13991871532326278
0.5140684991784081
0.5399112015702157
0.15686530236903112
0.0785504167323117
0.33266075346819046
0.7275174850647691
0.8523378642817869
0.82991256532155
0.3767502308546797
0.1396941069904958
0.716511742289655
0.3981634875004667
0.8011902309360447
0.14020240839347772
0.45277467209811556
0.4845428518841328
0.7038061945858776
0.8358497523139368
0.6162965189552256
0.19706851886878046
0.04687370818534556
0.7158429796060545
0.30997080099120367
0.8072017459953035
0.15167663942093937
0.46140007705413383
0.48602970824177544
0.5107844639121898
0.44745640775748824
0.5467106731734737
0.8159760183955259
0.49772693643431554
0.5560962547028221
0.13317132474201449
0.42812791664173855
0.6911039721417332
0.8607059628486605
0.27496303207407813
0.5112466635355049
0.7393381950566481
0.4154292911531161
0.4480505029086856
0.637591296447796
0.9310366904444866
0.5707898184073226
0.5842220288530626
0.033229238792583875
0.8066396680561437
0.9306709119559372
0.4914022542268251
0.7172644973315346
0.35858237052407516
0.3852158849891613
0.3920344564757953
0.01565142548134191
0.5157953672281715
0.4816249880681913
0.7676256185202089
0.38669595354049113
0.7359799435538192
0.4963001526514773
0.2708549298952651
0.7736804129657676
0.34378395313715165
0.651933358714317
0.4555324534402528
0.3833652501468725
0.6259825000606639
0.2571561669730217
0.0859705792616206
0.5135327860618674
0.3033781841132832
0.5291327171048119
0.7403497825739211
0.7254104460850936
0.6180937314312483
0.9099216761148456
0.09889493628763091
0.15719142735435
0.8459629209899318
0.39707345202792527
0.500030863185489
0.35063324859065226
0.06224798834071332
0.4613727993980646
0.07550996092859359
0.259656912394332
0.2502798252900868
0.6058701936012187
0.13482755329408172
0.7387772949005771
0.4849504770214954
0.677618199603793
0.5891787815089565
0.45166007504345773
0.6771926738804874
0.8518903833590484
0.8166959936524985
0.24710919052770458
0.5527339255920453
0.07492360989108396
0.23030427431612846
0.41726919848155836
0.21555017281433575
0.8387359026374023
0.3215894056065757
0.6286947668848106
0.34277363130629074
0.889172272568109
0.41364145023163434
0.5543837764367164
0.7830656387894871
0.10311928475470175
0.15032665660358474
0.5105105791802178
0.866525359381149
0.5863819967334356
0.29515175495452806
0.5000249532614143
0.08817518004323592
0.17097924123347105
0.7440741351997405
0.36435467054890397
0.5372233441890191
0.4194113937214602
0.16364661944188552
0.4320317882530888
0.7103891044910412
0.38872001631628117
0.49350830956513514
0.5721071772621652
0.3107285046843158
0.8593090466253661
0.4802941101261146
0.7297997544282291
0.1738808958345029
0.16662431114787893
0.3229525907840572
0.20687541156397804
0.8646259268579081
0.40468509330018465
0.5954005107603291
0.5197942552915495
0.06493063564146442
0.5215969515889356
0.07659968414195727
0.6215522835579267
0.48759333148191336
0.8984861024250804
0.7026523400402312
0.9388604214378983
0.9209369051819281
0.5935580481116693
0.8588575142958231
0.6003047992334116
0.6724227160745722
0.7157767297511142
0.7371796880195118
0.4346239396410689
0.55089217895305
0.6086525390256369
0.06288084734801383
0.30982021536275406
0.39275751047943286
0.2693111566118731
0.6353503407805748
0.9409427118284517
0.33215883959774173
0.9026182441144971
0.2711737606597781
0.30764682421369155
0.3346868418293665
0.6376216157832512
0.7318051989241194
0.7088983918265291
0.8243447443113647
0.9076136714904858
0.22972660925446334
0.21075767509392374
0.5277511789583625
0.5984685112259056
0.4773941648288684
0.091679262949742
0.1649806791532244
0.7423806838347701
0.7073294629070965
0.5946541004096048
0.67481405048365
0.4726814544048552
0.24156308475626284
0.6998611636902861
0.8259334823710895
0.5803098011619867
0.5668021056599423
0.6133457650754606
0.07726052888076793
0.16808153982499402
0.5986350000384552
0.5296813871305712
0.8077530637294513
0.7926783417428126
0.5468945773990381
0.32531703178531074
0.690008493891035
0.7113709145373763
0.4500612897309341
0.5756523707222088
0.32973982159628573
0.7354550962235136
0.3946950583795533
0.6351797621137826
0.6051054389843685
0.3264031512278771
0.025438505930351147
0.036238641363357804
0.5293411758036219
0.021577270995000994
0.767353432348577
0.6227449795297617
0.7697728668483244
0.15273766935349312
0.5664828589603673
0.7995720523862847
0.06872088199553371
0.3486057533810248
0.2793947223816352
0.3354741903053805
0.4133254029762557
0.7555956578975571
0.4576901766173952
0.8177412951013519
0.4791106783200754
0.3710845352389612
0.17923641280960725
0.5180026036981313
0.46565378420018777
0.1763184128222047
0.4921915510387235
0.7260003262214724
0.02075433820952052
0.6106786894719658
0.5562399613622652
0.4240761657243392
0.4103077942127944
0.4248301301726049
0.4589531333037065
0.4257606240634655
0.230045508964696
0.42576496485763726
0.26941212143712
0.10059368261906441
0.3168945000686084
0.46933253517153395
0.7934706523958441
0.572793753019574
0.7669214661687482
0.11258533252351527
0.5092619470252367
0.5433076442550896
0.8779431530507517
0.8111995206974429
0.2875353124196203
0.25716775464900515
0.14485084594328618
0.3125601108289745
0.3062555367327116
0.09554112636503852
0.2949532988474272
0.5477320254815807
0.5009494053548449
0.6030907564228825
0.4463593494454802
0.6430600706791333
0.8063801324277788
0.3527951985509725
0.7976726081253599
0.5071423599770413
0.06533049845009467
0.39855590630725635
0.11457214760497685
0.40212154567083325
0.516847149232088
0.768825005900243
0.553585572776082
0.5798184101574573
0.2632509822375352
0.1956103431666644
0.6777750940219421
0.8104440650950238
0.5005970822614756
0.8191899132914918
0.9365690473485592
0.07890548115988519
0.10723797429070372
0.31747937321157466
0.6344233334654874
0.2507461893044175
0.42557124888372
0.615050001509029
0.5512427019909049
0.0814092699646116
0.6197000395277142
0.6231222093868984
0.5320287638523938
0.1459383869408771
0.10914840023681965
0.7673701946230221
0.1851603784083683
0.34056678341068386
0.11189831282360378
0.18046021625576483
0.5451926866902511
0.6782461414175822
0.7160655942194044
0.9264559422130422
0.5215858665359259
0.6650660390565004
0.5184783315923718
0.575600149731518
0.7579480452666388
0.45371985202335435
0.4942241541080045
0.8943589151831047
0.7877815844498732
0.3059031543023867
0.7116904167161952
0.6418799338883054
0.5076052383230928
0.7851485925908402
0.28736802974899384
0.5255979153022142
0.734634049026052
0.2628689483490475
0.8060226848788167
0.7726321087652663
0.6019841628304997
0.763722234678143
0.6844151277549457
0.7915587977035203
0.13444019474098548
0.3446576918709981
0.7059442657267562
0.3621897829213005
0.11912977316941772
0.30528660698703386
0.07370677494686319
0.0390117918579402
0.5161144346844454
0.2883149851982955
0.4506225760791833
0.893377340083206
0.5267300804863674
0.8996529270161862
0.48735094589202455
0.319309710226035
0.3363175910418627
0.41565502215494365
0.09200703698948008
0.17971401297219033
0.161147673302835
0.2924907517735522
0.23908094193493074
0.06640153842421984
0.2584806091684161
0.18079199351913297
0.8041906072192335
0.32808352193291135
0.1313209700163024
0.2783330856728456
0.6884586260860882
0.6391930076100178
0.7838946995096723
0.280163858429813
0.8261167177036347
0.0005574475873589835
0.4004348510456658
0.6092497804198189
0.42975446211836793
0.09609732676681561
0.04028535304068143
0.22526608649340518
0.4433985690475928
0.1286084734569784
0.40151321649422117
0.7549891637665463
0.6582211122390624
0.30655699114085533
0.8274950656268456
0.7255575131090558
0.34921709921501437
0.6535391815282235
0.5775971991570117
0.7437077290860437
0.23351133913044453
0.5855896661282769
0.7778597797421416
0.578080398602471
0.832820374372189
0.8028044266221093
0.20184998761088607
0.8077351829798853
0.4938011179990951
0.3241549933872593
0.12162041018462943
0.8369216479676035
0.48044752815152625
0.48890040171199434
0.6053176309166802
0.330405918120965
0.2628887632810181
0.9047839430719254
0.19658588559043594
0.6281593854842931
0.32303467657793183
0.6307185012021833
0.7319382638283786
0.8593863221184186
0.06224821012619702
0.08859876909728887
0.23910038606701206
0.19854083471321404
0.48824939105753573
0.2971051017038161
0.44321277005699944
0.5848244612758914
0.10817608313580483
0.5865400435475742
0.7579091774594606
0.5150685997407783
0.4742915784540538
0.03216138212981932
0.5200419451829491
0.8389600421949929
0.5413083239634886
0.4344152949729414
0.6751848872195333
0.7975251440081071
0.16807549618594045
0.6925068467588175
0.33418273613800176
0.5517599265198831
0.7912279265829728
0.6923487423083723
0.07885866466749572
0.05440597708386956
0.4980887800286148
0.6630359897342087
0.7223064568921308
0.32261751001230426
0.6608768852792574
0.3857635710895195
0.7680137418516206
0.24971215544368242
0.5651539396726661
0.13115936553141916
0.29985697648579646
0.5344051629183442
0.5080280893956856
0.09597566964204743
0.7514889936198385
0.7014357984344055
0.07536831062526521
0.7008191478641769
0.7115920025640363
0.28495436046206823
0.4443090082659309
0.1621421329327466
0.7767336438187924
0.4876115385418693
0.11605037818968929
0.17921016468161222
0.6101614924247015
0.6506598421769242
0.8070072185413065
0.39321953195167303
0.4637423951131946
0.24225575596881838
0.21924876138264046
0.7351320394512089
0.47892815425075064
0.679140045559776
0.17189241920992593
0.31984182622026935
0.7266035668748733
0.6741560545238502
0.49996641726964486
0.48442566881319077
0.7224894458235159
0.8005017100542603
0.5252614804614427
0.7980320983903666
0.6204664601968316
0.23822125466313523
0.1111265465024179
0.4763623794757349
0.022617125887165402
0.5311660778567144
0.5263730391842967
0.2717642200454898
0.4508805661467916
0.3981035951464615
0.8505665752068036
0.7793428348168167
0.3065118670286504
0.6372686863643156
0.7355428046617409
0.1501777921783267
0.7019452837901234
0.6111525775118958
0.06926375738563417
0.413800424938923
0.3410641121917632
0.4702387505069315
0.5486245381829203
0.6372075955169565
0.558283214091183
0.5279173942312102
0.48916840114016497
0.5367058440098681
0.4700147931899292
0.3762973781655289
0.6774655881550763
0.7745645665839066
0.05372831875108087
0.3668910001688369
0.5972015314411996
0.2721259357613683
0.8871931248468727
0.4598642733542129
0.6650419985710062
0.5805954347150057
0.03678703298605403
0.5369279613747165
0.4548060021146628
0.6011607571085601
0.044136461656677534
0.5792893471284697
0.18077737508931518
0.5923192072115282
0.32049473825840485
0.29029744996197726
0.4615105539127193
0.3652417924124125
0.10634862952683644
0.10638664978216043
0.42125765261385684
0.10025144528016351
0.17439102795944647
0.34025772135388166
0.5528776848910792
0.8436806545058013
0.6725035475987718
0.024000028131266213
0.34012599549091527
0.7207858012231747
0.4775736087945802
0.6424016242023394
0.7553840504321007
0.7306481491203103
0.725634817551114
0.5120118962211441
0.1870233903892542
0.23239303534337208
0.19301165745009735
0.5506199181402485
0.44471560887183226
0.42188442474346016
0.5064419464503601
0.7490688178907563
0.4088343281384773
0.4380782804138991
0.2562427072252705
0.7586008042985279
0.6147357064104819
0.47439072077231814
0.326480925853749
0.0379714292225359
0.3750012123332969
0.3708056222557974
0.32502740966470994
0.2590961070212526
0.7417982364764029
0.3000967120173738
0.5115074980908285
0.9145927396902861
0.4323564440068076
0.750620778148877
0.7827589064601406
0.33644712973780133
0.2977205617619979
0.6097742979526037
0.023185110750647882
0.4315932650507642
0.1499029062735996
0.3721886286074343
0.9258598480605604
0.5410613681450507
0.6437162138427756
0.7655688150668096
0.5143239674631226
0.5729256737525068
0.8012488471123845
0.4545551409678489
0.42666689348721953
0.9450608575933382
0.42079575930540086
0.7259178775623798
0.5476977260034079
0.930439914725786
0.18401145228273436
0.40193893288530325
0.49018130574519353
0.7198323095158258
0.369151283676198
0.6381438473357928
0.24528742799312062
0.9537941936994935
0.6010009877344268
0.5579656412134483
0.7812711117119715
0.44460592325126846
0.8563354430437156
0.13111842359391523
0.5597238375806748
0.07204380828329802
0.0023421200945343357
0.8100465328445442
0.5415080658010654
0.587595584058455
0.5073432571462223
0.5879387464334612
0.36196731086140355
0.9018328322823271
0.5079474357362996
0.46765261546290204
0.5023238754270604
0.39219895161016927
0.5213468279779477
0.6455199998380592
0.1812312364406284
0.2697629471903551
0.6940527160902898
0.8642773690800346
0.17650743635619556
0.5877449585121964
0.4292575305658114
0.6042072546421073
0.16673163623901097
0.6753401921041333
0.48278359304353535
0.07166162246148594
0.4388552542544886
0.7998711233717571
0.6102437221267194
0.32066921785182845
0.4189183757645065
0.8610489540681006
0.17343877307541364
0.7179607606176698
0.2686667942469809
0.6540249246267428
0.5239271697664363
0.2129901149546058
0.29424382587796355
0.5725807982791393
0.29065472387572455
0.6175239649165871
0.17645535704590362
0.360198408686608
0.609161891137423
0.8416980470545198
0.8177403833817475
0.4159380484401961
0.5412729428801667
0.18858178274416312
0.8732520073757907
0.8042384796836001
0.7147812780298899
0.5509683675570504
0.4174996658398202
0.87213585996557
0.8439844281003339
0.606750038679402
0.6322190196373391
0.3022228618514492
0.4351749122406335
0.3807727294354411
0.2676752225455079
0.41090535302473846
0.8487628793749136
0.8034418830903103
0.9322515749072867
0.18794251305004767
0.6465602377163783
0.629231394663023
0.6494325575730806
0.3945988251514335
0.5521358331147714
0.9241644113530655
0.32646222347496157
0.0719856033864125
0.22154622793734166
0.22947067384095246
0.7463089820665578
0.7666754677406985
0.46076503865472107
0.32531086670264786
0.36580924757336436
0.5830505208137216
0.08185170243653427
0.8596284762484314
0.8798969158309057
0.13428393484726106
0.7466412374982038
0.5899931727698964
0.10909450229821163
0.44033481951253517
0.870804872898614
0.8748342196281517
0.3210269757786437
0.47371275647941957
0.4444198471231818
0.4155078731887622
0.38804045879707777
0.28794498726158224
0.7256562467790403
0.42657513768139493
0.6833197891030011
0.2793947223816352
0.45621173124273035
0.29947063402607743
0.5764566162220406
0.688709642958173
0.277843880888551
0.0917727637473003
0.4940674442227259
0.4215786524931364
0.8121905772706289
0.7718107932985017
0.4788371383043225
0.6428351826529014
0.3589517454575608
0.7091878523067796
0.42363358348389124
0.2640699975723242
0.8468308320993158
0.6240153582142453
0.8661470345091777
0.5241029342236708
0.8565287182796567
0.3646564901048977
0.49955067831831035
0.7938926978301218
0.29049032097797883
0.7750146268972465
0.6774138690180517
0.8559555168349735
0.3138001564560517
0.6142565623463367
0.9236198028883071
0.4040534773983052
0.5118627686479397
0.4373253935583894
0.06134580715815152
0.2965925592933568
0.7404356864467299
0.5473345091419787
0.35188615590266104
0.40601485303956014
0.17872032995832995
0.23852625015998602
0.7950706538397062
0.7575693693526913
0.10215537144149732
0.4615818290742941
0.7866330338986057
0.11181067253728377
0.5101390088988303
0.5704142195078141
0.7759998730327399
0.8373571817328902
0.5322296097431931
0.709906791655009
0.43966050701146075
0.7182107893482986
0.6924051555247903
0.6556910387137794
0.045162768238142754
0.664797020140066
0.2334537498891391
0.8412709700585411
0.59657599277754
0.3004674452569991
0.3369615505644817
0.6179049986633869
0.6328985813703968
0.5260957883987509
0.276780343943935
0.1434778065577069
0.6401307267864995
0.6255201685455577
0.6443649857327831
0.29174532749464843
0.2503723465128004
0.19015386739016069
0.44093701410595787
0.6967580736257623
0.8348799917559638
0.5408770135267986
0.9108229033964181
0.012985315672986511
0.2741480531427583
0.7191613501328183
0.3384005249340172
0.6736886101221787
0.717929648353984
0.9556139965861996
0.507964670274169
0.2601964411851715
0.7378306756916044
0.33558425775004685
0.7411505303168583
0.5353058016700308
0.10590394874387103
0.32970250047004956
0.4164783058813051
0.7132282094344381
0.38137001872220444
0.45468815990876876
0.3171924590250174
0.4474396703066735
0.12313141840914546
0.4101542165866641
0.5997076291096091
0.4303112925393817
0.24359177753532757
0.18859075120409893
0.36758605029166175
0.4520095642679745
0.7229366950615571
0.5183550366116428
0.4125892281008764
0.5355709587256341
0.40761149272126723
0.7463895391506254
0.6024528715414236
0.25439543930873176
0.6445459209625714
0.5189396263537053
0.7713267021686369
0.45467330837840697
0.06973651650719168
0.6695052708402524
0.5113922828833316
0.8670454576972785
0.2549292498137589
0.15821142092035595
0.8603322249242911
0.7453209827193218
0.4852160829750323
0.29369061275936026
0.511659846575433
0.08693888013061897
0.10878227511542544
0.18870310956489522
0.43538617827846016
0.20384108895221237
0.2226633348855432
0.7727351473513466
0.49204233113652807
0.7426192031971011
0.6478784853130853
0.3999796682648336
0.7398387578767415
0.7000873375208985
0.8489653889160289
0.6776539875563303
0.8756746873317023
0.13166283678316695
0.3150203917005085
0.5512034422747984
0.49215582393273766
0.6160041084011008
0.27938084855835804
0.016686229781226445
0.7654885997536929
0.6306360472405148
0.6631005196094284
0.4914958873795023
0.3700307405754782
0.8313526239456055
0.8388838208129524
0.6853856615890082
0.36277915561714785
0.8171887238456795
0.28321774935339483
0.2151101679288462
0.27330629659762656
0.06121809059746823
0.3338853183819363
0.8971923278050831
0.8961200259794329
0.789302237835265
0.8005832696796932
0.12097848425871718
0.03777813259494187
0.3400019907980263
0.787903232781144
0.2942994217824604
0.2621838785612581
0.6319808338023672
0.7196960725041114
0.4526784364062503
0.6154663549582517
0.07700272134620892
0.07872821135074734
0.0952727962179314
0.24315234083689782
0.38496452805915105
0.286486451409486
0.8922425115954479
0.5774048094507402
0.5493097695118464
0.7296544933004044
0.8442851122195785
0.686512645414174
0.25909695758397866
0.5328106259138212
0.11563415016277738
0.6692692883408589
0.5756534055052255
0.7171725428737229
0.18782123002483073
0.1676602008710833
0.5242530145000475
0.41350590741192905
0.24851638114519803
0.4064940361490454
0.7080221777937273
0.040936989350630656
0.621010119275679
0.781516573497257
0.20040367501354062
0.9362843477427965
0.7780849388471377
0.6516036486139143
0.8409381538945666
0.37244667416652694
0.15632916342303346
0.3534910582437983
0.29306437797770274
0.7659346906766603
0.38267051071706354
0.766071587395903
0.4660770149240655
0.06175156998282333
0.6753401921041333
0.1537191391015861
0.5378107393490679
0.6671387365830536
0.4119996523557642
0.09278135503769164
0.4895080088317156
0.48975620936324366
0.6548896399111165
0.8980107899399083
0.37179883222498306
0.3262152924657356
0.3913337455934449
0.527968618182898
0.07329135072247345
0.4570082372075646
0.6706635732589747
0.8947200922245728
0.3406198654995631
0.5729878768067329
0.4558423515508321
0.48246889296286455
0.13722929649311305
0.24350462506552314
0.6468422327700278
0.39552469458850315
0.29676124536378456
0.8753797297389467
0.4456972604892806
0.9155507295722212
0.17618933586409827
0.5014364119895215
0.1361231970842624
0.5655547693171107
0.26172320471810007
0.3866780757934417
0.5300670870149766
0.5347872732912292
0.0014940875669332918
0.36088937123484083
0.38308451552073486
0.6785101415953432
0.8935494785853706
0.8915981587677568
0.5834243135159187
0.7214937701738612
0.4226918628525604
0.13405515141196866
0.5302951730590508
0.19048486031470885
0.8069250384472454
0.1913610600660257
0.5687704872603467
0.9068193970610101
0.8811959561251792
0.8948985679977778
0.3253289628599744
0.8909592712995095
0.2667549015626236
0.19353687234268463
0.4260722076233725
0.674113309008401
0.8431325384688995
0.7354473095563694
0.404829229355095
0.060849797430980165
0.10450686976790673
0.077861173523135
0.29490170852397746
0.511380591040249
0.8805639884531336
0.5911288459481419
0.24585054383979912
0.22529845221770756
0.5777626019107888
0.8571332987461284
0.2755351499975705
0.10233874788805408
0.743496289188674
0.5709340806300933
0.6075827858664036
0.5186656338798319
0.7692229546696496
0.48144868859952994
0.5584769755667114
0.29892067459612953
0.42535721580518493
0.14833183137504075
0.4062240044661708
0.7776401699994262
0.5143529698357799
0.6371928091288129
0.46287379741538154
0.5116206572299026
0.276780343943935
0.3321709013364012
0.5228117851175761
0.5006380196939906
0.6660200225617058
0.5977507124177456
0.8026385172579233
0.25610336618576773
0.6689090561119125
0.26841977719962073
0.8066345530970604
0.2045895995732451
0.2935420344613727
0.14548067179107135
0.6681563332391237
0.8416479713265075
0.08534700988411606
0.340102877320256
0.7057621138693666
0.43079812235706283
0.38165744182652006
0.21612761844614822
0.6939956263541084
0.3683635573794651
0.3066621265601535
0.9051121866838672
0.447749454262714
0.3163484487589804
0.5669478925267522
0.2942546102809958
0.06027386974019926
0.46741594847409834
0.7717516752908269
0.6102620213686467
0.817802502623314
0.39654937761368675
0.6054189315045023
0.49847611236252876
0.3355218572592315
0.18867020344293833
0.8800442256236318
0.18795702247853457
0.41285013841412316
0.6460595341694029
0.7067401477917645
0.7298663203394579
0.002291815245817612
0.6521997382842016
0.7334767767501882
0.36081425161387476
0.5894354762809789
0.8740917838298055
0.1831157217038271
0.4767956464746758
0.43916997776397415
0.6907231475066886
0.04417777604352497
0.365262527363544
0.7237339219262138
0.10175607175062808
0.7315707981034634
0.7151745608014101
0.40954915702336436
0.5749509683547511
0.7745119371174117
0.6345017233250624
0.8930701941995828
0.2838388108992024
0.2760350344000999
0.04107000530604076
0.6298007728758268
0.7467728351880615
0.28621051252994345
0.29320815582228854
0.5506328367643804
0.7447120213827791
0.12465690821959817
0.019622712864242563
0.013287135606605117
0.3528859557905405
0.35293919036104066
0.5159351929727612
0.7135378270915166
0.1193409539842169
0.6664423568895539
0.13246348305930322
0.5194044926436769
0.743695350224845
0.6342508851168076
0.815912595976585
0.6135394482059641
0.8921554383448448
0.07450342386635736
0.10727780267638666
0.7802243069781548
0.403958911611226
0.20517426373634184
0.6707959741632458
0.4704107868475883
0.7636080093307862
0.6692336870097457
0.36495511436075695
0.3361659059704569
0.39782071717542605
0.4959692271155265
0.25466565659811424
0.5835028485218867
0.5262837851207098
0.3559999808743207
0.6367415589819205
0.8883592747472306
0.10606044079439673
0.8848966102801072
0.5594099733494582
0.7426788949743577
0.4403576253307652
0.9694015806682229
0.5491088008210593
0.47017761298888866
0.015402367593800264
0.4298011076184026
0.5520533127132028
0.2661047951844314
0.7835325205949036
0.8019611384021426
0.7355159135905919
0.5313303145459853
0.33120292609712076
0.3712574810309187
0.409714710943118
0.5573716479658656
0.07885866466749572
0.06363438298671631
0.6839400605955328
0.4484744996947962
0.7069718870648223
0.6411132349717157
0.5021933369373157
0.9212765015014719
0.2494273624053077
0.6147884935689855
0.8275195027267344
0.2364688605128474
0.8317214242072197
0.5483791947453857
0.8035407639051207
0.7448424846266881
0.3937872106361255
0.6064245189899453
0.10381204671140239
0.03464944194035217
0.8155673323291511
0.4753158378385592
0.6334182518029244
0.6177424612461464
0.3836673832192625
0.18428779157571237
0.18413799233846148
0.4941120769141427
0.6557936394524065
0.013065611454098342
0.2124491787678688
0.6300078280827044
0.2439668353437383
0.8069151130764229
0.2587458448345017
0.19007182593424882
0.21823554742940923
0.4678253413677046
0.6469426997110562
0.02080714778137727
0.4130446069358722
0.2404220568229198
0.4708935589849653
0.013250914685715489
0.06842254361295011
0.7635223752747596
0.8446375696993862
0.7197469100404691
0.8831907791075015
0.49278126710917186
0.39396379013271854
0.32659215533848435
0.9057536993794265
0.9312864409197961
0.898805065448768
0.32198007782828836
0.28928480938945267
0.6853709364418769
0.09638975329045198
0.9138830205939287
0.2706426274421616
0.17375146735989574
0.3624444094237053
0.24775498537403703
0.750268689596625
0.5721762002581473
0.6425307504974095
0.8386994489019965
0.1534003548158897
0.821307513999115
0.5348521745339112
0.15345416796352201
0.785032170548677
0.93653248650201
0.6757003584026979
0.7473149069743323
0.4705157910527124
0.10286703913400262
0.593904769134647
0.16504112385985514
0.9013568032322851
0.0674334876148709
0.32885056340917374
0.20381360720094693
0.43846276521070304
0.4858380226477191
0.19802613999029736
0.8195457370243941
0.2813127509702227
0.8575214758631006
0.4439043329571884
0.04720360537826828
0.5405417633922688
0.4162369854493936
0.624563710116868
0.2955228234164741
0.27551212307531314
0.013433829306187391
0.587768945515212
0.5051261652215557
0.3524122418802406
0.5010881828510295
0.2725159302665209
0.43458108452407085
0.21258689520887847
0.1615276866846315
0.3635382824167959
0.3134487766024211
0.4300531483158087
0.8317602601348215
0.4635972867566051
0.5972257027144883
0.6798091126705607
0.6251336471603279
0.5675578578773197
0.3817636770936359
0.6959968105819225
0.5457126919350467
0.6934164481829584
0.16518031271480002
0.21700082177783003
0.29628170660138936
0.42907403527480265
0.6481166928367448
0.6090308857262747
0.4512400036597571
0.5011269807560528
0.16959396963843346
0.4338627521973424
0.5994631642879059
0.5719414451941949
0.1763436947689183
0.207677696256571
0.8190677409803165
0.25852261295635054
0.4741925545670639
0.9473375387042066
0.1802179188945404
0.4094738018134692
0.6029152846856068
0.5365134624160872
0.55706806538941
0.2221418138299692
0.5724193984558671
0.33640672594030246
0.7739542342766873
0.06624434744297346
0.7281807015478645
0.36259911867473293
0.6988393120206605
0.2705442241554728
0.6365983662620852
0.32875342577078276
0.41024154384977607
0.8709430126875605
0.2883185928116542
0.8330216973392208
0.7256391225456092
0.4668826353980946
0.25290860919231795
0.9209501242421728
0.125777850630929
0.05580073696778266
0.6882573642804107
0.4553311443606401
0.4733523080420367
0.5015880757402128
0.38717493959289456
0.8461635427043348
0.510869620411258
0.1915908893956376
0.4751629506971227
0.23552582529151553
0.31288968721114274
0.29995891714269257
0.6820577887789419
0.17757969406648078
0.945661261256175
0.07465110769120355
0.315389454515876
0.3895829312968079
0.5070961584222904
0.40696414920545215
0.07775395676436138
0.6494987850286017
0.5032543496253397
0.9168157480555594
0.07401473351397535
0.281308776573569
0.5896516177100956
0.40133752352177415
0.3908080488888996
0.6798191890931613
0.30033133784865845
0.5460632609071272
0.49931932938087403
0.45954154609863895
0.329347468751225
0.4132297857209436
0.2228860210264132
0.105960656396103
0.6445626928435744
0.8097189462065165
0.7962980873604152
0.1337578987242134
0.5887962114025923
0.4878613005228572
0.5855117601593085
0.6704338689265212
0.20480352359507067
0.30714061185958175
0.4387839886116151
0.13813804268510682
0.8694922159103149
0.8234650554524788
0.6039806864622651
0.724266239804351
0.6073865497885844
0.32188278944614074
0.3658667126060631
0.876378893435997
0.34198163607927806
0.22160574776160438
0.7358698155866551
0.43442962822460474
0.13828368435310182
0.580027747919276
0.3463998556672623
0.36549970656575215
0.35654996534876676
0.7383198301617838
0.7289452210927878
0.7139855224327367
0.8279668252075914
0.7092483345746013
0.6737096729337615
0.8578501895406823
0.32938238536761977
0.603119139183786
0.6195978230485503
0.46004406699339634
0.6465991466082034
0.5949991671935495
0.8117052117251023
0.34022508590086414
0.612901115253441
0.8182674823494888
0.4166744130488359
0.05910373182812115
0.15314854997807462
0.4329921234985128
0.59589963666584
0.566240716616483
0.5315106993949544
0.4655208075398945
0.6399489195179683
0.6386761966235107
0.22914477715476705
0.13155753093000133
0.560518001472016
0.5040826519991036
0.5022294358663163
0.43937222442373264
0.12890319901607766
0.8431066754875456
0.7743357055652563
0.7833665999497591
0.0307988477210184
0.2713495691824686
0.2841168257728653
