0.5345109970033513
0.5337065474900458
0.4814263125911904
0.15302765547283756
0.30244451517611887
0.8863486308477884
0.477467509824442
0.376961966557702
0.45435968856272424
0.69552462697996
0.8313913691081053
0.4922685525888386
0.3879141584224264
0.2753980093265952
0.15744281776922636
0.28654811244200284
0.25466822681389534
0.8046634990689797
0.09098934592317004
0.028900747906523146
0.4451996395410868
0.6748963760885012
0.2801140324121217
0.1397279921698485
0.30488247716622713
0.9036016286280211
0.20775464836030916
0.4326048701117269
0.5663610015770837
0.6271861476231637
0.2957833851924817
0.8451052721972757
0.45943380157591274
0.19590350272305934
0.8488077800584223
0.5493353985692659
0.08423360422496577
0.8681433510746416
0.18965426123537735
0.2387370344901168
0.9084520681331729
0.21186108069299917
0.5674468762711536
0.5920019848568308
0.8011208671823744
0.7872049931751587
0.3585492915776261
0.8986604625459045
0.9013027697773017
0.1860305476447663
0.173449654958851
0.51610085754716
0.9341961176819963
0.705009999790538
0.874133264283073
0.16928645848232654
0.28992143187983016
0.6964091411984642
0.6687720448668597
0.4436695482038446
0.17685879901368148
0.4147371328723377
0.8849110437061088
0.7117663425608116
0.7304332148809027
0.22057171859349195
0.33817363750053026
0.7939816560889295
0.4017544093608593
0.20861943273647085
0.2898141805063984
0.5590136540653383
0.027323618978323787
0.49684451246870703
0.9039346503217204
0.5431917440543428
0.4489815680737668
0.9207139671508934
0.7802000912219147
0.4891076118216803
0.9072288990989426
0.5123185330872301
0.7086732985758379
0.4940201260235026
0.23837784915257829
0.7206122376560988
0.09759925009740954
0.20824466859990293
0.4243113877874786
0.6797381053780044
0.13993745254940423
0.497152360033413
0.44641561560433285
0.4221300734406626
0.7788441079733778
0.9074421834457957
0.3239879042249459
0.26747395670464574
0.3915164104774394
0.30969101733324117
0.015033190754128218
0.21982299815466463
0.08287335915540589
0.5646256095904207
0.08603494273866398
0.7689312076333812
0.3028254142035117
0.4775167513954709
0.4793080297385404
0.8689130366105536
0.748628731750069
0.7014397341971186
0.5717883798367106
0.3450263253261379
0.319168313211714
0.3308979483486019
0.4662995312298777
0.0862315969679601
0.7009924600664127
0.04108416502741472
0.3734409592930305
0.38249040143183716
0.896504047104181
0.5687822281779326
0.3663633359057803
0.4642703973239092
0.24498486942757527
0.570188319781175
0.1454553247225167
0.765785506851764
0.3722269327399417
0.47614717969524417
0.5285074579820614
0.6594364929947073
0.1279918476595731
0.8678326647499262
0.3648846904619336
0.20995959834585148
0.7129925919879868
0.27431681234912836
0.6563782023350033
0.7044835041268143
0.8765548475348165
0.44280825482917247
0.2980272718261322
0.8603274780635483
0.607762914686557
0.4015528950338782
0.13225912573601584
0.5879387773700013
0.7843339850858894
0.2666915577268107
0.40197868089084926
0.863366530088817
0.2764446880020265
0.45340493198451665
0.22886849919269986
0.5115593874598948
0.3083257524685576
0.21138413423899546
0.41807685805957506
0.0835463393968048
0.30820253198927217
0.7723147415373274
0.34919190314772525
0.4386465497590997
0.5030089359500262
0.6177055837356816
0.0358218426619891
0.5789591853567417
0.4854318453721223
0.5671798894824175
0.623869920883858
0.3958026826503522
0.8221736374802561
0.47763302274984876
0.6125175547095039
0.32881049318676797
0.6376965464605691
0.9202922754402515
0.25262298488027557
0.4070532396593547
0.4395907603306721
0.704181514867819
0.3806573216236529
0.7951291271576663
0.41128294836889423
0.7545862873164008
0.8986418392384291
0.29510472328057175
0.5001347438023185
0.1483637755732299
0.09808325911384952
0.09106924357960847
0.5311892993188126
0.5991173560968807
0.1711116000979202
0.15589605976921775
0.39571388353133663
0.5348690843065106
0.1655090735847919
0.6167453955409913
0.9089263825729993
0.4339735309896889
0.6244012738657798
0.7745844022125831
0.23146484075124624
0.36729096656746885
0.24017139000064489
0.3354100910077331
0.2937394190407649
0.8367124185813756
0.6953483329599168
0.30122649175811994
0.9166626969119575
0.46530056501677824
0.28920717444122923
0.1442449527982939
0.3627881467205692
0.8005366280881291
0.8557705127835823
0.6093298048713058
0.31954263297427216
0.4793299054298077
0.5824451851097517
0.6048292319758832
0.18557327678520877
0.4185121760502507
0.1613003498873944
0.9087634795046144
0.7064766131809962
0.7292253721268295
0.8215035585452386
0.4946876745291031
0.801364388523006
0.4214090088840913
0.6949151430922712
0.010841727003379922
0.16787568271485148
0.31806487373125797
0.6733227856286365
0.4915855499451376
0.6584302535996543
0.1387211130627498
0.007073639430797731
0.8484530820325217
0.6260558977260396
0.10576325562659358
0.5178482069172088
0.6042142434357269
0.44845522319920433
0.8403354848882568
0.08840429134021288
0.5385629832025156
0.16408991473849074
0.7231682230924071
0.3142415999862925
0.12453474261616
0.651911862760457
0.8405807310391555
0.32751291337542393
0.2978360518151764
0.28243993806552464
0.8299842448272936
0.7224300718329327
0.5941110707143072
0.8228548558023303
0.07728078272405266
0.14743457313795524
0.15657235858903457
0.3463640076092869
0.801588742462507
0.4174300205383168
0.45522537600325097
0.15488752615332776
0.8993778438482493
0.2401512083541987
0.43382482469116934
0.32636581621424193
0.5673041585768428
0.31328044422345624
0.6597555138494178
0.5933678922507019
0.3205437484383654
0.836365864375267
0.48628922468491276
0.49350503088194275
0.48157781397042654
0.3066303990923539
0.7725912541660221
0.7684441176488815
0.7145163980654512
0.5017526054101722
0.7578926788690767
0.6596009943114338
0.34683097896316106
0.14895052483289906
0.20732277412820563
0.4514514146294511
0.8732438421802228
0.8930750253154819
0.6151452419772124
0.7338226783650201
0.5067699867159678
0.8641450598321855
0.1945237289702681
0.3989792948848222
0.24089203978014323
0.7077258819946063
0.07193798160155945
0.017142658724094553
0.3537062178275695
0.19942122044740554
0.2799801054409819
0.4252405029355423
0.3702287904178076
0.5468376916793685
0.2586720481758141
0.5668220578887637
0.697999102754179
0.17390644739296918
0.5050786233174941
0.3370383829245267
0.667155863669914
0.17144509857073537
0.9141704828342329
0.15426366708425632
0.20109568182528542
0.47431453317666566
0.2500587459792167
0.12224206005531608
0.5756263440192703
0.8349063522595113
0.4822009659542881
0.36652673512617384
0.5663068608427478
0.4717944548238156
0.6307976413237391
0.7296725351071547
0.22976162934675792
0.56926193774943
0.7518433796362044
0.5729974392134267
0.26850686267043816
0.4020377365119672
0.29623472353807356
0.5942472083437879
0.9090348596757152
0.3983530995198794
0.4091483817682785
0.8320020039892112
0.6221121405292721
0.27075564613190006
0.46476266459997156
0.48241333151918886
0.3645727435712782
0.49917338729152666
0.5249021420112974
0.5789138321850252
0.7522415138939529
0.8343456437134384
0.5724634216905886
0.35259641324807955
0.4637889930521031
0.7148809432088769
0.8786165562909672
0.4160905472544836
0.3491803009591474
0.7180014890748359
0.6509555028237223
0.546765096452601
0.6246220308053064
0.34563747822261154
0.5533712695612064
0.047486315923508604
0.3214729677290025
0.05830358429516084
0.7731509732727367
0.5033475104342224
0.19058296250880888
0.7742974845123136
0.4920413433229618
0.7177445908130022
0.9147759377941889
0.14186929969985992
0.08629642675241472
0.5621758469860427
0.48962196909275235
0.3364414237352661
0.5909782554739167
0.6325450794578813
0.05549313267557048
0.3843205130563526
0.9541145330412822
0.21144925033523518
0.724377788400082
0.6849436761796142
0.8908953806676565
0.2000603406289876
0.44451175926897984
0.3824843830329928
0.3571679271568716
0.7439009586912685
0.6368524267210354
0.10806798287893905
0.6214703322015808
0.46310375185483543
0.07573848601596984
0.4463616181069114
0.41604968895893457
0.4814503913852856
0.46110846220373763
0.05458438522838367
0.3009568749001343
0.868539970881437
0.889025139788939
0.8102201715493584
0.01651904723906068
0.6316179739864066
0.026987183842557244
0.5583476934733144
0.7912884106156799
0.8036935362465355
0.737837412133922
0.3305540376652254
0.07783751807161099
0.8166065249357255
0.6929346629982752
0.4601903412639777
0.3840666869067722
0.28190756367441466
0.6018870090424485
0.48890593236847407
0.70613192670982
0.15885577117052893
0.23267597579122473
0.2529176833638875
0.8659782755346175
0.35086663062749607
0.39426521541586085
0.5602876650456771
0.20250248440969917
0.33896586463378425
0.309997992655779
0.22495721942427496
0.8589257383478887
0.1545072822590775
0.24265728208196424
0.7873897350016102
0.6405801605431825
0.9128510207392637
0.7579946595785384
0.520741263599358
0.6141773857777537
0.8841700767455369
0.07943457870779672
0.5067275483523249
0.3335703848905233
0.7466704056682483
0.43633895783287613
0.10972292581151985
0.3320264423592994
0.6975001534760102
0.26176557353639696
0.9003443200414333
0.5111599342641276
0.3499512138165147
0.1304309869354056
0.4348749909013509
0.6902305360303288
0.6848799055765938
0.45891522379750277
0.7762315656659278
0.6474909193242621
0.753648601685435
0.5345779198028571
0.795328795043737
0.29453128050961846
0.6894042994160346
0.7107604212042034
0.7227986633881163
0.7755171346895571
0.6235728863705376
0.5195107050890699
0.402397756182415
0.751383908067032
0.5323472561741889
0.7621770550923527
0.4195616214529202
0.36013468335202425
0.4703134072045725
0.6142065698364235
0.4724311448432438
0.7381278306442486
0.33200745962429684
0.3610236602620232
0.07950128905387978
0.23494057233929888
0.6712708181607208
0.8021492855368798
0.25277393605965803
0.7601907392508227
0.20920613851920422
0.23712402084515835
0.631094108036092
0.7295596202065633
0.6173894475691895
0.13344690988320226
0.4492251248238287
0.0567424178340041
0.23756746017988375
0.822192175703453
0.5599754823616458
0.8787982519079981
0.7427485285160602
0.4464486076935872
0.2609334769672484
0.871071545629498
0.41603056567477437
0.8522173043390254
0.528215838054323
0.6905783737278779
0.23234221590320528
0.563174965913299
0.6887012979955738
0.611299228602659
0.3477059925042296
0.2382833028641674
0.8248180023299496
0.6446408356453595
0.8793514065694902
0.2215211374870323
0.5254606838537247
0.2772578581880573
0.7803799290919634
0.20824466859990293
0.6274680321907291
0.425984053418877
0.3152719428801403
0.18183009065123654
0.534818653015459
0.837115957533348
0.20953785174255285
0.6549224779369741
0.22945500499137025
0.03308187393449283
0.4916082428428761
0.1437953643744941
0.4087233495783288
0.7066210380602906
0.07010283372408033
0.47375952137412763
0.6571908083110739
0.5440938723219156
0.5534797585019566
0.20590881215306722
0.09969531056681562
0.25070125633880785
0.41300656692146487
0.6844731608277101
0.10469551045667297
0.5116102172064797
0.6415166278095261
0.4317663929084193
0.15193467007322317
0.7317759988681725
0.46262434458535373
0.43628217746916936
0.5821609396750987
0.6392356699791248
0.8905519780794764
0.519291761745068
0.7702500398318279
0.5000821868073798
0.36610235896973203
0.4177937490903662
0.42540885820002916
0.5943964982723513
0.8631081761683973
0.7354532270088108
0.6442853596594218
0.40789181583638867
0.4954972066923913
0.32121101640998356
0.3638402956991247
0.8264867169809215
0.06800301517536851
0.43793053154030454
0.5530077383865041
0.6162130931701967
0.8922905069715735
0.7727759766273339
0.4393199169073678
0.49700415671285975
0.559701020451235
0.5808771159194431
0.6379148377753889
0.30456684806145845
0.6719274280054826
0.1654600205391614
0.13784289064367486
0.9037186668569662
0.4560833552475929
0.8487946578898212
0.8792498604168284
0.23685329466788216
0.3653328399649798
0.5065858016677517
0.17907673989751918
0.640723859592202
0.5977697148512633
0.8973766039066472
0.8628334529339419
0.9312567488174787
0.8555299988537045
0.34228491926737187
0.35818148558205487
0.5390211350199013
0.5124309405455053
0.3106831708838837
0.727220507465153
0.698858118674273
0.7382862828552295
0.885340163434472
0.9208717774718244
0.6238203307773479
0.6655521528204437
0.6031914701825754
0.31677586622285714
0.15916585831816182
0.7191620112435391
0.8874751879817405
0.7585559322830168
0.5702066749624
0.35470112463711456
0.39480128654388014
0.31535143592406717
0.33953979078593993
0.6984636036495753
0.8633358083910351
0.7896933634215596
0.31151764306841034
0.5462456202261432
0.09550680536451266
0.7844867939476312
0.19989942851123074
0.10980966023011678
0.24630941036365134
0.2508181821767741
0.5373180014157656
0.07312052499543521
0.8191040209012683
0.6079210181584861
0.0761510984243926
0.6722710649653397
0.7766028409136064
0.3943960299652906
0.7295347106630232
0.6936670115289957
0.3019243075947554
0.7610535126365052
0.4334725414742571
0.46798949719920874
0.6855926492706035
0.640097808441588
0.09200245289928707
0.24153814204911886
0.275725185371035
0.5129063403123824
0.52527620720189
0.6366524669928493
0.563456779440817
0.17168104788300523
0.13550918563277073
0.7605561173043909
0.21239668261901393
0.9027717540604849
0.6767085044028177
0.7045872427152219
0.041289286348568946
0.5950875817742879
0.15687473476958388
0.2673552376285663
0.5676478394921647
0.6683498388424614
0.5542882436297488
0.13204246335122038
0.3949070577235773
0.6554447643086189
0.5360752479834914
0.58716694380844
0.3364596290934116
0.16250738799105582
0.599357791421506
0.492687783351043
0.8503798038134384
0.04833559261307384
0.7135160082456603
0.547226995878659
0.5758199583620548
0.5034440134546868
0.7791581500533447
0.3535348596116097
0.47671194045880405
0.32936061371543857
0.5527864560498877
0.4878108827487548
0.9372694717947261
0.7228320850755943
0.8696132301926057
0.7262393808898829
0.7505076751390708
0.42660382532455954
0.22441367976599325
0.1282368690020984
0.7460662409949571
0.3139474269413643
0.25405490488179977
0.49972139028333024
0.3494134217674603
0.6986122120086906
0.4137948585904784
0.3633533364434246
0.4987965143701892
0.8002530219378807
0.8108059137874762
0.5144008638238575
0.7989576848083354
0.10655120874877692
0.45648388350353136
0.5063027955180234
0.8081475183513671
0.6944889974541768
0.6793641393994152
0.1255865019466041
0.13144895860762512
0.4222988644357617
0.7154691049672214
0.4059769697589232
0.12614063356058916
0.5814524372836921
0.8474528754428549
0.6522090968960609
0.5132812288425859
0.7576946980048322
0.6741975661244565
0.1697290293419784
0.09624886533274357
0.17304959243624993
0.1522328772796838
0.5085655308235221
0.5458875754356732
0.8311303552098059
0.8644524991957735
0.0295060796691455
0.7812560401730778
0.38157201286765097
0.366891663430598
0.657361644742145
0.5814423650486836
0.4554293347621055
0.5554791898861721
0.5952566136817543
0.016067336893887216
0.28118379298970325
0.22351774921185164
0.8977849416091387
0.5587664727081828
0.17838585507983612
0.4376455873435432
0.5488740573060381
0.6886980199650498
0.5097721528854802
0.37496986392781506
0.2904778501738038
0.25026318368366435
0.4044334568014737
0.48419313595485924
0.2227180238404167
0.8150223683977175
0.1896925861445961
0.7869047922551371
0.8612228412177759
0.6448035764376844
0.7740839251812341
0.7604655238871799
0.7312563223886868
0.832972841962554
0.6211226473077314
0.918629490976928
0.3860365703540102
0.6838005197796492
0.7152667817183156
0.04933180158489463
0.5555637452377968
0.6385763904556411
0.11920187875697627
0.1571469664418086
0.08074536181947783
0.3824786512983237
0.7457528364408375
0.47255896479262566
0.8321426663722659
0.9699086762460122
0.20335519060107182
0.5772230048089263
0.5345420295467456
0.8951060059346069
0.7821728721181381
0.24662520017309653
0.5930941841965756
0.18070686232098776
0.4307949291154152
0.5362722548391492
0.8157395946605345
0.1347372772304008
0.5822758098287768
0.7966477288569963
0.6489947655974134
0.3886549692442759
0.31413451687200095
0.8928293178242875
0.30542364481490986
0.2005569292059604
0.4757202532997572
0.015988291591012276
0.401475396083434
0.46866766520166836
0.5908145676506081
0.5979250340871584
0.8539056690072675
0.606322431586319
0.36784263515595134
0.6040753744224471
0.7615415507220892
0.6326241985119878
0.28470166049424034
0.791521923834701
0.19239815454653325
0.7070001825398577
0.6858045874481452
0.05676552900881889
0.12507909266513612
0.5619242785093085
0.47770155473867415
0.7181393134134118
0.5522851741705842
0.254451712475731
0.30476141884881536
0.1888650165519438
0.06718435228410649
0.48694643400187765
0.9355141217871724
0.9431809449748418
0.32054223523520986
0.3642947784877521
0.7378041296278658
0.7530517253717702
0.4107883808422674
0.8550909428936456
0.11881225783686278
0.5861928280880643
0.8706058681763372
0.8404792287205968
0.37530519390240163
0.5036889444780633
0.6802295285135821
0.9295432914971268
0.4174000109739196
0.04715416631918567
0.29947693123361485
0.6027908613644669
0.18677060006970542
0.9027558697152686
0.3501380842619336
0.0979893016591948
0.11502182608864732
0.44765486470038246
0.11249188956278168
0.7210717695660881
0.689191766551384
0.7345204781373647
0.010167736250579503
0.35923797222934367
0.5646423927292872
0.6554252486482824
0.34564206537023173
0.6408553000891416
0.74343778676211
0.1521919052749569
0.27231714556182374
0.6157274956168306
0.16838072241364604
0.262779817657622
0.4656316823824886
0.5973270409758737
0.7543411767161302
0.321354872299244
0.7047057351038751
0.5211998982768472
0.5242833565101425
0.6602775606399193
0.23176804730323483
0.013596697290630391
0.7573516798409957
0.4133567745552624
0.5171637258224023
0.7833888089008145
0.7734441487553811
0.8237022003694047
0.7013976309173571
0.6500937312907304
0.9373304213784766
0.41243949957863363
0.5465198884888516
0.7694264382879854
0.48869818276253424
0.6322433433977706
0.3817050371836145
0.4027906889914555
0.5301841254944963
0.5751411624502443
0.3834615776453561
0.5405842628946893
0.6612706736721454
0.42535512562740124
0.8367489190503281
0.38104519338702925
0.5125809550079301
0.2529984465035448
0.1453582921045656
0.01772164301956403
0.0894031439237347
0.19511259413031282
0.28756370107567725
0.8122675652206899
0.33254276310614655
0.35418009233937303
0.6001554149158217
0.3221871365906551
0.6413843343136569
0.6403813369355306
0.368572788329523
0.48723474805034434
0.6517384344093238
0.9112695690416517
0.48560777513125436
0.44411480347770904
0.7462578889638682
0.7763801384807573
0.5429700285895293
0.5961006991008769
0.35758925630155486
0.7951706652527784
0.667788080369884
0.10235410886120729
0.12669774198225983
0.2038630001277775
0.8558616219742529
0.7460302036186681
0.7256988689144045
0.4982177139695297
0.12682802547301408
0.6934682758732815
0.3788571845898244
0.5556791974862398
0.06077322064197002
0.8744571471904133
0.4896420579160315
0.7534725998792683
0.7164464332758042
0.2245883923583648
0.46300420190685726
0.6654645185460162
0.2913291516061986
0.7429303397514677
0.7361478761558133
0.16151840890848246
0.30982781899573
0.5024750554645784
0.8892603905666989
0.17957784309007227
0.31495264278845364
0.08323095906699075
0.326144946101691
0.5784931358245614
0.050188528380364916
0.4606259008553969
0.5207051486624503
0.8064646556656383
0.3493845710771213
0.46727461741644866
0.735282968358414
0.9019331664356
0.6965404708448358
0.6096427124720019
0.24112915927320616
0.5984923037412818
0.7701870136359615
0.7045068777271795
0.3151166190227227
0.5581323262488198
0.43399660833434744
0.3368289160155844
0.6377062974557112
0.6856393666993149
0.20287667267856602
0.16265962267121445
0.7777652803645725
0.33027740671046374
0.490565157226856
0.7587716024124188
0.42536770125026147
0.4095921121950566
0.6388499591934784
0.7681104093881661
0.6004641248869869
0.7672171084008723
0.8079787203324282
0.35240381085364925
0.8354195430922307
0.08925307581603807
0.33862634286350807
0.7260192541921542
0.34141469018457843
0.6931745827072568
0.09901790193804999
0.5027269097226837
0.3953844161283183
0.29811236618959575
0.7416589924604152
0.6557921656737007
0.5919398147702343
0.14888121779012758
0.4118114148072394
0.8258766992611744
0.1693690069560963
0.4152473864966794
0.44886169314196056
0.3383307006884904
0.5000118442414789
0.3612742874376482
0.5638140786417339
0.8053120901515831
0.45093673827739594
0.24636746944586566
0.4529645359980253
0.2208623958573426
0.13537997954892564
0.5096280715488184
0.5322774743814562
0.15612565554373214
0.07408768411349481
0.33808819372902515
0.7331680243733725
0.8546658316045893
0.825177100670315
0.3726087446568476
0.1349453465251159
0.7079691153876329
0.4043943408655243
0.7974338935622071
0.13653251370035602
0.44850873159247207
0.49289946133747203
0.6981110401839646
0.826505149346077
0.6491780335108105
0.1988903506718925
0.03726677973878197
0.7260358839872306
0.32557925626050743
0.8140104977904582
0.15259304429346013
0.4776516688599907
0.48377651798570664
0.5138955694533553
0.454524931291983
0.5388918110889163
0.8095810302423946
0.511032090510125
0.5636707059629753
0.13650880313782368
0.4210963797401412
0.6842173260183322
0.8605776706340822
0.2669644610843631
0.5095475638367489
0.7429107309862004
0.4193804397005617
0.42649996208450686
0.6367120385053093
0.927328798379861
0.5654050767219351
0.5836209918868691
0.03448698917462464
0.8112242738946205
0.9323968271494804
0.48942069431908747
0.7123975839061384
0.3607731925914187
0.38861367649514106
0.40082519297970026
0.015999853946555034
0.49958931035553494
0.4802638264024812
0.7672261146735815
0.38528470895736505
0.7311128222524362
0.49665713403672324
0.26527512826992455
0.7795650713662041
0.3357658206397823
0.6310914886120423
0.44848815360509375
0.3744818924948961
0.6279722683732304
0.26633247828275436
0.08671240292390704
0.5188482983440265
0.3049932788669246
0.5258634170466996
0.7385573869859761
0.7298099998680038
0.6122395589472297
0.9087953159705743
0.10010321604843832
0.16526434023566633
0.8467653941490723
0.3927596823498358
0.4942306480996599
0.3438447378628239
0.06246249512661333
0.4526791754817941
0.08078569832933914
0.25588122313087613
0.2428079448470934
0.6028201214486366
0.1311077355039033
0.7528579608152638
0.4804578089890969
0.6719945825017736
0.5998806226443695
0.44609773841115874
0.6913678025785549
0.8553707735054803
0.8243504708735846
0.24815137994907893
0.5552559918879534
0.07229777801411609
0.23490121855685706
0.41403450876100717
0.2028570241422674
0.8352298955184497
0.32003932820728737
0.6247847941520316
0.35096316527602645
0.8842128955132725
0.4257696158293261
0.5534135325153668
0.7898642080360658
0.1050138607917106
0.14508635080988608
0.508906568701585
0.8607355738536572
0.584671590212453
0.2991877397713533
0.48975053060717777
0.08762840245489772
0.16875869409460817
0.7534968533160483
0.3695040524138538
0.5331904638113926
0.40913179059842686
0.16410013632435655
0.44382926529734823
0.7049774911203159
0.39345002910065247
0.47618221673737365
0.5775509123962911
0.3000645300999907
0.8597800963491979
0.4869549657526143
0.725044175776289
0.16862066178111393
0.16855442480308097
0.3248821508078593
0.20507470896980837
0.8642010465133104
0.4025499127333048
0.6103850721907255
0.5185668576176159
0.0639485326504216
0.5063386357491084
0.08025838804210576
0.6224281455331729
0.4835952115986127
0.9030266708195833
0.7002942082519805
0.9394946078234888
0.9196396025113963
0.5997064979813683
0.856250224662178
0.59462899522239
0.6806046290707685
0.7153475295146271
0.7359695506831889
0.4385177187359673
0.5580294136942163
0.6053919710200825
0.062164931526115116
0.30747384812299944
0.389092078733689
0.2729278767600113
0.6339846788908796
0.9411755935075725
0.3282705963756678
0.9032083869791697
0.2703317702753853
0.3017461525464714
0.33870841120186596
0.6342845105670242
0.7383333533584477
0.7103052598678391
0.8260099685291502
0.9119955940337336
0.22707206425768772
0.2077705669288387
0.5291880067930165
0.6071640934313525
0.471002647401619
0.09349982006208749
0.16485726114285637
0.7407461929781579
0.70468947662065
0.5795894518346626
0.6772116884535452
0.46412109935262064
0.23060773945559312
0.6984739964419644
0.8275768251020467
0.5791148434358135
0.5718068308405791
0.6122092350886257
0.07762762948936121
0.17015616956120097
0.6010085001113276
0.5369513452611336
0.8023707464562451
0.7981354438752459
0.5459906635676295
0.3332743532710762
0.6988195739411169
0.7046725419507055
0.44529984074773177
0.5690387578209675
0.33738888253414245
0.7358106211337433
0.3967774337093636
0.6292564713027925
0.6116746261288815
0.3215790931387206
0.024945001279672616
0.03425896016401793
0.5248039717017733
0.019885573233658527
0.776719881414255
0.6561656242824618
0.7601514818018953
0.15420615938571378
0.5578251482045445
0.8090966354933882
0.06968120068388665
0.3535017500635435
0.27029319394308754
0.3327408456621938
0.3996370292693625
0.7614669404284825
0.46200321588863125
0.8324145101472802
0.47460785807565303
0.3717274173548457
0.18153889255495798
0.5140007665458561
0.4681945823381153
0.17519581309106325
0.49780732455972904
0.7409793224822285
0.02129144805445696
0.6044015331684812
0.5510597303317902
0.4137130256167071
0.4169512862175322
0.42468542916235036
0.4576487521678341
0.40962275238313045
0.2280341327202811
0.41378430530161414
0.2722663341043382
0.10100726381070539
0.3286763081059611
0.4738603051197577
0.7830536883085812
0.5740227565695422
0.7585455727985743
0.1097447114977808
0.5120927892561267
0.540703886118725
0.8757895797414005
0.8063182008248405
0.2752781475294672
0.25373868767343516
0.14743009118755632
0.3030419470245059
0.29527045839575045
0.09311613011696748
0.3146807711925224
0.5345089722818073
0.5065107884446461
0.6121581976846546
0.4465782421201755
0.644903903494048
0.811324553173622
0.35494142368236964
0.7957462049538371
0.50079684834779
0.061924635634913204
0.4018852633851297
0.11294320428665953
0.4045631405077646
0.5271100109211472
0.7689398557378225
0.5548911716463655
0.5786461740734216
0.25744704881975855
0.19613629179698586
0.6705059038069252
0.8196860289795589
0.5030170746358495
0.8211339321375929
0.934929960910951
0.07650192181855657
0.10249429244511352
0.3184854263470121
0.6234103723369825
0.24021348634322912
0.4326535434719393
0.617776380392606
0.5408121267315185
0.08201695017196221
0.6173883172841202
0.6268417386107534
0.5191496722475005
0.14470152455833807
0.11435903276729852
0.766785791952622
0.17400371086384347
0.34810294917726264
0.11101326469666216
0.18259908050416235
0.5444961477290705
0.6882712580202214
0.717636136766443
0.9248699006616979
0.5278337511473262
0.6680497057236742
0.5208783952608966
0.5754086331686201
0.7525778566063135
0.4462341662888648
0.4787376876631228
0.8896937375110573
0.7856287179166459
0.30897972902141624
0.7023008348632102
0.6417856872714396
0.4796457839017795
0.789014197092394
0.2865463293645696
0.5277487349477203
0.7311564001129622
0.2610326540704485
0.8156500558292493
0.7693534124783423
0.6170522875454719
0.7738251259953188
0.6835113755243631
0.7990825843147835
0.12771324091622563
0.34420979750520664
0.7112100553887927
0.3605788426522941
0.11874926302603604
0.29123145853564325
0.0693488051530232
0.03902412755536653
0.5246674742883375
0.2980255799486401
0.4430709218092618
0.8912410251592556
0.531680967160729
0.9001246273419249
0.49398626763687004
0.3047528328025232
0.32539030343069963
0.41335642145217455
0.08999426424008262
0.17754408175438688
0.16300359548724214
0.29218895822142
0.244667137792206
0.06584884545350236
0.2432283080532723
0.17647935866737535
0.8027645697859299
0.33139429679116766
0.12679629802426626
0.27968731666073343
0.6904484336290383
0.6383618225570458
0.7862624045926059
0.28280332044437295
0.818097647417826
0.0005574475873589835
0.40594661368703966
0.6124488284284796
0.4385387069725482
0.08644529144961041
0.040296011003765494
0.2420930991042952
0.442850724831789
0.13017664867858086
0.40040930120075163
0.7526023549281812
0.6540908611689313
0.3133710997390652
0.8368383872463057
0.7251071913430752
0.348714583360076
0.6517320632811819
0.5851951589660511
0.7487936305444417
0.2256997941125684
0.5724673571600388
0.7658946436286815
0.5635600570616769
0.8391194942784517
0.8084413719813633
0.20221888279952796
0.7939778235416702
0.5093349648456249
0.31533271004473334
0.12319285501101594
0.8306572116097135
0.47671194045880405
0.4998063771151516
0.6161579760101811
0.33476890779207014
0.2697909734308865
0.9057121740683254
0.20542617762057183
0.627425591810466
0.3192772539970008
0.6343096817800515
0.7285794195994373
0.85662305945305
0.07242166751761962
0.08485514100338103
0.23544038889408647
0.19913813486177903
0.48027811579870716
0.2944748243929356
0.44608533319545746
0.5879259321837466
0.11464862281671968
0.591370122969592
0.7593868925324642
0.5146994308765853
0.46892107256687904
0.03274693323265855
0.524452915418571
0.8354877748887928
0.5441342233995176
0.4332552927499453
0.6885184827205054
0.801823253332467
0.15710040139746106
0.6919110883938542
0.33998487331054195
0.544352110466403
0.7966939533382505
0.6951835896527936
0.08012105265481578
0.056056473749198955
0.49832000117655123
0.6623924998225416
0.7153062970636729
0.3178996843723423
0.6906299427671395
0.38741002293562804
0.7541997051361523
0.2500493910147445
0.5672317259520063
0.13172592313063097
0.3044112885097424
0.5328869502519777
0.49444748314569426
0.0881529002242258
0.7387339602778579
0.7042787778978313
0.07245427852620417
0.7062852774274324
0.7162239581711035
0.2896066713846673
0.43490275330234235
0.16436960538080822
0.7774230673806366
0.47427106956623843
0.11427244512276254
0.17973247587530936
0.6024693421644914
0.6532629943921897
0.8048762409977448
0.3953778688751334
0.46507749494672135
0.2382696956914309
0.23111927433456508
0.7378406024339814
0.5001360888906758
0.689027431216991
0.1751523782667458
0.31964135177082104
0.7208471921616607
0.6653780153104283
0.5003385068481986
0.48350260506650256
0.744374308387657
0.8052258779799912
0.5254635915680267
0.7980448509522742
0.6197554305173486
0.23766075678207274
0.10957518783220328
0.48446094953655994
0.024758015108629055
0.5378934058041228
0.5273626465110881
0.2816014065738577
0.4559466640979378
0.40615948427086895
0.8552569630680427
0.7740262280574882
0.3116980851824966
0.6366342954867804
0.7512804166183549
0.15124815860280577
0.6935999431602243
0.620183516974202
0.07081855297673267
0.41064456675514
0.3362414892996843
0.4688612779221239
0.5422733492619787
0.6305332418797273
0.5609491673657002
0.5315413763685478
0.48064887915733023
0.5525622623024032
0.46902756461806255
0.3774353131268539
0.6795296673403438
0.7734479979000023
0.053912967885800835
0.3626100585312518
0.6067081386390728
0.2806915831317488
0.8910417909581155
0.459155790294102
0.6685909044356898
0.566365964982224
0.03070345378851879
0.5441550491061111
0.4525956542806756
0.5959052282579459
0.042806562762531176
0.5732019546154705
0.18281507103670086
0.5930850940631812
0.3176798182723934
0.2915099796773604
0.45539686689323355
0.3586302639858799
0.10532282997815957
0.10583848461123593
0.40070620396819234
0.104408150586189
0.18412362729976114
0.33209547965477076
0.5478389940787596
0.8417595351517176
0.6766976692630853
0.024821658889101525
0.3431101342018512
0.7348811101034145
0.4666998741080302
0.6406064537989943
0.7642474815497641
0.7320790551216616
0.728710322342075
0.513901020959022
0.19497382236615454
0.2312638887429404
0.19579709438315387
0.5455714195368889
0.4497296574861775
0.4227196987312409
0.5102951389999307
0.7512129141775623
0.41797463418744035
0.4436529096899046
0.26324319632210735
0.7668437434588149
0.6188799087460154
0.469401442339156
0.32158134319785947
0.036453885876444096
0.36930268223328927
0.37001257549993793
0.32555842628307247
0.25510077237319845
0.7467455669956005
0.30565660702507363
0.5276302871077543
0.9147952259191445
0.4308270708970417
0.7387891893144466
0.7908834819398342
0.3478994294181748
0.29884530202708515
0.6176659996300334
0.023175782189895945
0.4375381827741454
0.15053006802763558
0.3671462703362073
0.9220192811014252
0.5294449586618502
0.6405324106574679
0.7675955945059525
0.5138361100072982
0.570018612665239
0.8028400748376969
0.46499627907843616
0.43596534327942804
0.9482796919687655
0.40871967080267513
0.7295891998584229
0.5434796360454603
0.928196148071298
0.18236028206434787
0.40453924937652097
0.47896600104883613
0.7436919055434776
0.34493723078064975
0.6405801605431825
0.24493451578417735
0.9522149545805392
0.6020159218167336
0.5601239630520118
0.7802654749882086
0.44567342055942893
0.8521310726464398
0.12994935905932303
0.5692067394404049
0.07786930600030947
0.0023421200945343357
0.8000589559969118
0.5409713772553688
0.591285523319961
0.5069104322828585
0.5872853816896371
0.3612272426637213
0.8913468047824279
0.5112539282651558
0.470387667489235
0.49654920488379456
0.3886549692442759
0.5137739999970534
0.6506234802668087
0.17880631624727408
0.2673681192039887
0.7037431007582108
0.8639554796937603
0.17769118377604404
0.5696575640677891
0.42392238828968154
0.5953532651339278
0.16877288822393538
0.6723685487270781
0.4763484171560273
0.07169351231337867
0.44908955883756024
0.7985082410167312
0.6025110076678897
0.3287928239733469
0.4172507723974485
0.8607680247800896
0.18879770107243554
0.725109664793807
0.2720755165743636
0.6639655707752276
0.5076060377066349
0.21418222079595822
0.2899303465397704
0.569349472671549
0.29353807315279323
0.6169601351003069
0.17858027834169693
0.35129356098787196
0.6035514078517509
0.8415245644192915
0.810745754974246
0.4115498130239017
0.5579781379531518
0.18482099745094993
0.8618353332545861
0.8097818253397824
0.7166127149318472
0.5472712837180965
0.41554255027974946
0.8664047504643211
0.8381359319437987
0.6104639600854924
0.6363333654704905
0.30748824200088876
0.44362032755848063
0.3763138659519077
0.27216194174804526
0.4149692347588809
0.8500953699282882
0.8011031964637456
0.9281036095006249
0.18736926310558585
0.6382326091018712
0.6547298417686351
0.6527407201885989
0.3970566732002823
0.5408505940482036
0.9253110491030321
0.33204211826942603
0.07251744932421578
0.21875383319784159
0.21533717770476518
0.7497935863503654
0.7708766331821731
0.47192460454337676
0.3207690120194089
0.350044235533094
0.5960327489301146
0.0869195392612466
0.8581166341819925
0.8782982037232803
0.1329739634344066
0.7418208205206588
0.5666240619410525
0.09572446306059629
0.4402910946101926
0.8601565906927884
0.8738295594563016
0.32447533374010584
0.4720224520967201
0.43939373186284486
0.41992698055419225
0.3875416737281965
0.28923893979852344
0.7224075634723158
0.4298569941988527
0.6788218467109077
0.27029319394308754
0.45925080093889553
0.2925302801175183
0.5736368953887093
0.6803242945460225
0.282036248360718
0.08913107446867816
0.49935675152431686
0.4067807362332255
0.8115564185895627
0.7588654870602041
0.48540223247015135
0.6543620825490242
0.34289890299324133
0.7094814115978411
0.4262088319812216
0.2625988455305357
0.8252339649920327
0.620976726596181
0.8735616733938967
0.5272471994009881
0.8589160922649418
0.362351974779926
0.5211693895672018
0.7895562496631017
0.28626684270836805
0.777238368680367
0.6712986220131278
0.8511584256779046
0.3170651366156621
0.6344409033649342
0.9210062766536886
0.4068282555620426
0.5191960112348375
0.4403926849739891
0.05850701225687854
0.30901093950126746
0.7427325392768558
0.5532431699802194
0.3499511892726447
0.40037992374470693
0.17906174711964856
0.2571086154999325
0.7911105763123802
0.7550424809474636
0.09191047582850513
0.4709160273845054
0.7811635885395118
0.11285080395992952
0.49384728947155915
0.5693116971005601
0.7825576460456752
0.8427095418521748
0.5430118053691751
0.7109445161749994
0.4423275881379345
0.7289467288360889
0.6800509220574271
0.6381452271436193
0.04167927177426782
0.6585697125972108
0.23406882096236012
0.8323959808575899
0.5970291125089883
0.2833390986993373
0.34353405011811095
0.6138428443460413
0.6303322232932212
0.5097752857480222
0.2824258773228806
0.13316125049612532
0.6414149270939777
0.6204644130987795
0.6476683666668445
0.2865483356658768
0.21931071581345427
0.18955915247764207
0.4444976165643937
0.6784986043146719
0.8457663054993374
0.5486515548570744
0.9074865295399266
0.012509882871657156
0.27528933836195646
0.7231597917451505
0.3259904254276348
0.6705106453663023
0.720854024451456
0.9576270676211118
0.5052332175818735
0.2524635221511057
0.7412126776209671
0.32600256344097955
0.7376942278478161
0.5298320931396097
0.10542646569633572
0.31971260824891473
0.4159329892960169
0.703056156680162
0.37796906009162634
0.46937192105245973
0.32782774601390596
0.44261217632366956
0.11500771138489532
0.40941403873728466
0.5977215846218555
0.42699823215376065
0.24270271457321876
0.184813375096029
0.36237538294590993
0.4536489172518558
0.7324327889999669
0.5105491323146621
0.4134572185477522
0.5282018013586859
0.4059524172967216
0.7480356260711895
0.5960085247477052
0.26052889091390924
0.643966274073034
0.5257678911922721
0.7776941010816005
0.4362499563392751
0.06976292038160435
0.6841074159897795
0.5116685833031831
0.8657868554383769
0.25656064028125847
0.16207957158536754
0.862135291286169
0.7544322891440374
0.4836090406270865
0.2854069659748387
0.4990132662272201
0.08689182868026794
0.1107796119977153
0.1900392058911327
0.4232133561858867
0.18879490479085348
0.24385721335700333
0.7615483568245889
0.47254703975399603
0.7454217338609689
0.648664630278603
0.39123894152540883
0.7395880686898798
0.7204062853642336
0.8520687716766653
0.6729300743473151
0.887211505614439
0.13019985094083025
0.31369737284283794
0.549410967321236
0.4899245144146168
0.6201323012778237
0.28290410234979957
0.013657727721998402
0.7687924219940154
0.6431468115679139
0.6668821958150338
0.49896687627630354
0.35670206116033254
0.8342601873690487
0.8437256036249065
0.6853291845173646
0.35739829468808415
0.8240587862638696
0.27433637786441756
0.21972963094216083
0.27666072975066724
0.06183054759689027
0.3462379820746767
0.8942080370598915
0.893594101720354
0.7868188570332647
0.8082186004524221
0.11535719739275423
0.03562401856862195
0.34148176645099954
0.7878063095350004
0.2843528600178594
0.26284778652836344
0.6345269348676226
0.7241996337707465
0.4531893034341108
0.6214279488598454
0.0820005296824901
0.07806373972742126
0.09831636940744191
0.2461001983790988
0.3772269019637776
0.2723659761832609
0.8946269179603307
0.5689779539089839
0.5382275120434348
0.724243412164854
0.8374434936228791
0.6998150551397102
0.26747195801414514
0.5354067430947322
0.11907816999637261
0.6678863375058766
0.5651039386915704
0.7239298624313137
0.19033106691664176
0.1646876330611132
0.5239747904898544
0.4085254148223213
0.24151892685510992
0.3995588588212293
0.7060445658035849
0.04570560953576132
0.6215546558670553
0.7886210890485186
0.20794594714191658
0.9396098307517573
0.7819463667915671
0.6653385843040543
0.8403574776592145
0.3724045488384643
0.15440070672200928
0.3454913425149638
0.2827839014243414
0.763246887791826
0.38045898512294796
0.7678873684934527
0.4521625560673552
0.06103014076986872
0.6723685487270781
0.1606047175035188
0.5344706389998243
0.681675332946571
0.4117695754886858
0.09274275733840344
0.4902806994490812
0.4762964968240644
0.6583214427876074
0.9002442279795464
0.36492561163482906
0.33263429411121026
0.3940088463215793
0.5137967568943874
0.07479281041119183
0.45357768455866904
0.6851411970893415
0.8954222787452795
0.3297035251984217
0.5775005792845083
0.4647998126015908
0.49064107967401516
0.13894910846970998
0.2304046336418233
0.6456778602068296
0.3974667085242046
0.29962026835546324
0.8788855601008159
0.45099457517502756
0.9143135348495333
0.17536115189473234
0.49832126092542256
0.13641602456098695
0.558828604884137
0.2600370967235463
0.3961671062459316
0.5325953654621016
0.5371022174307091
0.0014940875669332918
0.35392262640038175
0.3886962014425886
0.6718093053065407
0.8903309072773151
0.9008695154400193
0.5833314592989612
0.724978128784069
0.4170977542977559
0.13605998561274665
0.5291941576699041
0.18950793086753284
0.7917195411804876
0.18652242303312114
0.5699927379611817
0.9101177408042868
0.8925556476453214
0.8969408587446219
0.32974447305357224
0.8879396241755664
0.2631746396597917
0.19067666217657356
0.4294090121595977
0.6667788687171233
0.8363191789735361
0.728174195714032
0.40823283103971647
0.06818672010184681
0.10637836761391874
0.07156548743778463
0.2977922523108795
0.5089923880773292
0.8823230734668299
0.5963775915468233
0.2468737626703104
0.22436271965599092
0.5901994084862173
0.8640498867550904
0.2734372869033895
0.10338043123919602
0.7410716470615041
0.5797018896251884
0.6081527787419398
0.5314380687438173
0.7750032371796012
0.48528607199209084
0.557923242967287
0.29864585744808075
0.42470002129845996
0.14766132700129875
0.4078328592795176
0.7845361643058751
0.5133420418805196
0.6334740322186418
0.46275310801892844
0.5145099789436816
0.2824258773228806
0.34160742383417203
0.5155473118053856
0.5023473897350944
0.67049078970176
0.6060725754224244
0.8067193804931138
0.2560887832201505
0.6597909106911642
0.26963118952460596
0.807770814667731
0.209755333064522
0.29664915401501185
0.14449191425099883
0.6788095027339786
0.8456264046114029
0.08681605378837835
0.3465846040542775
0.6887175145527415
0.43909144065847994
0.3961035529892099
0.22050181430207985
0.6968598470663216
0.35272548675483667
0.31269193876221
0.9012759444095223
0.4539490319011146
0.3147402802641533
0.5667320642240411
0.28775091891034243
0.064662207376512
0.4663456676049122
0.7795635769619685
0.6137101500670291
0.8186081172053754
0.3967292020317355
0.6025459060163938
0.5040152792015757
0.3346605894395858
0.20276668086476332
0.8850637231511184
0.18272821751757237
0.41737039805026904
0.6412021037296579
0.7081179942133359
0.7330472920696018
0.002291815245817612
0.6641846111784571
0.7297466577208034
0.36415011048996265
0.59365764067466
0.8682108236980223
0.17732947847760525
0.4899371886867453
0.44347331716949545
0.6999587364545885
0.05384257465179107
0.3604013503222868
0.7246538006630574
0.10303523813305113
0.7262662910764103
0.7203170770854309
0.4237324460836825
0.5815648406182508
0.7777052832830674
0.6267252786986195
0.8936365338009733
0.2988356019464184
0.26716948488871156
0.03578779529762031
0.6306733338538851
0.7360203383621549
0.2883649523702188
0.2915083744329376
0.5532944464273785
0.7543552206091683
0.125568384995251
0.019634621891180596
0.01717715941642788
0.37339997174801803
0.34755791262736146
0.5151562338894599
0.7000337295089246
0.11004535732829725
0.6629107812278726
0.13305950713539227
0.5164845134507228
0.7478900345178022
0.628794323261086
0.8036833917325834
0.6123618712406711
0.8981275862691426
0.06800301517536851
0.09508625435223915
0.7769933333147527
0.4013954460408631
0.19851850583552252
0.6712137209759603
0.48718963685099004
0.774250783618357
0.6579349552137745
0.36135453052427313
0.3269145183017986
0.3967651809073848
0.5009052289638982
0.2547184723768026
0.5844986548869664
0.5345244137764475
0.3447683398100469
0.6411549565606136
0.8889382529431857
0.10684641569276501
0.876287549701493
0.57657509717772
0.730131891954424
0.442697349047734
0.971356687582037
0.5499790990758312
0.465448789875909
0.01567924673517696
0.4279518641435979
0.553712221679235
0.26924585098238174
0.793759351685448
0.8046422083459929
0.7287954125570737
0.5340259630459886
0.3489254658876006
0.35962679022604943
0.4102547299946308
0.5689508705527506
0.08012105265481578
0.06449303860594949
0.6893805189653411
0.44490448702396995
0.7016282563614313
0.6663298795527095
0.5001752850879413
0.9225564236872822
0.23740644886691237
0.6207227182130952
0.8257256848299261
0.23046968937652254
0.8324733369395395
0.5490130531153316
0.8129196525284288
0.7473649285243166
0.39016504694149157
0.605268301915086
0.10200177259122294
0.03981857280294067
0.819675071412841
0.47555395140860446
0.6367773005593522
0.6084003413094388
0.38242418464398903
0.18380124542752602
0.1813317542917818
0.4900036151591987
0.6680251546422016
0.01857523787801969
0.20778139155443
0.6294094065307636
0.25002380617335085
0.8019839915496101
0.25218596768152307
0.1934531063446293
0.213964658266942
0.47004259698220757
0.6514146417671248
0.021297973419204294
0.4221258747010182
0.2548194028534186
0.4735240172663412
0.013249889875039963
0.06832476777284761
0.7524272880799828
0.8456591870203803
0.7038392792011368
0.8840028853117919
0.49693029802394634
0.4037043828096113
0.3230140233015605
0.9034193239184763
0.9308236434669817
0.9066374061758506
0.31911784485119293
0.2793880320191732
0.6837467140997138
0.09688337861923406
0.9135518578635586
0.2783816468705232
0.17496286860224075
0.3601318817992954
0.2441122362168182
0.754548927734289
0.567179219557417
0.6375632098108219
0.8394815317541895
0.16773869663290034
0.8088802012211965
0.5338584045560477
0.14195183863502844
0.785700647632064
0.9385323396123159
0.6636635088079222
0.7309956222258315
0.4699611317427719
0.1012096562789504
0.5864595319753475
0.16743941212416227
0.900704279805614
0.06855118956095156
0.32886092053002997
0.20414247812351177
0.42974503145465126
0.4857635383276186
0.2022559915756237
0.81763695272146
0.2826898378216374
0.8587877601104417
0.4467061916808698
0.0520927211884803
0.5448597822077118
0.424570210216914
0.6285798772177501
0.2888537397517064
0.27973355230298513
0.01324525958535139
0.5889897130780031
0.49681525888107836
0.33752820514197474
0.4984771211941212
0.2740858651399872
0.4329916339124913
0.21305860501230633
0.1676873329848656
0.37055687933855075
0.3295664462684536
0.43085633054810735
0.8333389693004081
0.46143866523777344
0.5938503456385086
0.682826709761481
0.6350144562875703
0.5671240359557216
0.38861341503038216
0.7004747570640282
0.560403056263307
0.6854333539039774
0.16684030952808146
0.2129987603925746
0.2953987338234227
0.4403344489146418
0.6463469418451021
0.6138169411940286
0.4560834025437019
0.4925155955756173
0.15364725306503818
0.44227255891483125
0.5865069200693297
0.5684278058642733
0.1676401826087026
0.19775508036403897
0.8069978418505345
0.2649885512031533
0.46182437604140586
0.9484495921871824
0.16007621815100964
0.40613513255685046
0.6009476568284512
0.5356433308493974
0.55212882253982
0.22464313188667334
0.5677513159691145
0.32727719923046655
0.7701114374695694
0.0578392051368563
0.7169836873925532
0.3620303415865051
0.6947843462694255
0.27175778546300583
0.6474410856483107
0.3283042893642422
0.4071276080733959
0.8617177742873128
0.2842459880988205
0.8332782808201337
0.7209495582892245
0.46656145996881243
0.24472139715031044
0.9205252554251552
0.1266809688164892
0.05330469874153558
0.6696738364284417
0.4540539093296634
0.4795722958562155
0.5042351988002278
0.39149884385631534
0.8496191316383409
0.5199731051821366
0.19284262063370136
0.468584983442336
0.24491267647159956
0.32033246200085336
0.30271356646271097
0.6887079859822526
0.18831151650373168
0.9496215977765288
0.07151015466481876
0.3029265399899447
0.3982238678524383
0.5001844164577528
0.41357635186517794
0.07945922594769111
0.6386872515818395
0.5175529241453164
0.9162622993735186
0.07670911378789612
0.2757562108963803
0.5822969134866594
0.39047275051093633
0.39275395844118094
0.6699202482717409
0.2994878876055936
0.5608241049948404
0.5045749744561017
0.4701968518479494
0.32384055956481544
0.40048124923333916
0.22160996144128967
0.10020820497473232
0.6500644567439801
0.8113734473304571
0.7982725210457001
0.1306358788006179
0.5950112243902854
0.48805230376484005
0.5739048503741663
0.6744810706795703
0.201342624231338
0.32333366664388014
0.43439559129367933
0.14192920747365098
0.8681878584972589
0.8375244675681589
0.6049568180677893
0.7279185297943582
0.6133582659052961
0.31274335795950503
0.3572940029163465
0.8760575280824336
0.33931933325612074
0.22944129643904748
0.7396134591387599
0.4501444523079749
0.14278934527247392
0.598375529834343
0.33502865377790364
0.3685899641842479
0.3590299920241928
0.7332707513088297
0.7233193831901408
0.7144933489538604
0.8268866402281538
0.7239466647844546
0.6742240520813584
0.8564935830365463
0.3270003607721271
0.6069340940105076
0.6410683463902802
0.4709770507149221
0.6399188938282733
0.598325878018728
0.8088733076972255
0.3421471551565133
0.6097333675787968
0.8164905091379102
0.40811564568485953
0.06469447879606771
0.1639769241607623
0.4321927375119865
0.608361671999722
0.5730145454312131
0.5247145213610314
0.4590978073034596
0.6469472692907645
0.6712708181607208
0.22811041305641946
0.13151842249383033
0.5493127312010583
0.5077361504616439
0.49513018020813027
0.43610459967740717
0.12937085627819309
0.8399690431478775
0.7783179721387945
0.7870720640542481
0.03081398988385144
0.2809064901368445
0.2667580400111648
