0.5333116735592927
0.5354230576180238
0.478877555492231
0.149874670299254
0.3088909106669177
0.8929699254250536
0.4766819590846675
0.3787864126728918
0.4528879560363691
0.6920102405871996
0.8394341371929088
0.48775979951291754
0.38950576085217375
0.27971865729209183
0.15738660861869602
0.2866101671308406
0.24796463062984647
0.7925068233302555
0.09246792043127751
0.030715282736920698
0.4425669944792004
0.6733499009463401
0.28659393284505613
0.13695634492520903
0.31639507074465967
0.9007867757246366
0.2122388602154717
0.4476985864111607
0.5686993224169966
0.6138533621731685
0.30419021324197776
0.8538349608535145
0.4594535029110538
0.19890218631505277
0.8508225445107248
0.5408626375543031
0.08316692761042495
0.8649629684504218
0.1879812824342818
0.2403160099507633
0.9115387824947645
0.19862839550526382
0.5655389343709667
0.5883085653699823
0.7967007210438429
0.788232760854677
0.34995166811939377
0.8892145401119623
0.9037111344087204
0.17935218606731465
0.17361408196041714
0.5223497473033027
0.9336833830336192
0.700634269315252
0.8705346217034222
0.16999591105367673
0.28676974430218577
0.7021604752343781
0.657179265333225
0.4437426998933601
0.17389192698284542
0.4119307495115789
0.8897662126281661
0.7201763610560971
0.7261581415124531
0.23584089777171513
0.3302845090222323
0.7897128717732023
0.42194824756296273
0.2060942277587858
0.3025183163369487
0.5577878573706517
0.029677160293920316
0.4916547887265541
0.9056264910228193
0.5563219096261695
0.44660652201340145
0.9211927270023952
0.7765651843769968
0.47728107252894597
0.9146290349018206
0.5179226813492352
0.6967160110232491
0.4817137063978402
0.23235420765445597
0.7189479563495661
0.10073167488040151
0.2093154872491598
0.4212185639178595
0.6907291374005904
0.13661117680879634
0.4844582186237387
0.4251981008478904
0.41698752240788206
0.7772680361535257
0.9072390292038427
0.31930709293584375
0.2585120921435522
0.3918779997817826
0.32568982175703143
0.014291531205249598
0.23498747968608502
0.06647832567806011
0.5607909203999057
0.08269385667274964
0.7671867890500371
0.3048405585404082
0.4856083483384756
0.4668042298448068
0.86699136231718
0.7500657367935147
0.7001022474975553
0.5631103260477974
0.337732980930248
0.3170273694353385
0.3379704130870492
0.44462235396010863
0.08458025931755028
0.6987490979511259
0.04326990192589529
0.3797241998351562
0.37279556888325455
0.8951894513291229
0.5671183758883472
0.3494891637148382
0.465147704312281
0.25374154486053224
0.5803416112193788
0.14552358786996802
0.7655862377649761
0.36750374549337295
0.48976380392642926
0.5434697211040992
0.6810382920393387
0.12788143240738603
0.869508880574084
0.36634513525816126
0.21879659395560339
0.7210490278614339
0.2893902315334682
0.6522187224347957
0.7002222785345237
0.8677043871187081
0.44257311538675775
0.31268943001745214
0.8575785251822816
0.6066057663578024
0.40735805819881615
0.14565533462625005
0.5820846152710111
0.7799629759095144
0.2638685829262598
0.3856014617490187
0.8601327386377802
0.27105152366287477
0.45747606782928596
0.22662890207283967
0.5116672573846027
0.31147882185370657
0.21069062660742552
0.4132190561462364
0.07204655736044764
0.3065736576310066
0.7724390890668581
0.3260396414448933
0.42243518500679383
0.5056134023560812
0.6151300336152957
0.03575810265987849
0.5692874066349006
0.4838767668024112
0.5708100995838716
0.6173492651739675
0.39246014906052495
0.8124027577500829
0.489617188953559
0.6131486553309914
0.3269165315989098
0.6397654856992098
0.9203172304642679
0.2642892723299133
0.4145273390399475
0.4362028313856834
0.6993524964049693
0.38120473744190925
0.7857415226827676
0.41472469344391266
0.743158981446519
0.8973431102308702
0.30367035046459107
0.4982532453303647
0.15324281926354263
0.09856151234177161
0.09394782982770253
0.536514397541274
0.6153683123077193
0.1717340309585046
0.1614026177045689
0.36998347363919115
0.5277002595228011
0.1617002896293675
0.6213807458070073
0.9087027940923134
0.4328702806182738
0.6222677271501349
0.7835289040780599
0.22964593888881854
0.36483197510952897
0.24345397307412855
0.34283479367459385
0.29226514674035586
0.8393981012590391
0.6867122634271835
0.2939236018044265
0.9181565004214336
0.469392571846298
0.29430003138270583
0.15176401811356283
0.3621542565791841
0.814065806741134
0.8551834563835936
0.6073240679935399
0.32355514992076173
0.4830891203237322
0.5809832154636352
0.6020812574879557
0.1850057599295434
0.42220337667246205
0.15970536328170826
0.9134093418379785
0.7101087678866527
0.7272248845643873
0.8220915626759647
0.49649097796506575
0.8091325315920811
0.4287002238818534
0.6976494536067945
0.011449071914599736
0.16769226053985622
0.3202303214128579
0.6755331033769837
0.49083865346874667
0.669106570334146
0.1400187520684059
0.0066435117464944075
0.8500523236043197
0.6223968216037274
0.10101095667116987
0.5188848976451756
0.6152934687847927
0.4485377562322813
0.8309495034152857
0.08897870070404389
0.5369532209470197
0.16383128659071708
0.7163139076014085
0.3141094577390727
0.11891449806684298
0.6562094993181629
0.835046033054854
0.3284344366004741
0.2972710340127065
0.277610319207543
0.8323828613338297
0.7289738010381461
0.5952955921145618
0.8278599412793836
0.07373667690493865
0.15156155141931346
0.15621715829857805
0.3400193095135111
0.8007183838178168
0.40961965942829964
0.45345269570071517
0.1469063268599626
0.8952255486193765
0.23943089213393273
0.42675872211671056
0.31181024214618364
0.5583704395918732
0.31689563364756707
0.6564419632254697
0.5867308202838062
0.3113786504540199
0.8408224215239444
0.4964304358105745
0.4903033674184512
0.4878170774188767
0.3061018775996908
0.7715099814571169
0.7696964695667312
0.7136121338701533
0.5087389291967453
0.7531451824027969
0.657018059505344
0.3526995776663765
0.13650435493626903
0.20067449693237843
0.4615030016477164
0.8709938233477881
0.8982455459162657
0.6233975533220113
0.7279893333372597
0.49869108920721095
0.8625034991119293
0.18281671433134355
0.39293069990058427
0.23152384383858568
0.7219567859280404
0.07222056908284512
0.017149142445589745
0.362920340652605
0.1946810001656087
0.2760693859311412
0.4206273570310297
0.37099991288569956
0.5627947126664238
0.2477961742215699
0.5728984583005592
0.6883641800522613
0.1737091945821886
0.5100554821571698
0.3435871769289526
0.6751399768946112
0.1727712854797701
0.9152626326147435
0.15615108251125145
0.20022140305526506
0.47512570268929916
0.24692046180116722
0.12538682777125212
0.5807251057747894
0.8349022094354172
0.4791113705805471
0.37944983548622213
0.5735049013847828
0.4759822441571102
0.6292024545241951
0.7409838846792741
0.232079057009322
0.5615469210951294
0.7560967731375611
0.5612109891376051
0.2539840541038931
0.40245149167940336
0.2997988557971941
0.6000133744994152
0.9034111055425631
0.3974343562557331
0.39868590880069593
0.8219640473977805
0.6333682638080762
0.2591077440402369
0.4629485578541927
0.47989937695137763
0.3623490212402644
0.5037860344874715
0.527869349507209
0.5671402958548722
0.7556675868133605
0.8355505845738997
0.5674771454365699
0.35574845443232184
0.4670426397383875
0.7170663722129282
0.8826481263286976
0.4076808453232412
0.35227561838863336
0.7198577473626496
0.6646741615116722
0.5536793226938821
0.6094307354839849
0.34474232689047984
0.5468274062470797
0.042459447466512666
0.3220880547587763
0.05686974448462025
0.7795459783537382
0.5081434853682991
0.1937125433328705
0.7803917314297644
0.4760664206245612
0.7102660224268508
0.9145583549967574
0.1459625948272635
0.08979377066729588
0.5622619068251804
0.4833608765638727
0.34228678610063573
0.5862230679146274
0.6301074037149543
0.056368770483313305
0.38862901740605876
0.9524165318848683
0.20171755926171525
0.7332060825812283
0.6886579225348243
0.8974517275415154
0.199982606006505
0.4496110842551167
0.39004311395980007
0.34870068975682506
0.7375692218372408
0.635836824077513
0.1086830679963432
0.6150361359271842
0.47511137964785005
0.07429219011820164
0.4443371447047428
0.4173715020933424
0.47234246752526526
0.45577790338435387
0.056626882537308666
0.3049513700170548
0.8686548835078404
0.8840177026398998
0.8031262373036081
0.01738169861276872
0.629961984835949
0.026958528317895004
0.5477327128383966
0.8016304088749594
0.802624724916182
0.7461679648987236
0.32836616580513345
0.07653234049440812
0.8170973729891738
0.6985428754565652
0.45749700565587054
0.3917256594405082
0.27422910521044924
0.6140138493643684
0.49205942865080365
0.6915904177562654
0.16029967526793812
0.24952274088225873
0.2553069729842045
0.8622209405569591
0.34924107163560875
0.3992795296866801
0.5669433335501671
0.20378794305101317
0.3305729564425832
0.28603850944584996
0.2317324210236447
0.8511232603023838
0.16236701268226506
0.23197742150265954
0.7825766370107997
0.6382461978056877
0.909298350633271
0.7533202098481717
0.520150622966194
0.619824124362144
0.882547539942712
0.07877885923143176
0.5117403781984667
0.3387623451704939
0.749458276130703
0.4274702393929157
0.1179224981057051
0.3370684099146965
0.6970117441356133
0.2673579093294369
0.9041296386264887
0.5076833748429532
0.3507033939157001
0.12481059696358025
0.4300012625031134
0.6924122739582179
0.6907080912366947
0.4467449473912231
0.7725017527574219
0.6402281908718662
0.7652683969860754
0.5312312879432951
0.7847494822654708
0.30901411773323295
0.6929023832216609
0.7099854714320942
0.7173861381057012
0.7734165403000739
0.6231866018031945
0.512213487386373
0.40429053119878094
0.7502458297646349
0.5289243394388851
0.75630733154661
0.42683217432665693
0.35285031464761757
0.4714383324022641
0.6045974022106712
0.4773577190315484
0.7410594863097636
0.32772728500669207
0.35433335141506866
0.07743448400991573
0.23081373021022888
0.6514885520147045
0.8009662910754425
0.25886510096303766
0.7696164950856644
0.21131665764493135
0.24438370923132055
0.6180734626860163
0.7213291817244984
0.6241457964521074
0.13353421643282376
0.4567013191251468
0.058919181056125994
0.23816911591204384
0.8203794977631561
0.5603558117195814
0.8805485314875123
0.7373577779771517
0.4430914446986002
0.2641249629884515
0.8693435869560296
0.4191955569236585
0.8479513985249123
0.5236870227695096
0.6813237966802113
0.23668223047140494
0.5639426345734497
0.6761125642273267
0.607338307217397
0.3512328772537543
0.23693169855096405
0.8281950021260766
0.6464494764003226
0.8800619593636635
0.22364579626656908
0.5286498743968615
0.2769645597701854
0.7766211297672534
0.2093154872491598
0.6253303947062714
0.4265997979011077
0.3205712342268254
0.18086271207937518
0.5394236794264908
0.8441185737330951
0.2038508484636749
0.6618054885890396
0.22324940109965816
0.03509413148723394
0.4894695698900756
0.14432531129092915
0.41186489233116763
0.7125212709957643
0.07639236346041046
0.47711794498303284
0.6610609124949043
0.5317781672499333
0.5608266473334136
0.20967781907487656
0.10290517851765789
0.23594539846192888
0.42635796171876394
0.682547377644203
0.10582105284860056
0.5409344399696822
0.6396831199375408
0.4327416012763762
0.15012806497635936
0.728775384534964
0.4412336096314261
0.4304481558265154
0.590427378643233
0.6286426040409522
0.8864870669750805
0.5017118331814829
0.7688655695749339
0.5096174786685226
0.3626123191132829
0.4059616647340906
0.4290424956585297
0.5933762505419352
0.8753834530163036
0.7359113155548641
0.6310027709933916
0.40391017833859344
0.47820329926478683
0.3455734734547657
0.36723644766352725
0.824077551479809
0.07494581617408778
0.44123295796493583
0.5476211182830436
0.6019960682009273
0.8859985443090411
0.7705704911314608
0.4426633148902321
0.4682562940370547
0.552945700570105
0.5724987334606068
0.6505751144487361
0.3169420212011446
0.67215063962042
0.16845052426581802
0.13748251758480756
0.9076539496760981
0.45144770243776267
0.8453166413999733
0.8859631183040979
0.22900802092379843
0.3662984919214891
0.4997499105190936
0.16955254900059688
0.6472146066479019
0.5969513824414173
0.902814182316443
0.8660509807616117
0.9291526236172545
0.8562523252766847
0.3374858423672118
0.37300652036859994
0.5389259929415512
0.48763866839528586
0.31247901123956995
0.7279268534126375
0.7085353940730719
0.7490228605245991
0.8865696594074706
0.9220986881607534
0.6217743840316896
0.6521443573845973
0.5882996644908899
0.31037816714464794
0.16213249783180445
0.7258875768317165
0.8856743845898672
0.7486165718883236
0.5705986611524498
0.3550178053463798
0.3928049877729731
0.3010047467292118
0.3417824117772761
0.7054983397409402
0.8751088803608131
0.7864837750520671
0.32720650133273865
0.5502515978613436
0.09939727584279187
0.7944624900974432
0.2040256260802937
0.11539011765673064
0.24777192224423802
0.24004536154113942
0.5358425665305936
0.07866019033497586
0.8320295171716228
0.6146504293800819
0.08010632908636002
0.6686102462967987
0.7854037460927681
0.3921861949860857
0.7193360665554742
0.7078251746300789
0.30861811174021303
0.7606696124772028
0.4308069562896931
0.4771658212363017
0.6846539508569883
0.6386237190162132
0.09086131822802934
0.2448001867754116
0.2770551775693057
0.509041208541147
0.5256364996871381
0.6348373295231995
0.5490151442989173
0.17134044031708467
0.1398233711302919
0.7702203679184774
0.21168000584098975
0.9039116374569426
0.6711710002802544
0.7001632840142202
0.040973476177171564
0.5905714442290989
0.1596766110098156
0.2727102897380105
0.5582169648716302
0.6650045512692617
0.5704473249761942
0.13831819686039146
0.38459030928112
0.6337434952189556
0.5296366433658629
0.5877036732987718
0.3316403299103423
0.1619986989532919
0.605864960969751
0.4872369159907332
0.8417122731871933
0.048969305942184856
0.703707315797185
0.5531647945563816
0.5633557608757385
0.509722389029482
0.7990554626982888
0.3526258827497735
0.47496896057093985
0.3364123584825858
0.5476728490205283
0.47606043026490563
0.9335373644182084
0.7288981160812938
0.8667030906792406
0.7374081185614272
0.757704081481738
0.4435503211760306
0.23353465471822354
0.12697311881811635
0.7392596060343386
0.3127130765850289
0.24856484675747856
0.4862042839887327
0.34241978324812206
0.7006928374404297
0.41823991419208306
0.36958104964216937
0.506181444242041
0.7878994971715547
0.8046200787806882
0.5088128305808773
0.7968519851191758
0.1177419965468775
0.45175850405579077
0.5127234521731764
0.8028998610837396
0.6983138396645869
0.668197817906691
0.12450586600687699
0.1364753277114378
0.4313592822611122
0.7228796702470076
0.4021945732152362
0.1178949366047119
0.5904471806019398
0.8461394413725684
0.6440345603340969
0.5185207984957444
0.7539452469091543
0.6783075328744083
0.1712199879615499
0.0959609360993267
0.17379306126025412
0.1516000632365187
0.5208039583868961
0.543716838887558
0.8427536945836059
0.8688689331878299
0.02469054165459503
0.774838263311307
0.3743407031085142
0.3637616026812412
0.6572165532716787
0.5805995939542344
0.4546131876331179
0.5480498352191662
0.6004131822829278
0.016065424074261148
0.2828902526753716
0.22707950379250247
0.906411742202805
0.5601675315055045
0.18121668849630473
0.4338982858850388
0.5595448840420972
0.6782173496968202
0.5124993438911113
0.35972702306293514
0.2954708750166102
0.24650408408214572
0.4061225984529286
0.4837442229241272
0.22610912648790166
0.815278203019785
0.20233731733404792
0.7992111124687431
0.847453953975794
0.644071349568567
0.7750944160531502
0.7419165296118513
0.7293763012395219
0.8231378922069286
0.6169098548775961
0.9217093690845592
0.3950015806645811
0.6764102523872881
0.7198460523675558
0.049363765776625074
0.5802462569046822
0.6460255195315878
0.13986764647443511
0.15846852751136847
0.08156451504924646
0.3851235483749749
0.7474698750612668
0.45461459060232123
0.8389847798365148
0.9705048475739286
0.20121809616732256
0.5850132484365571
0.5324898039699203
0.8960315074804429
0.7837573216587759
0.2473024833935793
0.6003701114059989
0.18016541450263698
0.4271700739394223
0.5512386042243217
0.8073063650204545
0.1341337073893384
0.5704127004503415
0.7926840929256144
0.6522574151178891
0.38841774186099387
0.3100729558545519
0.8980600475670752
0.3090244868692698
0.20003146127024402
0.4760666472112501
0.01680229503960253
0.3983287318235682
0.4637572264595896
0.5984663584616832
0.5936362283571379
0.8529353015863761
0.6049829576806304
0.369681333753898
0.6068430533055472
0.7610837177781206
0.6416265678551362
0.2838512823655462
0.7877651262341668
0.18545857933237297
0.7052420708169815
0.6743503970287857
0.06111074487472123
0.12662234050770735
0.5437858779899281
0.47571983380225724
0.7156455504217153
0.558381955311732
0.25278451204815333
0.3140573463355072
0.18127602711617016
0.06717109946746792
0.4973231412203284
0.9429513307799916
0.9434962465378638
0.31555473569263265
0.36958260416978433
0.749398392388954
0.7553458443915675
0.4208203315348411
0.8461952188768911
0.11978313313785448
0.5859187519994169
0.872562836947933
0.8317009025903304
0.3837488092464632
0.5128489372317451
0.6821390249511468
0.9260213781421474
0.4069759580275429
0.04333743349857501
0.29833952069608727
0.6159838094466363
0.1862962367488045
0.8999787399847268
0.3417500807386507
0.10926360871977395
0.11543981225687446
0.44215493038186693
0.116570188456509
0.7238613336209123
0.6858997603741859
0.7382148747822807
0.009615547989756282
0.36562062074471646
0.5681587533068734
0.6684212832570879
0.33873704191363485
0.6366534850395316
0.7570198269231955
0.1511512990155956
0.27862642744070765
0.6158993216198091
0.16572860290387437
0.2579417418970446
0.46547723463032337
0.5878050300572922
0.765531051063723
0.3164182403621893
0.7163584390231927
0.5165531436722867
0.5315410778047147
0.6596679455266374
0.2231128773577995
0.014818865386716357
0.7594545122169014
0.4200863267379914
0.5200422958295519
0.786976581734316
0.764150103389865
0.8213101894073682
0.705240914269244
0.6539177780512138
0.9406397956278197
0.4118953864379367
0.5366858485561044
0.7608938989312504
0.49059208135422755
0.6274195427851939
0.38190841849959384
0.4039769628584803
0.5360514091044358
0.5904983347543264
0.38120202921968255
0.5286303447410464
0.658351350004386
0.42610239803600747
0.8345288699316717
0.3810606870022698
0.5132548349698519
0.24862858316525446
0.14946136701121013
0.01774614067126047
0.10089599876128831
0.19487472685248686
0.29510899749151914
0.8153522271317726
0.3145354529335988
0.35176706833754723
0.5977024718103053
0.31896746444082785
0.645755669194276
0.6365162127274816
0.3770832188107866
0.4820962710280802
0.6447697145603877
0.9058977094224526
0.4796212988232429
0.45040405526432387
0.7484634390130019
0.7771845941548042
0.5428397706000768
0.5900674015466212
0.3506631482906883
0.7961252376763239
0.6733591911893817
0.1050285007954104
0.1385023459053388
0.19130758015813534
0.8529083210883474
0.7489394590681641
0.7303095693619257
0.4932231343381575
0.1338388279199477
0.6980325139771193
0.3897238340102021
0.5502872857857626
0.06191378204453891
0.8621312415643558
0.49853913427263
0.7463448841140088
0.7230492772711274
0.22328870494123498
0.47794713555448
0.6860831309094003
0.28505095459973767
0.7475924310949242
0.7363999036768214
0.1540068412762744
0.31314238013808443
0.48499785675151574
0.8906130898295408
0.17019604861916965
0.30587411008813603
0.0825942517530892
0.334420216600271
0.5860938871880851
0.052447470530622424
0.46169408565142545
0.5185634988946357
0.8106282225419236
0.3484077481330203
0.47333924266977834
0.717423144446836
0.906188913206395
0.7042478432514834
0.6201126097196579
0.24011231355947105
0.5893284963328264
0.7717122208559495
0.7033686806949251
0.3391398991734424
0.5659762131946685
0.4509434938681596
0.33632571202560135
0.6405622113820277
0.676185185981379
0.2030597165762375
0.1612246447346066
0.7920085347323277
0.33105499766466917
0.49449278236923067
0.754956166515341
0.4321428896297735
0.4242516985587602
0.632340833627514
0.7659037132782718
0.5881527948337618
0.7752591338544984
0.8015772722056521
0.3624535636527158
0.8349387577398639
0.08707607361700813
0.3388149402496615
0.7181794392975545
0.34195212106749484
0.6794623171440806
0.10096220075098537
0.4908436201821363
0.3949473236996676
0.3027975485683241
0.7412867469881083
0.6433385756551097
0.590242822834839
0.15105779051256468
0.41589768476716094
0.8327726223744282
0.16768935842017213
0.4173074996150939
0.4499667887848495
0.3378737533970543
0.5062748308380006
0.3632686628491557
0.5711853527486123
0.8032815564350134
0.44854161764956485
0.24360280222669922
0.4590900077195995
0.2235531949592685
0.13925220984855877
0.5217743731206805
0.5367730118635861
0.15693682765617606
0.0778783131705815
0.3364090094297462
0.7356106444345293
0.8544503997146696
0.8237592828113333
0.37135646818327905
0.14252644219962585
0.7120331856498129
0.40509708378978543
0.8074618543705969
0.14339717878107394
0.44253278567298726
0.4909745559738567
0.6997155911458997
0.8408330130464301
0.6540513184514362
0.19441809195041274
0.04201251090597926
0.7207852369525898
0.3174146514666109
0.8086725535076722
0.16369273015851507
0.46310153453088104
0.4830376060865498
0.516520443045997
0.4527672861633387
0.5418961757536649
0.795225479632698
0.520650546033063
0.5653747923010155
0.13517636768541655
0.41810190943655
0.6768423881336596
0.8729252905248456
0.2742004101955915
0.5135340431646103
0.7378980404769607
0.4158431109582574
0.4469696187519372
0.6432429669321028
0.9294258244700031
0.566669692307261
0.5960345880875384
0.03761606122768352
0.8136300868050167
0.9311173715555381
0.48468290084510113
0.7181214063754547
0.3762261605449324
0.3776500842869223
0.4048959312441977
0.01359891455630293
0.5192392642232144
0.48840977889628556
0.7731113759384316
0.38561129382193393
0.7254622248551462
0.4939011669756437
0.274588965709172
0.7732024031652384
0.336676183762548
0.6425763574211596
0.44421979408755485
0.3849091596515731
0.6177866211489138
0.24538845966033332
0.08358482123923928
0.5135359479908838
0.30655232874000576
0.5278132741011016
0.738267437920378
0.7198698697752237
0.6137957316276768
0.9104480621715707
0.10035343448774449
0.15564371787216738
0.8469269282385928
0.3956370382329713
0.49655235150778865
0.358081127701159
0.06229761261500106
0.4494968366632283
0.08048809537031527
0.25485669134268757
0.24598407089091462
0.6060668972979503
0.13122416118606195
0.7296680768867477
0.47952777652912415
0.6818128374983125
0.5829283275368919
0.4502116902590949
0.6918813820738398
0.8515869532800371
0.8291034848961839
0.24825650372633135
0.5752423237652073
0.07303528319248918
0.23038882910842315
0.41041739767049323
0.19034312405670553
0.8362194498709303
0.3175902192291337
0.6256691634275987
0.34962782535500475
0.8862720224487135
0.42540787583705697
0.5527225649701394
0.7791411035477365
0.10654279897198343
0.15294088885050272
0.5013448663347432
0.8677924104258911
0.5899422043492505
0.3077326977897098
0.49152270739056375
0.08609698565248414
0.16848507008008828
0.743419849464386
0.36694423884660865
0.5333061848500195
0.40596203807657993
0.16363365509993136
0.43008832366565425
0.6956230823206712
0.3978877032367626
0.4689226159145053
0.5725783378947117
0.29512188632866426
0.8553668333273473
0.487286465298376
0.724939317148363
0.16917674996303017
0.16731530030974467
0.33402345373054054
0.20773536670259074
0.8662068880439607
0.4030219529607393
0.5988427170180771
0.529153072103507
0.06331537776332445
0.509777779292206
0.07765161371197515
0.6258971498389398
0.4833048205570688
0.9027735060633959
0.7002180927561265
0.9400684763153719
0.914749477216137
0.6012814107868331
0.8523085545828342
0.596610691165482
0.6816403777524301
0.7159279066302628
0.7304855114305776
0.44321317250563896
0.5603179175128606
0.6073747100737129
0.06082060166196341
0.3063649558952227
0.3854766005244178
0.2753076438939527
0.6433265400053065
0.9379889317604352
0.3377629292183827
0.9018105293531619
0.27454984380982755
0.3014502451197822
0.342210055791572
0.6398077327301812
0.7319069497319094
0.7028039729085073
0.8316264333326437
0.9098283466476946
0.22670812945599916
0.21104711220119213
0.5301754087372703
0.5938054489870185
0.4705492030200507
0.09264856032785665
0.16498623607659932
0.7376756095036305
0.7156850290263225
0.5877526216369524
0.6771017333256083
0.4585586253884617
0.23196086774506577
0.683226416962458
0.8338569437209774
0.5781399489441592
0.5599082708670259
0.619196905452504
0.07444731664959567
0.17284781181336242
0.6016646385106005
0.5326681755440513
0.8131948927259913
0.7944591491660296
0.5522701241013376
0.323918679841063
0.6994659577099168
0.7074895710837869
0.44391805022973363
0.5677925626826428
0.33334922381150334
0.7410126985783696
0.389172676419569
0.6404038570220886
0.6099666549758959
0.3227188270441566
0.021765915566118548
0.03685218165040052
0.5287759536004758
0.021230232532928946
0.7741489427955566
0.6541478262279968
0.781161746664201
0.14758401291909437
0.5712887375304582
0.8036039783121446
0.06977348504974193
0.35957575835248506
0.2739354562089844
0.33022488904454356
0.40609862904011546
0.7594816334850858
0.4579605473244281
0.8212082157268934
0.47097222618476725
0.37370718423716115
0.1876555327860459
0.5135168640081914
0.4676544843302536
0.1764326050664526
0.4987065578158932
0.7328790771516459
0.020068100751303053
0.6007032401432156
0.5595083479191864
0.41665980821690446
0.4255493004389601
0.43253491420784723
0.45558592289530614
0.4232796530918596
0.24291538339923754
0.4245271383784612
0.2625122946402444
0.09998748851435424
0.3247828508744202
0.4705262922800592
0.7920718226994992
0.5874418044353699
0.7700998085026229
0.11221697781646238
0.5266873419771807
0.5360321443564455
0.8768928107521442
0.8233284683096841
0.2926425151269022
0.25309135158254475
0.14203261626551492
0.29720841892889854
0.29860916913985935
0.09016892969553938
0.3046699013331062
0.5472514046906757
0.5030559538606084
0.5930498942904221
0.45149156709805194
0.6485363564421407
0.8053024275034579
0.34714504330466067
0.799293242048509
0.48951808295656446
0.06187414578391399
0.3882196957692091
0.11562865441814929
0.4075448468141931
0.5076917652436128
0.7721867710304978
0.542713119475194
0.5877194119811986
0.2619382101069348
0.19677068799152256
0.6711851413445588
0.8145260479277145
0.499474491145491
0.8209858557811971
0.9465022773498234
0.07510553966778824
0.11030083130067923
0.3235546726379261
0.6259946168112217
0.24668608543929435
0.42618162375870283
0.6023848413604455
0.5518644635901299
0.0820572842852489
0.625086535992585
0.6223023764825639
0.5202876610980373
0.145103259577404
0.10971304638746202
0.767498922244129
0.17830670054734107
0.33501246729835643
0.11078967254817929
0.18388754514467567
0.5437565064650318
0.6852291335975595
0.7183468257408602
0.9216266094781758
0.4937207963676965
0.6705817720829841
0.5140258336251821
0.5768075038234258
0.7487399643205599
0.4546292379538032
0.4869315376281702
0.8889941649842922
0.7800242171563962
0.3084295226601985
0.6980103675539039
0.6450071003424901
0.5047028665385578
0.7910401351019501
0.2902926487898244
0.5183602901785175
0.7397531432245155
0.2679163025387509
0.8175055541964039
0.7719697400576273
0.6045387309227751
0.7664027823124815
0.6882980745517321
0.7977173021421139
0.12835121439027444
0.3415806416102455
0.6906454771453893
0.3599752133538839
0.11871072251304872
0.2910244081835511
0.07088568347226047
0.03902200294482285
0.5231299233602983
0.2942251990275875
0.4382293426294395
0.8912758251391881
0.5241321576134239
0.9018019725466624
0.4868983210213595
0.30961557882961904
0.33673228104128794
0.4097826561229786
0.09218699303845988
0.18554991102284654
0.16827505711919427
0.30471443938123677
0.24422382206462254
0.0650678979262359
0.2518660330359633
0.17336333972806212
0.797569174252233
0.3398643692112467
0.13366277493348627
0.26734818151865847
0.6868037250357377
0.6373215722903207
0.7855397957020489
0.28743093053427526
0.8205697918529065
0.0005574475873589835
0.4041990278519082
0.6049621274574418
0.4354420101847699
0.09262767665765534
0.040702677620196165
0.22651193655110702
0.4471021860631871
0.13300341526322865
0.3910208650972469
0.743456983228618
0.6653976547430693
0.3034520450162456
0.8294972541125185
0.7242031369296581
0.34653518968335123
0.6587350999955318
0.5771799879475151
0.751935799265267
0.2322644729524006
0.5802558365993294
0.7665485792031779
0.5620449992220737
0.8311635508933959
0.8074353545870347
0.20108208290410418
0.7883677914991009
0.50333734291248
0.3256267022973849
0.12393730473084427
0.8251190072618005
0.47496896057093985
0.4905943418265709
0.6016723191344308
0.329702257277843
0.26215178628990743
0.9030214195503184
0.197862606284144
0.6238497847138833
0.32975673083459955
0.6345646838455833
0.7215287983087681
0.8539500091791605
0.06300509517437208
0.08958952636331041
0.2412462121348244
0.19905130645712438
0.4892386021507509
0.2995543848946908
0.4456027545924314
0.589696541848849
0.11171057730789431
0.5922678685816662
0.7608091344669815
0.5105019684409835
0.4835248511731436
0.027727641348595306
0.5258089426228231
0.8373872413882817
0.5473916018272875
0.4430318261771231
0.6787916054454363
0.8041316615145273
0.1531330233371714
0.6955262559444749
0.3311804594592186
0.5488386589588854
0.7928891532170294
0.6840630965682795
0.07881674560649624
0.05018336966849736
0.5041911910852555
0.6642554739213393
0.7076141256490227
0.3301566311352132
0.6789012324031384
0.38855176225306465
0.7618441563478701
0.2523070533803224
0.5630642249048299
0.13029716691779544
0.3074900013920735
0.5389539380053244
0.4938710137848377
0.08800714885074438
0.7573468950870691
0.7097867525264823
0.07888757296250204
0.696573409286543
0.7170869000670336
0.28486136519500627
0.4234328804226827
0.16840901610838194
0.7788760554537174
0.4769437438709545
0.11317912684336764
0.17414975649939965
0.6018132746862299
0.6492162258669559
0.8130667808579329
0.3951918070121875
0.4647157000845971
0.2365118324003274
0.22801535039365067
0.7227387188489536
0.49148772535566954
0.6816353502883418
0.17464209729906702
0.32452995275792823
0.7313387419044332
0.6564494288985684
0.4858283865261709
0.48602423916661247
0.7378194224665018
0.7986823855007011
0.528805512521397
0.7967753565567791
0.6262955898377793
0.23093513525344755
0.11611964443432769
0.48709284312344625
0.025719349209340027
0.535418909444594
0.532438977968791
0.277146404320712
0.4545331800310958
0.40101077691091563
0.8467006704838556
0.7801517796419264
0.31291936722097097
0.6394245811307727
0.7401215044561327
0.1486876474012417
0.699765241399119
0.6111209734682145
0.0732507715190753
0.41571793846850497
0.34554685367900195
0.4719454943639565
0.5383138662277974
0.6288126946727153
0.5635203897990771
0.5258893023698203
0.4880291085272631
0.5428687360506139
0.48061654878008614
0.3801374159099894
0.6762587149328868
0.7711264999672669
0.05368958491382489
0.35558444585209675
0.6014975772615684
0.2763464299045375
0.8929972233052441
0.4588674051023453
0.6662046886287407
0.5636264567389082
0.035727156806811086
0.5388661398249972
0.4473289197297706
0.598397223866643
0.04425838907253413
0.577324571990396
0.1848903623073356
0.5824220115443685
0.3205224675670554
0.2897864641606204
0.4494852373244981
0.3606028427048205
0.10396078371466182
0.10070750475416528
0.41933121685597974
0.10366989069516389
0.17480059183303287
0.3401372023922483
0.5501010181137579
0.8401798855273372
0.6925027793140398
0.023833133360933765
0.3416683698947713
0.7431554991693184
0.4887796578670788
0.6486451302289349
0.755193196779452
0.7511945746898515
0.721363408306637
0.5127815903048816
0.1868057493048183
0.23310357124892017
0.19542814725023067
0.5521663047866843
0.4650970217961646
0.42143370907021155
0.523671926940479
0.7506921564834894
0.41464327671428935
0.44102421133251896
0.25877736633294596
0.7561397512883894
0.6061193708193859
0.47130339659822945
0.3187605183538512
0.03943354131452645
0.37639221352484636
0.36744564652461825
0.3208487224813651
0.2658106983238294
0.7420445096701623
0.3017115605200461
0.5020995300307245
0.9164802736745545
0.4330747856655781
0.7375848553031027
0.7968332370573121
0.3471203030513101
0.3159807552388111
0.6103777451753691
0.0231797993558338
0.4410201356516524
0.15297150564496168
0.369199084933255
0.9241241094789232
0.534379747865733
0.6403533389087503
0.7676205488383165
0.5205987300952527
0.5698480761543254
0.7985098406456521
0.47935978757389236
0.41670199027125765
0.9501571670365936
0.41123505000499544
0.7164785466772182
0.5549821980700421
0.9296463668683341
0.18764941094109522
0.39705513580290436
0.48229661764914233
0.7091859571385941
0.37186312388022724
0.6382461978056877
0.22730649281001503
0.9518484328158728
0.5977065137044396
0.5581116954293954
0.7805626946571576
0.45316070999920793
0.851173268505168
0.1290856236144843
0.5579606522245151
0.07680185904161949
0.0023421200945343357
0.799886944519756
0.5442691997379765
0.5993485506527416
0.5128699344497182
0.5948228550677768
0.3666533174921453
0.8963715619412709
0.5182199010144412
0.4671648593699418
0.509936910876285
0.38841774186099387
0.5143138493736263
0.6364055332432814
0.17983390614041483
0.2725569720377479
0.703815154190925
0.8671006847386782
0.17870794891503383
0.5746099641355389
0.4174314524717833
0.6026343759712643
0.16644262261787612
0.6886521384439958
0.49622450364993465
0.07218581765321934
0.4429328529356753
0.8021186125555796
0.6083370763869457
0.3262441492065684
0.41426187836253114
0.8593980332929821
0.17413230724050566
0.7350607683864984
0.27305891644237507
0.6680276762462658
0.5128805802361409
0.2181062034422295
0.2795978062110814
0.5723196061093088
0.2876153196154218
0.6186165172080726
0.17702410215923364
0.3542085449457807
0.6054373995664815
0.8438317969573332
0.8081690958502992
0.4107088654909549
0.5397451733919516
0.18691915708962373
0.8572075874001848
0.8109243465106779
0.7128497611038105
0.5458301367033672
0.4206560485229482
0.8705721958950917
0.8381966089141947
0.6252654102245064
0.6279446210639142
0.31176624708271794
0.43281581691833165
0.3800209398982915
0.262764439979115
0.4117456697634524
0.8579120638625634
0.7980729297488227
0.9301016647753229
0.17909794512073876
0.640561835792312
0.651824967759642
0.645397409041037
0.3917128116674917
0.5457032887058857
0.926300031017836
0.3302633347841342
0.07208352313986598
0.2167078717681486
0.22936045932410057
0.7479896884260985
0.7707624046943591
0.47476267953571843
0.3308500512916062
0.35500790211726396
0.5801494877475286
0.08174607618532191
0.8611189108765956
0.8855887358061886
0.1327229347446013
0.7471942302554961
0.5694765151007732
0.10228602551471795
0.440005867915265
0.8598374292363966
0.8758567718688239
0.32977842693537407
0.46586967376129124
0.44608870445389387
0.4202417737907083
0.38754601651232196
0.28799807162821006
0.7231747416815626
0.42799240081649587
0.6764641998280946
0.2739354562089844
0.4572439459196882
0.29684062587121707
0.5734769289436787
0.6626770626892375
0.2782521748132271
0.09041286805036268
0.490937217128928
0.4093781028574519
0.8174284825925574
0.7760442558150997
0.48067054148677624
0.6440229346039785
0.3599798195416158
0.717622701042764
0.4356777579248568
0.2511754318080434
0.8315136510756767
0.6150979604962779
0.860009971383755
0.5168903912443165
0.85639136835343
0.3688970187325325
0.5096874162271398
0.7855888436743
0.28818232135431276
0.791612219828532
0.6737034803733322
0.8596415037265605
0.3147633839146038
0.6319571938526065
0.920250726814235
0.399470944345076
0.5088801701905438
0.4321000160198438
0.06389042181160223
0.3097900491913675
0.739656476117766
0.5449465662884567
0.3520751794204763
0.40757983023609207
0.18651422445973942
0.24280282321482352
0.7904349788384888
0.7675939717283061
0.08494248546382685
0.4644187555911437
0.7845102090560956
0.11216030083678992
0.4882977131641467
0.5775335316165746
0.7784633518964613
0.8394252029438648
0.5383139335088195
0.7200865507963553
0.4402583162209634
0.7361721361624203
0.6828419031610022
0.6445676840531621
0.03960813957547678
0.6691113166828604
0.2368380431984836
0.8379316314794016
0.5959454737252596
0.29703319313201804
0.3444385404545732
0.6177435180143369
0.6357345034581151
0.5033412728129781
0.2751002679259065
0.13839321257259551
0.6391690264890676
0.6134092814770912
0.6463376840334736
0.2819841516289103
0.2628061674773635
0.19140737297236915
0.4314162677191214
0.6937451385473145
0.8437953208312515
0.5461775615742347
0.9059786171011581
0.013312389446465988
0.2759172168161084
0.7121202392280297
0.3265844544628921
0.6745463189664493
0.7203429480437025
0.9520415843977474
0.5014389908144684
0.25542808127798045
0.7441327376006448
0.33159747362728914
0.7364436289912722
0.5359673428472093
0.10799837709003286
0.3256982198832468
0.423034712912363
0.6992342874929646
0.38427217162131844
0.4575136521081482
0.32879271456698295
0.4385127259883185
0.11230935194443095
0.4037845163039775
0.591284741908127
0.4282865063383387
0.23757896620112576
0.1802920268794983
0.3554599522390604
0.4734380726678556
0.7293840375709767
0.5155149764305742
0.40271609886381327
0.538274031760058
0.4136061274656775
0.7439952503753516
0.6088993926539394
0.25629837066781586
0.6478227852220253
0.5349157245799172
0.7767891594110355
0.4505051894002515
0.06810554971542634
0.6762977681941755
0.5135067256247337
0.8658511686760333
0.25285775364340496
0.16745930934650344
0.8605462316789185
0.7573372743679531
0.47862922519871764
0.28877278485924346
0.4980298509041511
0.08676244374186838
0.10958800597202889
0.1901613162555616
0.43102229492117755
0.18872692086395854
0.238034623613911
0.7538532547220799
0.4890923493846001
0.7480950846460558
0.6661269646532453
0.41384359889572175
0.7386925741468722
0.7117134064978798
0.8534721773293348
0.6731249453337302
0.882223744143334
0.1298211330881919
0.32380159298971367
0.5388445918524147
0.4855970988195394
0.620935477550753
0.28308546573813315
0.017947635367993674
0.7693489893370739
0.644643189596067
0.6662620599250934
0.4901197270646305
0.37005503916221416
0.8269098985132723
0.8446205437442926
0.6939492592448921
0.3591680780003297
0.8174519565627038
0.2845963108642839
0.21840176646331128
0.2821493848954974
0.06033991339516257
0.3300545828836174
0.8929660404524211
0.8919773448318019
0.786202309482449
0.8106231197496735
0.11684101526202743
0.03695036754980048
0.34114022498968255
0.7731630234159251
0.2912022171021929
0.2601632663846143
0.6332869757576625
0.718056222751588
0.44976874606159345
0.6174521809237343
0.0811394947601681
0.07408162710951488
0.10875431467385359
0.24472105958751345
0.3866130109665664
0.28275451413140895
0.8936243648068213
0.5773303913763442
0.5166229944497276
0.7240847162707095
0.8332965260764179
0.694160304221882
0.26100519819616125
0.5360446047322308
0.11161688263505218
0.6782291668081153
0.5720300301198649
0.7248282987393821
0.18555028163336823
0.17086590178182795
0.522034299656315
0.39625089615568015
0.24290324399703372
0.3786529095443505
0.7117353004159466
0.036082537896743344
0.615144386740192
0.7916189793213912
0.2135941251649647
0.939534282363763
0.787001789426806
0.6582818924662694
0.8421622551878281
0.3678669020184354
0.15601430440522945
0.3585750505372421
0.2772414375680548
0.7605193466285664
0.39009416573664774
0.7648822037192269
0.44501569940708996
0.053685231873081586
0.6886521384439958
0.15104576360067112
0.536660549525324
0.6732049225172926
0.40734743181063165
0.09090405879084576
0.48378635569632417
0.4799088632973096
0.6485872108569816
0.8967928495620449
0.37582739196113724
0.34117348943294834
0.39532981760446256
0.5230787727029151
0.075017304197649
0.4559493628119946
0.6760904417842031
0.8927317528673734
0.3344058244307999
0.5607466165467486
0.45487979353243463
0.4905156170431341
0.13501684094416638
0.23940394259396067
0.6507709445540418
0.40215297466484395
0.2997299235809404
0.8788248053218888
0.44889906409838265
0.9189418395645244
0.18110379080283653
0.5044531436765881
0.1357015515316834
0.5621562579992639
0.2621833371638798
0.3861166497141334
0.5229770898054448
0.5308278236950259
0.0014952825680256004
0.3658637650900981
0.37857348499580606
0.6664235271405551
0.8887394051870628
0.8997633425512442
0.5794512580385304
0.7270702170401935
0.4217872718399988
0.13354711580873807
0.5305793132981323
0.1892262083669879
0.7982458299712297
0.1882337912496411
0.5670919416656118
0.911508780331768
0.8863000098671711
0.8957859957438499
0.33285030087341905
0.8889220391200172
0.2676469565203297
0.19633122234977796
0.42514485605021296
0.6809618714767968
0.8380024936334707
0.7299875562280923
0.41011991847422474
0.07134104935038299
0.1074524522572929
0.08631539190084081
0.2988064688154432
0.4883502090442136
0.8882913523440256
0.592779797970052
0.25202011373749106
0.22792316103461646
0.5794568746257984
0.8674656498515658
0.27217223598323004
0.09086143376233224
0.7495787641099533
0.560965396261743
0.6055160253447545
0.5181653903519674
0.771391358723558
0.4838542237334287
0.5659323350898825
0.29341815313087904
0.42873533850534845
0.15063035556428117
0.39844107220217234
0.7883766600398987
0.5191079404686381
0.642938459123231
0.47168022098978135
0.513099246872222
0.2751002679259065
0.3251434081203548
0.5297243233396977
0.5039830818835628
0.6667265765945555
0.6048329858443512
0.8023806078597296
0.24987666960209695
0.670878368071751
0.2692691899531106
0.8048410724853539
0.20852425931056243
0.2937298784455917
0.14390723881527862
0.6757592309425348
0.846239605807932
0.08570186636171823
0.33271815346148903
0.6870081790538303
0.4272404414647396
0.3856849108762519
0.2188704031309076
0.7021873738242574
0.35480055558793006
0.32180312843480385
0.9030038533754557
0.45475283201113925
0.32007024461953887
0.5628816498869146
0.29316657643195054
0.06172229378537213
0.47639376652025445
0.7775423610072189
0.6126282282106701
0.8095183568484708
0.39546633074653437
0.5979630204447517
0.49991714274715576
0.33895162707392595
0.19123530219074777
0.8869657576441887
0.1800974897722292
0.40819811997983274
0.6381785649709331
0.7073849526618735
0.7371785178326515
0.002291815245817612
0.664979885518127
0.725182663708467
0.35317716454561726
0.5891447048221504
0.8720626200250461
0.19662332255351458
0.47175668451113717
0.4342784613774787
0.6869567738891917
0.05349789883334959
0.3517493678722184
0.7287872059446977
0.10366462500119603
0.7311380453338913
0.714647522858469
0.434451616421085
0.5879210544783162
0.7789603200033902
0.6241271709475679
0.8957374108921945
0.2873102014088012
0.26737393643587276
0.04066201936204077
0.6276505021283113
0.7413184574053214
0.2906837836823754
0.2965330083572388
0.557105763509626
0.7550564054966501
0.12816395632732544
0.01963644889650813
0.0130887910097059
0.3584523871409094
0.34607415192682073
0.5154096833279898
0.7023247707955719
0.11999752065489974
0.6712213527819593
0.13357486547395667
0.5142651902527632
0.740314902204453
0.6335274535728167
0.8096592316439947
0.6085872019381549
0.8907296659553765
0.07494581617408778
0.09755560415133537
0.7877570178546648
0.3990168658083426
0.20212902614336134
0.6674796268938415
0.4859663058153056
0.7719396962502761
0.6632212724299176
0.3660851068902505
0.34515551615540657
0.39949715530176266
0.4966951225131983
0.25642691248561156
0.5963584181725823
0.5310219920628083
0.36118563081805993
0.6381041047260684
0.8926481738410058
0.1075976406788048
0.8784770375231444
0.5587562834300538
0.7379136523117404
0.44316072703432313
0.9713332761040099
0.569619848289558
0.4688631022200302
0.013671399934983198
0.4236018430468593
0.555717275088659
0.25712600340683395
0.7799546345308909
0.8036818517741919
0.7269069313629115
0.5451249795352836
0.3355452589020873
0.3623502956380772
0.4066498453145624
0.5656939463264916
0.07881674560649624
0.0672116403360235
0.6867538580641124
0.44529047704941377
0.7150552368387704
0.6555450877144002
0.49927787370108007
0.9157578997938394
0.24073159821135046
0.626216563021857
0.8224196429370179
0.22863052797883196
0.8330004144123867
0.545834868370833
0.7977794148962202
0.7544109343114197
0.38786174824823144
0.6072045473811748
0.10640746688873236
0.03730365593632806
0.818487427547286
0.4734483217327086
0.6310902555050066
0.6068582942104201
0.38021280570890276
0.18499844246040725
0.18806931645065916
0.48981782389336287
0.6577297343516151
0.013785565004045028
0.20915914693836077
0.6262320386148348
0.25835910922961963
0.8021848643286474
0.25904154598279955
0.19026495691691242
0.2196221747074783
0.462916756169899
0.6516130200965662
0.02206840317009656
0.42111431115488834
0.2503222282487293
0.4596549812277971
0.011636787602383803
0.07060302389681843
0.7458344578480338
0.8431608406755458
0.7091641715064403
0.8817951996492086
0.4974233370031976
0.3889405461084835
0.3312352181122716
0.895862800214645
0.9359672709311628
0.901140876651371
0.32265855791658593
0.29052552981817586
0.6919101440472201
0.09727604998344189
0.9148153643183824
0.2800334085779823
0.1805786658788991
0.3626553077220024
0.238325404160474
0.7612204588017705
0.5526660102570483
0.6387182946467315
0.8411472926010646
0.1483592977743077
0.8125354712335107
0.5262271587788593
0.14709367509944962
0.7770313088554455
0.9355055244884022
0.671919535502255
0.7464757980770855
0.46759312632205763
0.10749515269387899
0.6024010307439951
0.16493109858125216
0.9035144993051862
0.07391649674723583
0.33304963740301424
0.20652688713503103
0.4189689578436416
0.4779997803213931
0.20143136114001825
0.8237655056885721
0.2814752620835904
0.855163953859872
0.4462551479697679
0.04988499312903134
0.5472859459258251
0.4217735925204822
0.6260034705980007
0.28885591825738066
0.2721100884413793
0.01377013778028185
0.5880764849466622
0.4930621534350879
0.34443165529888087
0.49977988850613336
0.26579865619493115
0.4312166025606024
0.21240436018498504
0.17821229615070228
0.3757720962980217
0.3253221301130395
0.4380500053476701
0.8392222188369993
0.4610456009594166
0.5936191331781028
0.6965790031645537
0.6379622089011444
0.5669515772533245
0.3659318687064953
0.7060651234840388
0.5533486217814856
0.6907983912405693
0.16628800337311694
0.21660235204087577
0.29788205276414886
0.43356275436077724
0.6575944962732815
0.6026942366451311
0.4549446203746896
0.49877538192168636
0.1541138211747458
0.4433307370633004
0.5852490782883591
0.5619714769232149
0.17533074026406587
0.2078514231003774
0.8112828064811739
0.25586349527381125
0.46903010413931656
0.9507560127346943
0.17011769776812719
0.4132671848621768
0.590432569472573
0.533194711237158
0.5649776635632032
0.22531724662278962
0.5760439006231058
0.3259542312941625
0.7606017415463079
0.05999486282668307
0.712708645656932
0.36342543686381223
0.6980750084693413
0.2708812515531792
0.6570329995026571
0.3214563589523235
0.42353917258616797
0.868991118991336
0.29023359628572487
0.8312092605668231
0.7302008141344128
0.4596239726265153
0.2516581838986813
0.9195423647358179
0.12491239496274588
0.057820642204823296
0.6653649783902614
0.4496967905821693
0.4770086733464168
0.5065538740220262
0.39110195978615575
0.8386689855300059
0.5229050315394802
0.19195044439274608
0.4744651788503886
0.2338251275790493
0.3156025209667806
0.30983652853279764
0.6765687980532995
0.18100681256583886
0.9485279264121373
0.07065671756051385
0.3049921757045597
0.3975202100854327
0.5052991205595072
0.4025837829801841
0.08058269398343124
0.6259906071537507
0.5096433598929454
0.9147655851276497
0.07515202557361626
0.2668715944065527
0.5761930632271528
0.4022411033849633
0.395007569749138
0.6734713887500772
0.29306580451372494
0.5459146485583961
0.4962648606887648
0.4683687647458503
0.32092344403012113
0.4034851563911225
0.21661677067517046
0.09889612083745365
0.6542169568798925
0.8187786322423739
0.8028986387486511
0.13143715892236524
0.5980044583206837
0.4798733235721733
0.5883474980133482
0.6663757277333957
0.19900024949544176
0.31209402863006475
0.4267167854927754
0.1404413942549099
0.881467491653297
0.8330566371206691
0.6077312599132172
0.7198926551210153
0.5993822020510494
0.30644255001269227
0.35695226829314913
0.8833139283109399
0.3524597595492091
0.2237437176985418
0.7479588390763573
0.43582589536690525
0.1402538209938512
0.5929493542859581
0.3363232820746791
0.36269559513345934
0.34617833862879166
0.7405075658677182
0.7248298765052693
0.7140326468421804
0.826799138675221
0.7100020354073177
0.676959535500123
0.8633788338151894
0.32902686533511905
0.6010767716604205
0.6308335317246405
0.4613631534031998
0.6495460676461147
0.6080509414164809
0.812678890590296
0.35346776008379127
0.5991850325355826
0.8164536246673346
0.4080338056686039
0.061105268716654317
0.16374306265133529
0.4226942166806371
0.6010130350534912
0.5661604269723092
0.5278817712887677
0.4659612387410497
0.6534061128463643
0.6514885520147045
0.22962643030943514
0.1305822238219212
0.5638522062222013
0.5098577873085279
0.4888588242287047
0.43953384319744143
0.12746568770751182
0.8485981305210671
0.7747479887935769
0.7907862895665786
0.03069823280185427
0.2775650613111256
0.26950935385828456
