0.528440465129675
0.52837032898941
0.47918115489329843
0.1498421617951158
0.30369965934379023
0.8935397692818324
0.48003832787915435
0.38924987993884913
0.4494575109859821
0.6925978519394901
0.8440043390815019
0.4874575131005187
0.4084699425455761
0.2794110349739734
0.14904357782905103
0.2888995085001262
0.24461904122265293
0.7954238016592952
0.08966260456298361
0.028504337454065425
0.4402582374026887
0.6735000943854307
0.2882842089170183
0.13367822243414076
0.30600123282654307
0.9035412324656439
0.2039534891278203
0.4288931577608263
0.5632532974465762
0.6190038604727369
0.30235299118963277
0.848972886570694
0.45224282582693576
0.20578264230153415
0.8437076457407442
0.536275281071632
0.0828600494161576
0.8613561082692256
0.18110567925760215
0.2420170086644981
0.9078859963378217
0.2034219353950866
0.5659188424589469
0.579992220716514
0.7977815500418463
0.7926308968577437
0.3547378925470015
0.8963426948645202
0.8978748269895053
0.17901658229550568
0.17717263004416522
0.5111133528528686
0.9351081910028001
0.7139924812615315
0.86710965970375
0.17135432874848658
0.27953039576864824
0.7068859700422272
0.6575286820452373
0.4439692940846726
0.17240283966757125
0.4102470114369704
0.8869037284567967
0.7180455360756854
0.7273256384208356
0.22457807541143435
0.3300333009906827
0.7965147234416251
0.4168898576726637
0.20159478985077314
0.29076952167318043
0.5676072169673545
0.026947231747327986
0.4881735375766507
0.9052880015470403
0.5550354547040088
0.4417549061955879
0.9243757077480182
0.78586196428847
0.4876016522020157
0.9141093871973935
0.49681637322082195
0.703776812284015
0.4916122276385198
0.23785528280319257
0.7191148707169077
0.10016531037364149
0.2074338575078279
0.4217002185419826
0.6934805931287151
0.1338064379635944
0.4904756044617092
0.4390603161837661
0.4165068411533708
0.7788145064836308
0.9055193933335073
0.3200063316594204
0.26422713567580314
0.3934009279785781
0.3103219223664673
0.015500773953346796
0.20924216302584914
0.09225008757857225
0.5633102403391699
0.0846450606176
0.7659718564308421
0.2920033490978838
0.4944548040167789
0.4752966692536796
0.8672742630625033
0.7346069442858705
0.69788694890646
0.5674161077274438
0.34151963724474427
0.31749575446055917
0.33574364262989465
0.4651514672501473
0.08575088578344023
0.6804993349884166
0.04478864865536376
0.40084185094443553
0.38489881094867995
0.8968836915498214
0.5673672557570503
0.35489255189967017
0.4688160167220873
0.2568620837710221
0.5651007533115312
0.13907634586936823
0.7791939811114272
0.36217768518992416
0.49139279810754727
0.5379302602007072
0.665929261851471
0.11909600761627841
0.8671477816741272
0.3707817796506473
0.20274914262433616
0.7148020894368976
0.2899457345018271
0.6552074588361818
0.6999477792042418
0.8713789442579033
0.4454205006904743
0.30706581179034187
0.8533778303787359
0.6023090594797821
0.4021936058740912
0.13268805820781546
0.5877713257302163
0.7754678448534983
0.26423201582747474
0.3962289135599164
0.8622568153359456
0.27405811734177626
0.434425837349442
0.22552068435390624
0.5140101297821643
0.30860964882502284
0.21270832000717654
0.41616184216584173
0.08303929856590114
0.2996545278187852
0.7741213928973649
0.3349119120089213
0.42569575398743853
0.5017780420792312
0.6210023435338313
0.03579819022763917
0.565332109696376
0.48045855657306685
0.5738419240374791
0.6175261498548263
0.39062593818303776
0.814190680620801
0.49467200088661206
0.6140743498178127
0.3272431214946956
0.6333351443262376
0.9252812225404781
0.2608060086445721
0.416221453084113
0.43395220669154894
0.6969820325447157
0.3704027797500628
0.7798231049856764
0.42096533870609604
0.7357483258137578
0.8937620701276627
0.2991842056784031
0.5022585765532377
0.1571608206727522
0.0985113243594245
0.09809190620714663
0.5326112559634077
0.6108614999001661
0.17224381554560228
0.15232330413487546
0.39088359143861723
0.5349963105367157
0.16910554444632728
0.619828353156385
0.9092781896969978
0.4337083224842814
0.6368116474319664
0.7700693882561698
0.2249100697036089
0.3714581390128371
0.24528947841934703
0.3402842515840771
0.2869354515347318
0.834818830704876
0.7063775247398341
0.29619911662948334
0.9183488107036222
0.46290322536911976
0.295567593228413
0.14058109796453547
0.35626732834545727
0.8156586317152564
0.85548185045522
0.6109466765772087
0.32802191098988515
0.4788474832148968
0.5846394059020641
0.6063831996557038
0.1924127477678377
0.41333734865894134
0.1508541418351482
0.9123480353032104
0.7043008945143711
0.7242450384658238
0.8213734333469542
0.49033262766549285
0.8074970181137349
0.41518319664548353
0.6897190749436484
0.013255530797427464
0.170608198904908
0.3229319457644191
0.6730671555040375
0.47008546942102664
0.6617467922824644
0.14039334763037573
0.007158907684611209
0.8464300217167774
0.6246353814753245
0.09572946284263642
0.5209359224942843
0.5959507179704837
0.45784639451036774
0.835451830537995
0.0899484370719297
0.5420465656642756
0.16471490362269584
0.7157709518769407
0.3194328418966086
0.12506120792138703
0.6506835906263599
0.8364640200023511
0.32839930526559125
0.29531951081453295
0.2779489221487448
0.8327929451544855
0.7200789820773398
0.597202415011189
0.8259147545573018
0.07190967337015099
0.14963101288999464
0.15458726318381072
0.3530474525897447
0.7998742217409953
0.4189806492431261
0.45400369635647014
0.14492065203054447
0.8925341330741535
0.2351851663357075
0.449925173111806
0.31421400064306687
0.5450690127857627
0.31806334292117633
0.6562960232566689
0.5940747298243971
0.31043981529166353
0.8430071590993942
0.49034205445522144
0.496769177074855
0.47665091604080506
0.3101702472977976
0.7710523204034972
0.7746730879924667
0.7198471170608772
0.4936795787009776
0.7575156717898193
0.6655568579810451
0.35055201820595744
0.13860309189220002
0.20580312444810908
0.44781384988932565
0.8777656847507429
0.889830562685813
0.6131160654776825
0.7348832695538617
0.5162386117634196
0.8659035558567701
0.20100617575723073
0.39881637009943954
0.23089336005783073
0.702270242787695
0.07068863933758285
0.01714777019703108
0.36449718995098346
0.194508014696813
0.28940390194940335
0.42626271484895456
0.3676830370937182
0.5607868847005544
0.24907553546192449
0.5733014653520992
0.7077131196673444
0.17636265964187026
0.4957107344579536
0.34124701175296357
0.673095280746652
0.173464871029292
0.9205619479400606
0.15188015144673453
0.2052137194091789
0.47126349594861694
0.25077294442496456
0.13250541366559804
0.5807357717592282
0.8262289059231468
0.47872165372258507
0.379740795798607
0.569400836907166
0.48216487856757656
0.619552896999109
0.737583924644157
0.24039404692125912
0.5590424753654998
0.7585910969669415
0.5564866842056607
0.2650138820433472
0.4045640725538256
0.30296258752681404
0.5928908665249689
0.9073678901139757
0.3904677523453348
0.4033339011395723
0.8200178899696934
0.6379208210995627
0.27897001631243473
0.4623163818863678
0.48777228504350467
0.36910997353832603
0.49830380874449115
0.5280633009382064
0.5694358174590981
0.7591471128721281
0.8332039491984372
0.5723017814988017
0.3612772730746418
0.4602411378607434
0.702984587256339
0.8832809116640299
0.41188933538397565
0.3533111797938678
0.7171519496073836
0.6731525000620837
0.5454950025849278
0.6169604390541459
0.3453886315383225
0.5470343286027352
0.041550019851654414
0.3239745629270143
0.05484081619827698
0.7718361729748069
0.49843799257371113
0.1896647899630047
0.783234479605706
0.47324322301511723
0.7185392573867847
0.9134686641209696
0.139947732355184
0.08649065384281743
0.5564178925742921
0.483887896291354
0.3330851485789999
0.5853088949698113
0.6546898332697628
0.05508179722900907
0.3846157921565919
0.951983883530474
0.20517060948244648
0.7355108527339701
0.6985712626114253
0.8883833519631112
0.19703057927030176
0.4411208329537134
0.3883382784957407
0.3580548423664195
0.7482472286132257
0.6314127046674249
0.10164704421068156
0.6107273249032749
0.4705286663311641
0.07370930442389077
0.4378293981340614
0.4269752396988962
0.4819762995540404
0.4584210940927382
0.05722688753485786
0.2968951693725362
0.8752695105162739
0.8857456857232059
0.8074521802429473
0.0194996315030793
0.6307685257995362
0.02702096031313636
0.5461592552302175
0.8005200260324138
0.8128526907623603
0.7631739597938125
0.31896664459864443
0.08053448394829009
0.8077391284855672
0.6951204860149368
0.4542752944000252
0.37931550142946213
0.2905267439622621
0.6100272543041129
0.49186203559178227
0.7155595821356805
0.15983870132832462
0.23843097937388633
0.25905464514542165
0.8724455703827101
0.34429874394663124
0.3919328040079813
0.5478072027577581
0.2060866822163284
0.33328286032898263
0.309843131024783
0.23763599440361807
0.8546575401703767
0.15540371090807745
0.24183446114271906
0.7947444358213149
0.6465127915622642
0.9125297217557817
0.7545312557638959
0.5276778543582894
0.6170622157399274
0.8889778540463891
0.08455155556781634
0.5152621257816979
0.3346414655330281
0.7342602702315066
0.43213652045691725
0.108058378491712
0.34706120763704723
0.6992534177607745
0.27002420632714974
0.9009365575042989
0.5217489526802642
0.35149890571858816
0.13280582269903946
0.42577702528045386
0.6926163794525547
0.6966646613680442
0.4604885405290042
0.7779667538332067
0.6441075620809259
0.7631199531765045
0.5280903228712451
0.7887838439262936
0.29684394684951404
0.6997112905330638
0.7161498428239346
0.7200169731431058
0.7560040089748085
0.6315834929180327
0.5139766722764697
0.3844991068522948
0.7418142508060154
0.5439453433697626
0.7706893600121858
0.4203280433459725
0.3602291176011173
0.4665563714211686
0.5955707736094253
0.47848393431523334
0.7374970020683164
0.3264519282451353
0.3715570982771598
0.07422768595901626
0.2239971420002205
0.6687147834005513
0.7992049559165483
0.25400620949306285
0.761275958573906
0.2122301348236443
0.23257707854787554
0.6226711877993537
0.7252451708075903
0.6179999518038087
0.13441427972597486
0.44579322984019143
0.05561255159302825
0.23595438278651032
0.8166215065222224
0.5616547466213532
0.8815416595144032
0.7294254031265645
0.42024667434347696
0.26921645185046855
0.8706294489540678
0.41465501461142884
0.8483168024998071
0.522325636295603
0.6776738835816946
0.23270363575499436
0.558429103101671
0.6814781723476707
0.6117043243286912
0.3431289573833685
0.23906678478833504
0.8260865997977886
0.6453980401057421
0.8760794717757201
0.2263386910627646
0.526218138747308
0.2776954744983215
0.7887464148031572
0.2074338575078279
0.6334786260338509
0.4321187995909417
0.3211562000935039
0.18234153501518563
0.5416418999715126
0.8455891392568223
0.20644978464841848
0.6556169677536692
0.23026928892883977
0.031646601168178835
0.48450065855121915
0.14343562811138777
0.42062647201621
0.7081990788369655
0.07734499822651958
0.47938140938700474
0.6579066459486936
0.5448721756130425
0.5516057121908187
0.21173063249955326
0.10208972482141992
0.24597065010638566
0.42102480380497076
0.6864367395037936
0.10450458166302573
0.5351920320437551
0.6380825095275827
0.42798628698547786
0.15388530943862577
0.7403578137091184
0.4555261721274864
0.4411423996542124
0.5913029652386128
0.6232688787978715
0.8849579962507271
0.49908042145642184
0.7802334579862701
0.5039171501360914
0.3615444358442116
0.4199662118010109
0.4159652122234578
0.5881234003660183
0.8711467000477782
0.7376851162730774
0.6379790796256577
0.4130759270847838
0.4792998021121891
0.32924195725623845
0.3545948756598757
0.8282800617867201
0.07065775464043733
0.4352373147782323
0.5588528695250419
0.6057941791728428
0.8830642794125524
0.7799989533713163
0.44984445400474343
0.49578188751272995
0.550382190299166
0.5870678911510601
0.6368605058153023
0.31553949316499424
0.6662117843781813
0.1643593504315377
0.13007141717911988
0.9039803546925962
0.44733168384763566
0.8396400338784639
0.8848480769739856
0.22812943164270422
0.3676979846901332
0.5023709426709329
0.18084091059619978
0.6475872951171053
0.5959847048526054
0.9016655251106818
0.865429236292376
0.9316668025083075
0.8583222338641585
0.33880734020223624
0.35505158916245894
0.5302567307730426
0.4861971255026938
0.316612573286454
0.7199523543851152
0.7070995056576985
0.7391586910404189
0.8876269071101891
0.9223168246652208
0.6313678338110015
0.6550404762684952
0.5872344082361518
0.3243637715643121
0.15805809348555888
0.7180207704843474
0.8842711855690283
0.7542537243264797
0.5803276072075512
0.3581042755868256
0.39202283238949304
0.3043679584227042
0.3432463074209364
0.6846883014381685
0.8637942983159348
0.7946908959281632
0.31539248592388147
0.547828614225442
0.10533512188192988
0.7806759321533923
0.20330510578928257
0.10678005701125418
0.24789063202248807
0.22989683228080976
0.5306427968293004
0.07631188816069978
0.8333317185843762
0.6128679961677728
0.08263503063825046
0.6680485307861918
0.7863526816119935
0.39274696866968456
0.723300554809699
0.6930871892316024
0.29965665200611175
0.7680008878347416
0.4303193964421946
0.4884570994249279
0.687352982395635
0.6512909223991387
0.09352759583806405
0.2430799865326071
0.27824438890140823
0.5157273087863309
0.528173345621033
0.6442019554283843
0.5440895778684719
0.17248599866413306
0.13649277975167162
0.7603848037195586
0.21379928232636242
0.8997838352745414
0.6652424262807007
0.7094663729388911
0.04294204673712871
0.5985241873911993
0.15790799598367958
0.2650348885321133
0.5649795263271736
0.666208118500017
0.561508862567291
0.13248855323158962
0.39499787490274535
0.6446599855917396
0.525499670408959
0.5777398136360826
0.33463631789510595
0.16132574448919623
0.6024283586585576
0.4871111710481951
0.8496210923437422
0.05003270353577462
0.7059299960401386
0.5541099435207163
0.5548602911500738
0.5055327715202401
0.7809753771493548
0.3482999765580961
0.4824295505583284
0.33463011810034843
0.5646827521561418
0.46667581094506777
0.9365101603948169
0.7146805964428229
0.8582446618112407
0.7285786940162482
0.7461905087959922
0.44842636489167426
0.23328840144044116
0.13049545511490562
0.7357498317190742
0.3095395966258073
0.2483110261725032
0.4736331428306665
0.3374398893090591
0.6953405009544233
0.40965932098703417
0.3643377920590197
0.501939574749662
0.7998154439695659
0.8060408937956227
0.5116977927082443
0.794461044729546
0.13306331154244502
0.4589953468860657
0.49237689966775605
0.7985465409681957
0.7017919875943666
0.6778195019147629
0.12345151408416016
0.1361969716331625
0.4267709158014059
0.7166435695911082
0.40134135915127495
0.12342632965439257
0.5709391555881316
0.8433451881617475
0.6514007857838991
0.5083873757337432
0.7592216443524747
0.6789810813560133
0.17220740863787
0.09552362121546885
0.17151821907616502
0.1519734816742996
0.5050641216720044
0.5447997413886142
0.8369253338338098
0.8683963317988854
0.0287818681878187
0.7606450399931678
0.3836873752274992
0.3621349082666638
0.6555677327699326
0.5753930335306191
0.45615160329418275
0.5267631208435288
0.6027490709682523
0.016065681235206374
0.28393768858162166
0.22034347733035758
0.8964113364770754
0.5496236842547684
0.17947500378276035
0.44067469875840093
0.5543178258630622
0.687897540710381
0.5155565087546381
0.38334709284888346
0.2958350834276595
0.24760171944426215
0.410975591012815
0.477095351637209
0.2159053967457375
0.8158020365270016
0.20521416200365034
0.7822184364385559
0.8523972200994634
0.6441904094719699
0.7690016037660453
0.7565624434613824
0.7320924189826593
0.8223481691595109
0.6194852250152836
0.9212265055228744
0.38142979996608506
0.6741327740525079
0.704571136539229
0.04960943085643692
0.5635246521553957
0.6489268793852856
0.1297927430385905
0.13433484090554115
0.0855312340001061
0.3764285980970826
0.7458165252174197
0.4534760005536631
0.8327710991144958
0.9703853464619069
0.20854860916946866
0.5693760821421359
0.5346901601390305
0.8962329430251296
0.7703957293671483
0.24593001891657704
0.5986861611551227
0.18130581613057184
0.4331460190731251
0.545318469855342
0.8126775010179803
0.13199295908937325
0.5828746036142366
0.7901908162422285
0.6543476812754553
0.39389963463660715
0.3146858840665313
0.8939790383787207
0.30810679144500797
0.19694552377952398
0.47522202010343634
0.01607294040247565
0.40639618508102604
0.4625473935153446
0.6054056513244025
0.5864952924141831
0.8610399747532115
0.6148356904200829
0.3621683397746654
0.6004266833923444
0.7522275742081094
0.6262946089892589
0.2859937946873172
0.7945227161955222
0.18948485724614447
0.7002392058856561
0.6768161536272165
0.05214004703769107
0.1243516321053263
0.5529044914147174
0.4751049867614813
0.7088382157752134
0.5516942535286211
0.25211545109178884
0.3123987629704437
0.1843775033184656
0.06705117408189049
0.4960523992349731
0.94373905002064
0.9433755429761453
0.3193777349867183
0.37450792502593166
0.7533296053988847
0.7619997115054451
0.4201486855091104
0.8517921445039323
0.11968631215127903
0.5822154873660551
0.8698808171354084
0.832754560698996
0.38379604887698937
0.5034337087309979
0.6751521673912207
0.9222760959050741
0.4035386763784759
0.04288987059132476
0.2983420441712803
0.6036864440627239
0.18523016391266775
0.9002886826200809
0.34905268825222746
0.09618709003288353
0.11617914002103653
0.44668582292115133
0.11265251311743815
0.7226739170823199
0.6879022028880294
0.7433103578835173
0.011611830517634245
0.36283463035696956
0.55815687498836
0.6617119566785866
0.3507936255883274
0.6463868304590065
0.755280240960006
0.1479793919534227
0.28145983676591685
0.6148695074703354
0.17032793820397119
0.2743008618712149
0.45369281983626053
0.5886369963382305
0.753370419401877
0.31454412647483615
0.7105132123351431
0.5187080148840021
0.5271901834736026
0.6537123155668002
0.21426792788437163
0.008272728771363865
0.7511014304354917
0.4263256952674071
0.5273238005095159
0.7823798047385061
0.767444822714209
0.8284395882004452
0.6969383415854393
0.6502618436061585
0.9372338340438854
0.39757118290137744
0.5449868741729168
0.7681219975104667
0.48945384971923045
0.6211060211142514
0.38705167556980075
0.4218827788821522
0.5487628335462673
0.5867889584645788
0.3852217273799691
0.5424282277149244
0.6602100063630002
0.42278813302847806
0.8372099775230153
0.3723296270462506
0.5113699410170591
0.25787292277285606
0.15003391319192616
0.017722514172053574
0.1043094703985192
0.19270351055069396
0.2973317820948704
0.8101946102063874
0.31609542003648067
0.34899287277449464
0.6003579370439577
0.3246191268831847
0.6430409903876354
0.6431916984122341
0.37945451895395593
0.4801845351431856
0.6374512606315503
0.9116812351486888
0.4846969787444371
0.4472631622136275
0.757202717193455
0.7883394562135398
0.5477254325297318
0.601235740236487
0.3581547489742233
0.7905652767869787
0.6722166425773303
0.10402391163120962
0.13192398661293844
0.19288014253945612
0.8553588825583961
0.7414586123281198
0.7212832856228781
0.47854610570685474
0.13131602627069108
0.6879510529316498
0.3809183283276913
0.5624471835736264
0.06260856031915471
0.8667619020768306
0.4932036427655877
0.7378560722409974
0.7243013702420646
0.22061446552582611
0.46573319914632666
0.6786275017313496
0.2785388922802005
0.7306963853367974
0.7345794605819365
0.1664756587198435
0.30876416197618206
0.4915414900071808
0.8837188155200746
0.16387913965742762
0.29408271243761575
0.08743330029968499
0.3349328510985237
0.5807013291817162
0.04442606276514305
0.47072875157311456
0.5312217741990604
0.8054185046227839
0.35033880637761317
0.465886390736308
0.723588068353274
0.909855014889516
0.7025230307775463
0.6187936612857106
0.23776045225717393
0.6019129145728609
0.773766610488832
0.7072156123259524
0.3171313335090515
0.5668048567755898
0.44975256534476893
0.33650733398628135
0.6361685606115266
0.6817348782990319
0.22049426426164234
0.15696678019501184
0.8016048826332007
0.3318587635669796
0.49842378298770024
0.75181206489721
0.4201134991965445
0.4129927126024376
0.6106104636441791
0.7841289322307574
0.5925763219560415
0.7675849174060959
0.8004252850797628
0.36632938540316345
0.8391694006828222
0.0865847593187285
0.32219533538882367
0.7181564798267438
0.35246540966735923
0.7074839116075341
0.0998226876947678
0.5153233335413766
0.3942929481350173
0.30318302018988125
0.763366338026138
0.6409355497321485
0.5962969341325863
0.15269077620496063
0.43850590131298123
0.8372237290939923
0.1730306502545858
0.4175778082330918
0.4517876577306494
0.3396351802196462
0.5001708440280944
0.35665017005289423
0.545269493387141
0.8011113902049074
0.4478914892392126
0.24470641778727756
0.46339580783856643
0.21719614802576667
0.140566077727085
0.5013918947997401
0.5338656392920048
0.15551979865037513
0.06600913693531502
0.32665246139011395
0.7373403743545955
0.853118559245098
0.8285809433710856
0.3811607675334399
0.13952561331472538
0.7187020659849337
0.4068200149118379
0.7833963256926523
0.13712989072240894
0.43719744567975555
0.4992781133076802
0.7001823157203391
0.837999204475438
0.6517133198194173
0.19861918853399568
0.04305443752081852
0.724950980691872
0.3222166697035986
0.8084504537251426
0.15579875354139397
0.48650358096834156
0.48283996423541053
0.52053160856647
0.44612421581524475
0.5407053718737055
0.8011536236025443
0.5234132273239007
0.5433128491620045
0.13534019099311484
0.41774644122927096
0.6855833507758411
0.8711773889339816
0.2733413309203279
0.5187588542999739
0.7342206791873718
0.39832095502228426
0.43617867481733563
0.6430198269176784
0.9323324303274678
0.5690132944960866
0.6003466030343431
0.03308567166118913
0.8114859775152125
0.9304033132178616
0.49055964774493166
0.7200193811510064
0.3473793311966271
0.3883282599415974
0.39064455969819883
0.015057116334932999
0.5017277835333187
0.48577127988606256
0.76859208616805
0.38594144186217855
0.7303935451333062
0.5039266901867879
0.269187609705206
0.7795389984319964
0.33465249269237923
0.6439292830052056
0.45307870051993276
0.374239736910201
0.6236116149702565
0.2613570223536868
0.08329660345164325
0.52111085248256
0.3040973642304421
0.5301193916203667
0.7288470723114645
0.7217505774236596
0.6215802193844682
0.9100652286516843
0.09941060373653954
0.16949532725749036
0.8434764769214634
0.3995705616642145
0.5067916417364546
0.3424894171278982
0.06235840207030796
0.447205456340584
0.07726065466274976
0.25554424091093125
0.23673365362449802
0.6089683543094595
0.13476969198490793
0.7479199665155529
0.49158579497085453
0.6685404030861453
0.599697084778334
0.4504722751666804
0.681211421487181
0.8493285602568221
0.8266352249048491
0.2518002409217926
0.565873473174426
0.07346290160320869
0.2276275156144727
0.4179415924774841
0.203672732147465
0.8352205554140518
0.3236845316315183
0.6183283133173709
0.341428072499011
0.883134106628973
0.42389303361363617
0.5637744966384689
0.7768026693777266
0.10012558374674953
0.15185882511705323
0.5210186166156224
0.8622960568791987
0.5972210441525105
0.3090300851106129
0.4927116725108036
0.08659850008119897
0.16471235848364543
0.7443746581727692
0.365172137546973
0.5316642643215915
0.41588006690962953
0.16117495384805314
0.4296747210857362
0.70603427925916
0.39838873389168405
0.4822793134214007
0.5722905307966129
0.31907317651223943
0.855078264597972
0.4895438990838234
0.7242129633296768
0.17406806090585084
0.1683991660722854
0.3320239531901943
0.20685513775608463
0.8699897385630364
0.3994866296811831
0.6031779274443451
0.5286805625272868
0.06542590219105465
0.5130377249017988
0.07794751135703537
0.6319981569229106
0.4855275814730086
0.8994307583470567
0.7057310597262385
0.9417987696456629
0.921760125886351
0.5893044207897349
0.8570551124228264
0.6018697395250078
0.6756483276338364
0.7151564077596627
0.7219194219823903
0.43421527547951966
0.5666533801287681
0.6024993291013777
0.062130018309817264
0.3120893552572218
0.40379639458888855
0.2675759360630852
0.6211962994670643
0.9406599475909786
0.33525897269072924
0.8992398247468266
0.2703938577710661
0.2991520513497898
0.33717595651329874
0.6469325351526732
0.7350007490393965
0.7045488294247968
0.8231012716572144
0.9124760615057786
0.22724435735607026
0.2086556472116219
0.5294433857935997
0.6039158907161862
0.4766552981174349
0.09471355567561364
0.1655802158119615
0.7453666069480367
0.7178445309948144
0.5933613823688555
0.6613019657032322
0.45378876386009975
0.24053713839951218
0.6927980785726161
0.8374568511977261
0.5769209292350361
0.5639231868521128
0.6161291187373019
0.07698977373749022
0.1689695571093325
0.6054549373876191
0.5460561739432386
0.8050079570043128
0.8076547868348055
0.5423730061516692
0.33919041280005946
0.6951513211782954
0.7024206853836231
0.436873923592456
0.5739500836534924
0.34198748659802264
0.7423239866480486
0.3821980149152068
0.6467359993742093
0.6083687197979921
0.32964186598852735
0.024744686600939692
0.035954337642619766
0.5264655521569469
0.021434036603569722
0.7830908275656138
0.6437920112429976
0.7783958819210134
0.13975891372881355
0.5668886986249716
0.8133817558812397
0.06556485124464002
0.35321928159038535
0.27320586041747086
0.3267394643269769
0.4083266201178685
0.7585165901983574
0.475404532588727
0.8225993047904241
0.48184186747349667
0.3740058135928408
0.18262767809664582
0.5114016643077139
0.47085458697248866
0.16948039469108442
0.4969769889588292
0.7383414092096142
0.021288399477633654
0.5967436515665038
0.5479280049151927
0.4193459720118727
0.41747368564112236
0.43075328311473354
0.45608750942527954
0.411134013284374
0.23920037107652428
0.42808653153662196
0.2690955637778451
0.10317267127521705
0.3288092281025436
0.47813772103748853
0.7961226100239078
0.5755221796940291
0.7643692498468729
0.11246131115726127
0.5272358258417977
0.5532242291960257
0.8769249085248172
0.8140641783155823
0.2874968769689764
0.26915303811554975
0.1424150183450784
0.30356855453560233
0.29276157382686846
0.08966918237734471
0.3126434744215016
0.5399715272291787
0.49498586475921347
0.5913944149141849
0.4503079688595256
0.6368588096777981
0.8014099192901829
0.3425934776582205
0.8037586424961118
0.48226786976163927
0.06507768456371624
0.3897308455573021
0.11366012630695689
0.40577094704567535
0.5283670824537866
0.7720888388382199
0.5514633252785154
0.5943073104020152
0.26353852819680906
0.20325430933676564
0.6713720604630022
0.8191285549374456
0.5056785474440013
0.8253219543622873
0.937749835887003
0.081853993595664
0.10498517926891068
0.32546534048982556
0.627582109046435
0.24345465924460255
0.4408759864389119
0.6159070319557728
0.5556728918749076
0.0821550396580724
0.6217178215312205
0.6278321550690411
0.5266794891988089
0.14613341591413603
0.10995040518614828
0.7460954612336712
0.18295164892392454
0.34361025980279375
0.1106410786932785
0.18435197154395705
0.5406691858204677
0.6866461947887516
0.7165834738940092
0.9248417196596828
0.4925664500553178
0.6744420464579771
0.5229892550125022
0.5881760806703789
0.7549043679736264
0.4559437869208788
0.48317107123880937
0.8960993629936095
0.784564922627092
0.30735808116727253
0.6977969412407994
0.6357904253979599
0.49221935631087294
0.7935342098469664
0.2888468839487103
0.5228155458734383
0.7358076177120835
0.26368531928888445
0.8167799661435359
0.7706542346699725
0.603362328820011
0.7694306834206794
0.6897720806303104
0.8008640498830091
0.13811736879917755
0.343035959739661
0.7188398836545985
0.3624050914956024
0.1255356514050451
0.2979702267668022
0.06607105581605832
0.03901158225286858
0.5218426794061755
0.2891183996196489
0.4436807212383657
0.8903360299724695
0.5235486734166434
0.896592980585501
0.48047169858326216
0.3116868753215312
0.32916311647087315
0.41616217996663435
0.0950758842835418
0.18204051595276252
0.15818042981085545
0.30189118405495274
0.2425146463802357
0.06357712776734097
0.25706250219749455
0.17771191491687782
0.8048439108511618
0.3471670923094902
0.1324789050830119
0.27902067117556695
0.6996572981363476
0.6419112282969904
0.785939901177072
0.28587713017443495
0.824686355624451
0.0005574475873589835
0.3800673004353277
0.6062745211759113
0.434260503806564
0.08265586271515814
0.040285367112414906
0.24299159301639878
0.444301719474128
0.1328811128076422
0.3985946017983383
0.7584883595785415
0.6613355482423093
0.3056846476584869
0.8346161127134097
0.7346273891624777
0.3443021310132992
0.664448851013346
0.5750030327005823
0.7474145469351222
0.22389283222505493
0.5937459738637416
0.7725364992034182
0.5755889571996504
0.8310324028471717
0.8069805927826246
0.2010556468785549
0.7927589317221099
0.492515305201662
0.315662520765288
0.12242136588893697
0.8331386100511088
0.4824295505583284
0.49298039744441413
0.6012900828552719
0.330865943154278
0.2682455248472763
0.9070373742066836
0.2022849126119394
0.6247507298481326
0.3277655805023471
0.6382828662273737
0.7175994802690012
0.8543973480003432
0.062354990677179103
0.08245506838501059
0.23418237059075123
0.20091317923471763
0.49201026998577535
0.2903035818594349
0.44660028706596844
0.591633502778533
0.1146825264685644
0.591898098169248
0.750785117153642
0.5126992078279153
0.47955588783131003
0.028276369674196094
0.5241096000949884
0.8402661971446249
0.5493780569727253
0.44104469474656005
0.6895563160327483
0.8009212955325167
0.15249849576645252
0.6891029501812127
0.3514260298415094
0.5540243248358997
0.7954395851690704
0.6851591518346113
0.07947488462508837
0.05889807729997353
0.5080030765755806
0.6695284395453108
0.7113382464791669
0.3194186419470991
0.6684171197008856
0.38559583035536227
0.7608896641946709
0.2595767934325232
0.5638509898031503
0.13153469368697174
0.3056067423336717
0.5276892840018516
0.5059306702261885
0.08167493072830055
0.7546872321243071
0.7100767461554992
0.07918901938751582
0.6983968835814108
0.7232589770068777
0.28395220098318275
0.4167165758231524
0.17135515102194063
0.7796862862327977
0.49380176150646915
0.11506196642228554
0.1780806583913753
0.5931174775486652
0.6503608176428489
0.8164717712654971
0.3968875763206789
0.46572160375546573
0.2365574967687297
0.23231758294311522
0.726007874215041
0.5029389481363851
0.6858420981535013
0.17451889345279847
0.31391434482704456
0.7116157347974349
0.6609320496290848
0.4991827752134198
0.474205293107234
0.738681988015014
0.7969452173360735
0.52125245796309
0.7933279997704866
0.619924583725697
0.23267103109003787
0.1065104602713895
0.4747019919976244
0.0258095160976119
0.5336616191176388
0.5263050434681114
0.2759925199669582
0.46035847831830595
0.40781564031647505
0.8560528417254816
0.7721741798648701
0.309336086699583
0.6368388529152476
0.7478685834380863
0.1485950794712335
0.6995105477150434
0.6084789515620441
0.07815320038502817
0.4144058241961547
0.3373489063384618
0.4702251497119747
0.5461286356360754
0.6322417224743633
0.5634248389635312
0.5397489288101053
0.49290511083180544
0.5432557155804385
0.48345505644402903
0.37722593009339644
0.673638678968421
0.7749862786689299
0.05715660255366953
0.36877680946251645
0.6011812573790521
0.27979116208080546
0.8877162059968989
0.4592293603591376
0.6663609180716533
0.5657817625195758
0.030119689512595072
0.5430235354035805
0.44791660893746066
0.590473995905866
0.041316516208310845
0.58432515925285
0.1802518517764592
0.6034703479459543
0.3052198185493731
0.2893123699385831
0.4574592448420552
0.35819542019806616
0.09772786924546512
0.10808026394272818
0.4084237157427095
0.09392709082581246
0.17981055570847415
0.3293647320500559
0.5548329047468556
0.8418910578205185
0.6672518268111746
0.025164729242970096
0.34641711282533033
0.7421669015420177
0.47194495638765716
0.6476841409855267
0.7566115862055829
0.7393160328482405
0.7207891707479862
0.5256541673435101
0.19022133540580313
0.22841662763681264
0.19288611783598844
0.5462925792731153
0.43763442292670884
0.420440240453666
0.507311366468211
0.7573434165493723
0.4110495305278944
0.44332279887786935
0.2563069487885072
0.7571587081211384
0.6164415321677537
0.4774501448033387
0.33416860204951915
0.03750904443077247
0.3706719842760841
0.37226436385900785
0.33020043121040893
0.26236829286104385
0.7313533723132647
0.30846009801578333
0.5030728562230778
0.9168766080602221
0.4279134867264329
0.7541433705185898
0.7895892945425514
0.33537791180152177
0.3049506963825191
0.6008867416358314
0.023300705977880892
0.43764464673722947
0.15491976009040254
0.3703460453965678
0.9254588153816272
0.5265554051163378
0.6388576990606218
0.7699355097952635
0.5238961558962655
0.574385622379657
0.7951956012457426
0.47911250247389986
0.4246131586400284
0.9483649052333697
0.42455498100115824
0.7243239922216996
0.5481107321873098
0.9293292273303037
0.18785396468253876
0.4029547104328341
0.48631016953860706
0.7260313553441364
0.3628592824050986
0.6465127915622642
0.24098631527930064
0.9498416074361852
0.6024820839103852
0.5717484310295845
0.7809191871116089
0.4466353275926443
0.8529955821730661
0.12995554321372582
0.5539607071141467
0.0803134449872219
0.0023421200945343357
0.813543152370509
0.5381525714495251
0.5944288951906551
0.5096349035526263
0.5867563372830066
0.35574389183098537
0.8974976760042083
0.5167795287214746
0.46550708313837186
0.49739264614291273
0.39389963463660715
0.5196405163048347
0.639168246283966
0.17956265288292964
0.2637539098502836
0.6939415636772376
0.861450569876401
0.17989493135896034
0.5829548696448423
0.41863418888511417
0.6079615959499723
0.1701766117835416
0.6792705514011664
0.48542650581416497
0.06884334472268745
0.4409727502039364
0.8031530823336074
0.5943794979169283
0.3204333336890537
0.4292331496535199
0.8581943778621852
0.17108748492936732
0.7305186788100532
0.26771425731933196
0.6514115108961334
0.5179021247663893
0.21621886020933814
0.29339643758802136
0.5704367022216278
0.2949843386086912
0.6140241500575069
0.17908477121283004
0.3673652275974378
0.602239087984744
0.8395106231850045
0.8123713178915376
0.41208136925692407
0.5473162021597403
0.18621253651514377
0.8618554328007287
0.8065282212442619
0.7139020655123848
0.5499996128957121
0.41840713605904284
0.868211434580526
0.8482996989441242
0.5999671772477857
0.633689631711068
0.2971159159265432
0.44514742826402537
0.37861701095729133
0.2758638873300219
0.4129016516975808
0.8538494181371771
0.8022391367551083
0.9308736044049382
0.18157103964933943
0.6383668644507303
0.6548968397869828
0.6558599845379649
0.3976174889175094
0.548660986477436
0.9221118687766523
0.33618529310949263
0.07323049779284649
0.21912190897947142
0.23367319632744096
0.7534281744085861
0.7597874180787778
0.4754525078693925
0.330344087027162
0.362557034992713
0.5827789894769159
0.08423282813926304
0.8598851805616773
0.8838812911527212
0.13269995809801288
0.7532035326897882
0.574277727093882
0.1038775725310828
0.4405171621131405
0.8698062913409769
0.8823015126267505
0.30796130405888217
0.47236801087907526
0.4444663383050215
0.4286387318739774
0.3881653623840277
0.29419299648023783
0.7250538279238471
0.42171612341467574
0.6725934230586811
0.27320586041747086
0.45528399000573283
0.29801520939690107
0.5855705451456398
0.6799095651323772
0.27889048947115974
0.09165777791857774
0.5144787708702847
0.41925677371093556
0.8102163124964546
0.7643673737786475
0.47654079542291294
0.6468591937311607
0.3363535842582357
0.7075319284314598
0.43713777033586926
0.2562259324026667
0.8454712639312709
0.6098571317115755
0.8680529446329425
0.5184088761935609
0.859418265290461
0.36677852453286525
0.5190015411416642
0.7873724792909724
0.2952921636384069
0.7783598840498046
0.6742300938281012
0.8565550718579127
0.3055077871565359
0.6310107482851643
0.9191460416526592
0.3925759909577307
0.5121222946635261
0.44621333181337186
0.06767128095813699
0.3062362652796288
0.7443106188534887
0.5532217559685914
0.34289244401768837
0.40557204989680634
0.18110825948397205
0.2520598554205969
0.7970364756589023
0.7654054874101643
0.09480891591498776
0.47107990790432663
0.7878788817635896
0.11299182646898602
0.5064360310681922
0.5756002191083553
0.7819312367488469
0.8378801407733771
0.5380983199407192
0.7168188996009351
0.44369927394072495
0.7205045810648926
0.6761622484185107
0.6525085327403833
0.03909205674338496
0.6664083601611552
0.2318080714450116
0.8343387078281215
0.5998220961265621
0.2876885861986054
0.3406262358708945
0.6190567718868003
0.6350888088737872
0.5057941226443453
0.2819604321131176
0.13299584373721576
0.6371998940432289
0.6194587582435053
0.6441651833903969
0.28258726885491214
0.2635275755927375
0.18717380166876518
0.4494070780395883
0.6852073618108251
0.8416721404818726
0.5460404399137925
0.90977983824147
0.013782746037152408
0.27522915582788177
0.728448825517371
0.32799817924457997
0.6720238349500981
0.7224203355774592
0.9543129571858351
0.498988833461829
0.2545983960460272
0.7444483917509883
0.341837087602571
0.7396240310012111
0.5327245641594379
0.10263476101925013
0.32565925561797243
0.4208395055487869
0.7042929270005908
0.3795177468508842
0.45959209608979357
0.3276906713302729
0.4474184458367066
0.11284744602708754
0.4165222194480674
0.5983444934619857
0.4246239614535956
0.24970388895655352
0.18899902617460043
0.3652383449844981
0.46932431446941064
0.7246070952408108
0.5214217755470474
0.40213378984075365
0.5397379089230673
0.41043126097683463
0.7485323608409673
0.6073756727339342
0.2665085503518086
0.6462096089938081
0.5195511685006774
0.7765101278881358
0.45770384677245357
0.07182912476292828
0.6725330252409072
0.5124880875526957
0.8690822947225932
0.2546880239011702
0.16206326037680882
0.8597618440166288
0.7524597835951335
0.47730091969692234
0.2914253282399922
0.5079388441204896
0.08687062040949199
0.11153688581253773
0.18755716375433987
0.4280084012063981
0.17119306775958432
0.2386429992387691
0.7614292306751546
0.4781553837673179
0.7428494067326843
0.6491055051213644
0.38887661324576733
0.7323177622442083
0.7097837783665996
0.8481320779389737
0.6823403528694214
0.8796363714952605
0.12872110484794322
0.3229477145242243
0.5449486020698915
0.48241107792472404
0.6179136565199634
0.2854118266064183
0.0159319263768823
0.7671804020987112
0.6265746484434582
0.665650765218572
0.49512460049478996
0.36403435048059424
0.8409635362022106
0.8424170648240443
0.6862387228643873
0.3630534815027532
0.8281647677813575
0.284592717840847
0.21776570861381392
0.2762077431926725
0.059660159429271026
0.34264790045293175
0.8947782683853942
0.8893562786398531
0.7884863855806863
0.8053636644218881
0.11618967969458235
0.03775964752238755
0.34882384842244835
0.7762636572819644
0.2831523667086351
0.2621681791194041
0.6308852517981998
0.7188064063267948
0.4491774384918755
0.6208207326344561
0.06911767303997753
0.07409325491997203
0.0960372058926619
0.2455621406778374
0.3889843121269134
0.2823052864901959
0.8941849245588773
0.5806839006418834
0.5289962947896334
0.7368277313383617
0.8412888502363993
0.6893195228231729
0.2664715655369523
0.5433755091141187
0.11402034693957547
0.6561573710444083
0.5724814263298708
0.7122473486933334
0.18973727919593017
0.16094880504883594
0.5252626696591548
0.4053294926717816
0.24622050817598726
0.40021102122697055
0.6974265898321497
0.053576631707801185
0.6264528655975188
0.781089398789153
0.206867755018241
0.9388793031256962
0.7888467343627493
0.6780754372116449
0.8392384562035363
0.3802237532212838
0.15727578935572326
0.3480162066705062
0.2996227309521804
0.7668141087338189
0.38451936576123275
0.7657496220655734
0.4609115437215863
0.06009534157293839
0.6792705514011664
0.14990417063428285
0.5344627055349718
0.6769686257433528
0.40632331936747
0.08811228853252834
0.48704314138912
0.4871168913535847
0.6615437252273333
0.902047992032784
0.36988009061744304
0.33221221435149606
0.39558468166661315
0.5091727747990475
0.07430093621805296
0.4476145161391186
0.6841452210231702
0.8924296555794711
0.3305731084039654
0.5681217882592225
0.45184743041112607
0.4815856653406121
0.13676348675004768
0.24222734605985893
0.6517432758788143
0.4100582774812348
0.2952390452262628
0.8757075599414291
0.4447146449151033
0.9194892867577166
0.1750622103200743
0.5028515579856425
0.13232722584462184
0.5616679960451595
0.2590464608044447
0.3905478651092451
0.5363687581549496
0.5323770736553558
0.0014940875669332918
0.36383494822357443
0.3784838739008889
0.6845937174960849
0.8904485126340638
0.9033545272002521
0.5837641418334555
0.7285645846328962
0.42301422934751876
0.13315353491457171
0.5252116372995037
0.19290449231684634
0.7905561485799892
0.19063546994504807
0.5672601638828145
0.9164473111888041
0.887247374248282
0.8921214148386485
0.32211196868792563
0.8862164708200058
0.26356722883667094
0.18962153717167618
0.4236252399719295
0.6729053890361677
0.8406014339913603
0.7363887796313703
0.4124272937852959
0.06305614718908603
0.1081301063331943
0.07414617376976784
0.29311951280945225
0.4941900801281257
0.8846081260837884
0.5897654055002346
0.23786732883934103
0.22469506310155024
0.5769370623156711
0.858610069160203
0.2778286330011479
0.09293242435778895
0.7412850154177599
0.5749053608469522
0.6098654950365809
0.5313119617990032
0.7747746564017228
0.493985156410248
0.5576408350177295
0.29933714359770863
0.428297538990574
0.14451709803040147
0.4034979039816407
0.7801241149897722
0.5204744990139084
0.6296698756121858
0.4563501496023342
0.5041113438680047
0.2819604321131176
0.33193992445030246
0.5094450652997476
0.5050325808004464
0.6668717784310052
0.6009484168509405
0.8029377315682091
0.252501947371017
0.668083770639159
0.2666540418872466
0.8060467886339909
0.203604763676909
0.2896828856441022
0.14254169079476586
0.6657462508581863
0.8475983252989296
0.0856121134535539
0.34808256750654226
0.7024370427689507
0.43540831804058433
0.3815581703267851
0.2164026728752634
0.7056416827340077
0.36119222513120264
0.3176806188774375
0.9075182315610528
0.45018212676619557
0.31186152963074154
0.5611474528470196
0.2979249910036101
0.06473143310849008
0.4843516944027283
0.7841595756686983
0.613311725619668
0.8054953811838561
0.39171269424503424
0.5991592549002992
0.5029397185854277
0.33185572109748407
0.19669086203773736
0.8863171414517844
0.18479203863622187
0.41021732365322633
0.6570556768668422
0.7147962787409418
0.7308741493575525
0.002290144461187403
0.6553725477868162
0.7201163246726153
0.35748457593097127
0.5949091693102269
0.8683198969865853
0.18460043301295567
0.48094120257761336
0.4319772665407898
0.6884380737880403
0.05302313651910839
0.3605993907569691
0.725695192817585
0.10309621965954723
0.7262682600299933
0.7182740691668368
0.4165210730634426
0.5881474681729645
0.7734605767853835
0.6358702215304677
0.8907663060341231
0.28930543978355117
0.27598720646094954
0.03823098163171964
0.6193784083387976
0.7338199976206864
0.2854072885598163
0.2973662958164344
0.5710025620410809
0.754455718103268
0.12863692432594007
0.019639671645570147
0.013503904059010618
0.3498691602771204
0.335517326034419
0.523904594868596
0.7023952267695713
0.11450640209743357
0.6584611234571871
0.13305474788033306
0.5167840465242699
0.7451137803933342
0.6312267799410022
0.8089910642259563
0.615755331564859
0.8943157851922
0.07065775464043733
0.09864744418520757
0.7940636874311207
0.4023827764721057
0.20190304166746623
0.689147191116168
0.47849105846851314
0.7690149213016596
0.6723556916854108
0.36225371163191766
0.3358588987988945
0.39760967450939866
0.5025570069286988
0.2545721203771632
0.5898024475219676
0.5225111926175972
0.3451588627400617
0.633474646718486
0.8864559825521211
0.10618724948361884
0.8825536617872353
0.5619349338453954
0.7301003191668745
0.4451830023824077
0.9698990372427092
0.5559877138619828
0.4695148614020758
0.01644858017770245
0.419876636923909
0.5563466805305048
0.27120726244526694
0.7802474497027834
0.7913500847554045
0.7323471509631208
0.5265812486514893
0.34549939861974793
0.3668205705604014
0.40552905788501326
0.56577577492345
0.07947488462508837
0.06878638273078863
0.6964750781695034
0.4599113758985835
0.7096515817355273
0.6609721864635936
0.5050770208726739
0.9194269945507599
0.2502012439680942
0.6100863252240206
0.8264341290708898
0.23843903265473218
0.8346614516565036
0.5502061367159646
0.8074448520063973
0.754885834998312
0.3912687419988454
0.5949161436338549
0.10472282402222537
0.04382600971270272
0.8093658869326069
0.4765669721571053
0.6363753451231369
0.5989526080529386
0.3798749009900507
0.18414126195564945
0.18745324234457417
0.4859052347505742
0.6578775712366705
0.015630168125250567
0.20432119485668723
0.6319389285705671
0.23802209413521852
0.8081339134610024
0.25678834377175963
0.1941809013456456
0.20799837745933863
0.45985873597625343
0.6527812250680927
0.01970373468809644
0.4183306777122533
0.24179426325437559
0.480313067463036
0.01122518999207364
0.06975190834805137
0.7480324772425291
0.8457705561892097
0.7102602191732549
0.8790095433492193
0.4919846405787857
0.3914066516070284
0.33921812309316135
0.9045397460905882
0.9341400878717913
0.9049467688652536
0.3242177258105877
0.2960733339212715
0.681566116113191
0.0969446496499933
0.9091440693184103
0.27669983446683805
0.18091535442573317
0.3588634290724122
0.23396013028241608
0.7564882747619615
0.5723221091713298
0.642556005996032
0.8422635238438749
0.15313332242116423
0.811253415053155
0.5397602823394754
0.14378544099786708
0.7905121730026319
0.9394594811421247
0.6730463214052459
0.7298603920855851
0.4552098517273883
0.10334169024155129
0.5902791067919161
0.16110503546549818
0.9014870609240071
0.07058136338866561
0.3363740397118435
0.20756400442222037
0.4420782906202772
0.4803827888170671
0.20272909325705518
0.8214191071268166
0.28232022454601463
0.8629807248856922
0.4445406763912661
0.05046148970471555
0.5508477130273561
0.4207149043763203
0.618066257084312
0.2913258236295793
0.2779898158094005
0.013580114337887719
0.6020615709844053
0.5022619923394438
0.3458790911609896
0.4984407725359072
0.2806319272611501
0.4322236304155521
0.21612852312436184
0.1780201225196253
0.3754585253411499
0.31827817213367393
0.43597296074930203
0.8298831609242585
0.46318064197513875
0.5895666436754362
0.6981826406790025
0.6457208615112294
0.5697806834453517
0.3871294913496342
0.7004178121366719
0.5530748844314681
0.6780115850722217
0.16951771628144394
0.2181778571689628
0.2967347794958876
0.4353919931872729
0.6584041268642247
0.6113927554358688
0.4556168684440357
0.5013284737122717
0.15586803161100213
0.4445816163428226
0.5875329747466812
0.5809190554041747
0.17837401733113187
0.22027026314451742
0.8177206697171101
0.25042644234507555
0.46281931649618535
0.9484444537234409
0.18181885130616954
0.40973500202887786
0.6047915768522331
0.5410049587619108
0.5452987907902025
0.22157144735603224
0.567067195344221
0.3327705052415041
0.7697670940003645
0.059083689438491876
0.7189791061676567
0.3638017336768177
0.7062021975992009
0.26763642808048094
0.6491093302532612
0.324979528781464
0.40767845915089823
0.8590699132774579
0.28350907044282964
0.833353634979314
0.7196276240269509
0.4672112148872117
0.23773533914700434
0.9182399618830748
0.12787906509595728
0.057227839476318744
0.685965885180795
0.4509875484835067
0.47480074764997043
0.5061278454222404
0.3803575311474447
0.8458213511775581
0.5138411442599193
0.19522351090041593
0.4851815711780948
0.23047384490040582
0.3144015473336091
0.3084501475035926
0.6788942097059854
0.18261784928703173
0.9464496154408398
0.06983987026459337
0.3040542473634286
0.39534396828830254
0.5115972464902082
0.4076997052590878
0.07812084152260913
0.6354831052537672
0.4961137929690555
0.9217009436679056
0.07706182191807838
0.2748603408523406
0.5643674913273726
0.4044315961026992
0.39267206528805554
0.6685739210306305
0.30921064560366357
0.5562319690117999
0.49622036556232646
0.46345860579249193
0.33153712863948454
0.39097060364750436
0.21276129357815393
0.10257753318387369
0.6474788878330099
0.7998838665103793
0.8033274281669391
0.13203623832672542
0.5978956073160397
0.48438173817638136
0.5656105236683374
0.6701051352662631
0.19897699712722625
0.3072122273166413
0.42899430953837947
0.13834921131445058
0.8747299499052328
0.835884995207181
0.6098305690040878
0.7239816238122748
0.5974641368807856
0.32914048153197917
0.36185104970591436
0.881235778675659
0.3482728110325814
0.22446743103273392
0.7412060255713292
0.4299146508186496
0.13919416056197767
0.5807831010225226
0.337455620827166
0.3743911694719407
0.3563188676339896
0.7393981050057029
0.7297829194832659
0.7297840636289078
0.8277276837268372
0.7058216391075062
0.6747504559891887
0.857387989741609
0.3318059436172709
0.5961454248160519
0.6378966711201305
0.4517462707918061
0.6447118000761146
0.5969073873806556
0.8170215656033157
0.33341893349990503
0.6176993493538965
0.8186815195997557
0.41265598348983396
0.07203555445462848
0.1618949789288162
0.4319570422436691
0.6022404504612358
0.5680483913551416
0.5239936679689196
0.4667073674038651
0.6306865253629479
0.6687147834005513
0.2270712419703172
0.13363076780815594
0.5515906247252192
0.5019764746960333
0.5026214477417053
0.4462724818088298
0.12899388425982708
0.8335808657815575
0.7764230571190286
0.7787588822170203
0.03091646674542374
0.26487774429364475
0.2807695952164477
