0.36371547,113.65883,0.5410216
0.5409298,171.28801,0.90812683
0.55707204,200.94551,0.82019174
0.14423633,154.4431,0.8201035
0.27000937,122.96454,0.7788705
0.71546793,151.37561,0.84172416
0.58205324,179.96393,0.86070806
0.26047105,106.4621,0.5216056
0.40698892,125.23497,0.88374484
0.76318216,139.731,0.6931987
0.82348645,213.52417,0.6306234
0.5181782,125.960434,0.90087104
0.35624593,217.56615,0.5736152
0.20896888,215.76389,0.5041903
0.19755441,240.98706,0.69656724
0.34282964,97.330605,0.823618
0.18991879,262.18536,0.7622947
0.86263424,203.15128,0.76627034
0.109547466,95.70651,0.6681818
-0.027815878,49.329563,0.8644425
0.526159,80.04927,0.513194
0.6202618,36.88927,0.6337283
0.32793063,149.2883,0.8772767
0.20922849,233.2275,0.5042422
0.2876845,242.71422,0.80915105
0.8960468,158.1188,0.9351136
0.16247892,106.869194,0.7806301
0.43170834,122.92629,0.69786143
0.5517901,55.80525,0.9797993
0.61394,137.47691,0.91851234
0.19052342,146.92697,0.66174847
0.93813384,156.98848,0.5267417
0.41820633,126.04977,0.8297928
0.15093333,159.98651,0.7413014
0.76790786,100.94898,0.7304114
0.5948026,203.58667,0.6894965
0.02943775,29.763405,0.6951627
0.84601647,108.85043,0.63004816
0.20662025,165.58807,0.5947185
0.2747127,61.49875,0.71959835
0.8789352,204.65987,0.9627329
0.21709502,116.608154,0.9153029
0.4414858,75.20616,0.9035162
0.79741156,144.5033,0.6928504
0.7847854,177.9058,0.85021293
0.8324417,185.86841,0.6566123
0.32728177,123.25782,0.985607
0.89679366,120.229836,0.92122066
0.8773593,44.342056,0.6767632
0.22031683,84.51086,0.85249615
0.124897,70.58223,0.8779074
0.37769422,88.94992,0.52479255
0.93295074,87.07452,0.9189521
0.66288745,161.67758,0.9440433
0.9026743,128.61748,0.8882166
0.23593742,219.94704,0.9175819
0.40743983,156.42816,0.92975247
0.61595476,44.213985,0.87088203
0.69302845,237.2294,0.55149996
0.41106713,56.7332,0.62416375
0.17578134,91.48547,0.6030196
0.4719634,64.26174,0.70786846
0.9086634,199.66698,0.97573143
0.7047372,-36.927834,0.8538393
0.69133633,44.012794,0.7006906
0.164,190.81294,0.69025695
0.42600462,205.4807,0.9378853
0.7610777,207.0926,0.8985518
0.43102777,181.48067,0.85145545
0.1878433,186.07672,0.7918731
0.31499854,27.805592,0.55840003
0.5692942,165.11012,0.5710628
-0.01018852,128.4184,0.9370586
0.4496207,39.90811,0.69830686
0.9090279,110.457245,0.9104053
0.48761156,65.15224,0.548097
0.48336107,190.88554,0.67379504
0.8775152,163.86124,0.8574675
0.7506472,231.21756,0.79096514
0.47652653,48.43192,0.5963918
0.7931019,207.84297,0.6796738
0.53101486,118.10825,0.57166994
0.67746246,121.67782,0.6174486
0.5168997,66.68579,0.93415225
0.28378087,79.89408,0.9422172
0.77101743,113.72484,0.72707546
0.084646136,52.544506,0.64164203
0.17498598,104.831924,0.66173273
0.41456392,32.47531,0.5619048
0.66035944,125.67977,0.87544525
0.0718835,152.23521,0.60717356
0.46180564,62.771618,0.5556517
0.48393062,219.34717,0.7008984
0.19092801,117.300865,0.57000405
0.6859751,48.821514,0.60903186
0.85452306,184.81157,0.82239914
0.31776747,121.4741,0.55321777
0.23527613,102.33266,0.83323413
0.32729596,153.70848,0.6208971
0.3746813,119.937584,0.89550996
-0.0166533,17.99825,0.79960287
0.025342286,169.14038,0.5294617
0.052214622,184.19519,0.6864754
0.5986516,160.697,0.95073056
0.077206135,188.16406,0.69345653
0.76867026,135.98349,0.62867856
0.31321874,192.40385,0.64027023
0.48639134,125.1316,0.9695889
0.27733284,209.91174,0.6825777
0.8189533,106.76898,0.8179107
0.7167954,171.21388,0.590884
0.6235499,62.840656,0.7988585
0.51512474,36.036915,0.67422223
0.36214638,67.5855,0.75226927
0.36270034,92.89862,0.8396673
0.3308066,55.880318,0.6543266
0.4961227,68.090645,0.9806707
0.11321494,93.90718,0.59592736
0.6636721,196.39705,0.5284883
0.052506924,165.2606,0.9220661
0.17033729,167.59898,0.53237253
0.31550574,108.39368,0.78048694
0.8484578,45.29662,0.76455593
0.5257224,26.172354,0.5438597
0.38780248,171.98975,0.9783453
0.5167903,55.9428,0.53244597
0.2923984,158.30458,0.9440714
0.60398626,211.14212,0.58181596
0.09031093,143.18314,0.6052815
0.6514287,70.65476,0.84377086
0.39014572,145.30408,0.84984124
0.46180806,196.56633,0.5527973
0.57039994,49.500965,0.8031937
0.6967057,196.86331,0.5644866
0.1276496,88.43711,0.7390105
0.7891129,226.58101,0.94862473
0.42350757,71.824684,0.7781923
0.06423026,204.79445,0.5337258
0.6994682,107.670265,0.99829555
0.44166,174.07094,0.7851774
0.5816223,45.557335,0.682462
0.7876425,164.48822,0.6612165
0.8152534,234.79373,0.88548034
0.4820466,89.82288,0.57533544
0.15666229,183.73985,0.5074786
0.8338225,170.22554,0.80050933
0.70109326,214.14806,0.78749037
0.350824,195.52356,0.7187973
0.18917859,209.9654,0.8000998
0.6191662,171.84653,0.9346627
0.7762117,141.73407,0.8360234
0.2899384,33.944073,0.6063365
0.35653996,67.996864,0.7238309
0.8111712,84.64228,0.91607
0.18032694,-231.8328,0.5389715
0.4589708,191.90508,0.6455371
0.26767147,50.865307,0.5484793
0.5281922,34.35691,0.86877465
0.39482313,110.15456,0.9867766
0.2910404,181.25177,0.8850663
0.40433916,32.858917,0.7373637
0.07219553,246.11165,0.6158129
0.2331841,116.131775,0.91954005
0.7673936,194.14594,0.9046209
0.44190913,137.40573,0.98030233
0.4859837,212.20041,0.51967376
0.4951265,46.114056,0.7554452
0.5877542,36.260162,0.8869842
0.0064885616,48.891747,0.8285088
0.629583,211.28851,0.77924925
0.47186828,72.85235,0.9008095
0.5537028,159.86569,0.53651756
0.4127791,114.59072,0.6457939
0.37484762,45.046467,0.7249082
0.74222535,197.25801,0.58683634
0.53788364,122.79753,0.9911611
0.57462615,39.890675,0.84688187
0.2506484,102.72244,0.7679682
0.6655127,251.93124,0.64398384
0.9902314,69.66499,0.7025726
0.17735595,211.08836,0.53656536
0.37624314,376.27118,0.7401502
0.4647474,42.45665,0.70357794
0.80836314,77.92202,0.9540801
0.48253822,41.87112,0.8626601
0.9004662,115.3535,0.52727956
0.44806233,53.23669,0.54999757
0.7722118,-282.55157,0.54658437
0.9068067,129.75798,0.97383225
0.2928841,50.901634,0.5106592
0.5438963,178.7906,0.7135111
0.1284867,131.25972,0.5142937
0.14304072,89.56395,0.7122388
0.16284099,170.56659,0.5979594
0.46973515,50.377625,0.72044474
0.67494416,205.97913,0.81761265
0.17630932,38.14776,0.87393725
0.19830507,204.35028,0.75929666
0.37559202,205.23405,0.55486816
0.4426731,66.80254,0.8315908
0.45111272,200.99907,0.9451845
0.594464,108.50221,0.9664434
1.0317628,55.02055,0.55001026
0.48088226,76.18422,0.97984153
0.6790316,158.52846,0.84640753
0.72641176,184.70503,0.94128484
0.25207514,160.02805,0.60813296
0.29272473,60.843597,0.62351006
0.2840274,142.46347,0.83580565
0.44395053,48.01606,0.86894447
0.31005335,47.405083,0.7626008
0.85377854,156.60783,0.9894637
0.7408302,53.384464,0.78893656
0.25185072,130.39421,0.85164547
1.0463605,114.94764,0.65062565
0.566206,126.98546,0.94299006
0.25447598,208.09698,0.9035914
0.16768047,225.74287,0.80783105
0.17946348,217.88599,0.51485604
0.80313754,210.84204,0.7928312
0.8495584,210.62259,0.7689461
0.67451817,130.5702,0.82333267
0.26674584,137.574,0.55088997
0.5087938,35.29845,0.86084974
0.42446938,100.97732,0.75218993
0.6055591,154.59749,0.9626759
0.31503373,191.31789,0.89438796
0.39854234,175.11366,0.80518794
0.19245824,149.50766,0.8212153
0.95333207,70.83009,0.9392801
0.6207638,36.83474,0.8626199
0.7042604,111.84655,0.9479724
0.76951796,197.43347,0.8483952
0.52228403,228.54797,0.74363583
0.82015884,208.86534,0.7581785
0.42415494,90.14692,0.6440819
0.7361274,140.95282,0.98497874
0.0117762685,12.939241,0.6150496
0.14412454,93.392494,0.9727819
0.39665565,46.268867,0.5991682
0.64423347,34.302998,0.7586682
0.48818243,185.36722,0.8516629
0.5748334,133.63698,0.95386446
0.13282198,149.57257,0.8271661
-0.0033456683,94.26961,0.7681142
0.8214855,181.25826,0.92990893
0.50799495,84.55923,0.8316307
0.20651421,218.41182,0.8726391
0.53143483,62.708015,0.913344
0.68034405,220.25378,0.6100251
0.3808365,121.659035,0.8856558
0.8182175,173.57469,0.7626091
0.1203053,59.9025,0.8102427
0.5613204,60.74248,0.9465831
0.23327157,45.01441,0.5189689
0.69384056,133.4483,0.87150615
0.32111782,59.872726,0.94902146
0.12539059,93.21404,0.6327391
0.67802966,159.31805,0.6949904
0.89486027,156.69887,0.7998769
0.3292058,228.54622,0.76006234
0.22568738,169.65674,0.86554956
0.25892183,87.60953,0.8469873
0.84980845,166.3951,0.5946948
0.8017832,197.39326,0.5393447
0.51959676,109.561806,0.64772904
0.7685801,244.81047,0.80369616
0.06943208,92.18194,0.81802154
0.18251878,143.32484,0.868041
0.24889332,99.72307,0.7886721
0.38176662,57.532337,0.7704606
0.7660091,117.62791,0.83485925
0.40971887,137.1378,0.8927382
0.39536893,130.23083,0.57479286
0.062140465,83.310135,0.8806026
0.7822572,42.25991,0.7704557
0.34763846,57.40327,0.5476749
0.3159647,216.2642,0.5072362
0.32934147,109.823,0.8996917
0.56451,162.37843,0.90015674
0.36955044,120.41586,0.9521172
0.7014593,180.89934,0.85548186
0.5244858,207.91113,0.5577724
0.2822799,189.70898,0.8639411
0.74104214,99.691055,0.6812251
0.45974317,36.106766,0.54634726
0.33197212,86.60131,0.5556865
0.4723994,170.219,0.53889644
0.30695236,194.45352,0.6319214
0.7449498,183.3819,0.9239423
0.777236,196.76904,0.55439377
0.64078754,34.541477,0.6511216
0.4899171,214.179,0.7118388
0.84269,184.61322,0.5690342
0.5700718,68.60653,0.82871205
0.45464796,163.56279,0.9847765
0.22237715,196.23964,0.8702476
0.29709792,102.49032,0.90827596
0.48350108,211.03809,0.50689566
0.7602616,190.08617,0.530114
0.87738395,166.09894,0.91145813
0.6289923,187.72983,0.5807729
0.749031,111.81366,0.98652625
0.6793021,157.6182,0.5064977
0.88329315,162.26352,0.7317059
0.20083621,84.557,0.51610607
0.33369762,111.21046,0.66701907
0.22514868,14.295861,0.5629089
0.75246096,230.61528,0.5344178
0.06507468,95.80234,0.5780543
0.088689685,206.816,0.7302077
0.4332944,207.31563,0.5496656
0.19613007,67.64409,0.51398873
0.29490846,56.609337,0.74625415
0.38622025,170.58437,0.9180616
0.35942814,209.13141,0.7134226
0.59108883,130.55461,0.9466338
0.17617276,133.07784,0.78316545
0.6239119,217.37238,0.70767367
0.7380079,159.24686,0.80430865
0.4172694,179.39099,0.6778703
0.44362783,115.28904,0.85465395
0.26343,161.12772,0.865301
0.7674972,190.95062,0.72479725
0.22004515,127.15632,0.5161514
0.90915734,156.61464,0.8148229
0.21267301,92.16795,0.7676376
0.24915436,160.80876,0.84176636
0.40805075,89.549286,0.71499246
0.36493462,51.576763,0.5698372
0.10829365,89.247635,0.5123737
0.64080477,215.31941,0.5702349
0.84340966,178.77307,0.6143862
0.49758905,59.87164,0.8121768
0.42152265,97.23392,0.98939157
0.53836507,49.31829,0.83575964
0.5768809,192.03494,0.51660544
0.77632034,182.98314,0.5760766
0.7335245,184.71275,0.62510467
0.20281997,111.32643,0.8258242
0.5400379,107.21361,0.977174
0.7447399,140.67802,0.89926594
0.64753044,209.15335,0.7459036
0.27430195,181.73952,0.9133676
0.42046988,180.84642,0.9005748
0.33692387,98.88556,0.52902365
0.66363,184.84738,0.8470017
0.8947911,116.38099,0.81099284
0.35638827,29.604204,0.514009
0.47987965,76.31102,0.5424201
0.8288182,154.79485,0.69769263
0.7241626,164.43959,0.5789212
0.112042725,229.858,0.54247934
0.40078345,96.01045,0.7671944
0.5276658,214.90688,0.662071
0.3727518,135.79178,0.9204445
0.37241066,90.12289,0.61799556
0.5184937,84.65267,0.9392544
0.6060358,201.21028,0.6131576
0.7606313,187.39821,0.82013726
0.88467884,76.48224,0.6449559
0.63767374,207.78288,0.7762386
0.39997816,72.92129,0.8278861
0.39493725,132.84563,0.88282
0.71576375,200.71101,0.516954
0.91853786,121.889496,0.8266494
0.38458714,100.90393,0.7662321
0.32466838,125.09043,0.9800514
0.67316496,38.07099,0.5541
0.7719898,192.68535,0.5039472
0.6576859,187.15646,0.5181973
0.62390554,176.26038,0.54980296
0.2326949,112.32652,0.5194208
0.6179454,214.4767,0.7072271
-0.004856229,137.36798,0.65553916
0.2679429,6.9019966,0.53874344
0.00035437942,8.564591,0.90803826
0.747869,102.6778,0.7670779
0.5536713,220.52753,0.7726599
0.20063654,35.796234,0.9428762
0.82614136,122.010574,0.697513
0.48107076,115.05367,0.57999486
0.7337661,165.65778,0.7200368
0.8819843,142.70192,0.8232285
0.18751267,82.37852,0.61126596
-0.0045398474,73.14473,0.9799739
0.5509274,196.01512,0.9629612
0.50193316,138.0246,0.9496968
0.21917427,96.20224,0.8877076
0.6651611,155.03162,0.7489345
0.70395434,202.27235,0.69872504
0.067150176,241.49504,0.6289545
0.44408217,100.22715,0.9825739
0.9137757,15.454271,0.78099084
0.18161705,246.23244,0.61608034
0.79044944,184.52402,0.7321235
0.7000694,-75.28458,0.80037713
0.72601277,229.99065,0.7196783
0.27467912,83.77723,0.77156353
0.3128729,-228.20587,0.92566526
0.47028115,180.36165,0.50441456
0.3587425,-6.1843657,0.540126
0.7956475,45.656216,0.6994412
0.5747638,38.282955,0.6249779
0.0083206,190.55833,0.6678096
0.57105076,60.679115,0.6786284
0.38734263,121.95073,0.8356789
0.07606569,63.499588,0.82866174
0.5209904,154.6615,0.7791053
0.4042731,100.34936,0.69284236
0.44222423,86.92892,0.7911521
0.40829915,43.26103,0.80904424
-0.055092573,142.84215,0.9993989
0.2997399,135.54959,0.8807491
0.8194096,44.849197,0.642615
0.85689306,142.96808,0.83704156
0.68325156,147.93924,0.94408816
0.004142672,85.675934,0.71200293
0.62397754,110.386154,0.8615094
0.067962915,186.66241,0.7054252
0.5055995,115.8029,0.91526055
0.8501488,206.14536,0.81286025
0.8320241,214.70044,0.65513563
0.72657776,154.49345,0.79336786
0.4180685,149.64117,0.98856354
0.14171901,92.020355,0.75834996
0.8702279,205.8757,0.6048898
0.6538094,40.396103,0.8140168
0.54097366,216.33069,0.8549541
0.27862498,125.279854,0.707864
0.07193461,216.84706,0.5102924
0.6818346,189.97035,0.74506223
0.49956793,130.5926,0.94689316
0.6752362,114.26303,0.72817427
0.17846909,40.279804,0.9098046
0.121261746,237.49916,0.5930064
0.24855569,188.57869,0.8800886
0.8700793,98.79702,0.8387387
0.4315985,159.64621,0.71066827
0.26965025,211.54256,0.63002867
0.66409206,169.36075,0.6213614
0.28510606,181.17076,0.9658744
0.3454076,66.16357,0.9923985
0.23132852,242.71014,0.5699038
0.09526676,210.26352,0.53196293
0.911667,188.51103,0.6041722
0.15754476,75.287384,0.54789156
0.28923792,140.09213,0.8488033
0.7689004,144.27136,0.8481062
0.65094304,-33.939404,0.5284934
0.84589124,27.429873,0.67891765
0.59991217,60.54245,0.69176584
0.57102716,213.18283,0.6779816
0.55404544,49.040066,0.88557816
0.82509387,204.75426,0.9250591
-0.020532489,151.79784,0.7972549
0.5032195,109.09253,0.7633277
0.40057394,224.64528,0.8195057
0.91620326,176.41765,0.56951725
0.45472375,136.30864,0.94622487
0.006523341,60.95369,0.7372568
0.3448071,-5.552149,0.89485765
0.6701946,218.15443,0.5943737
0.3409759,60.2107,0.54417497
1.0035903,77.341965,0.57438684
0.508033,85.69876,0.7558062
0.36817062,24.83153,0.4828293
0.13375571,164.97137,0.70233214
0.47763032,107.466896,0.9541718
0.5656186,79.57703,0.821282
0.7934567,164.51666,0.53387713
0.4419026,88.56712,0.8748733
0.8379717,165.7963,0.77173203
0.5504257,35.399982,0.5479932
0.78347206,213.28435,0.75273716
0.4299604,114.03595,0.64900184
0.85527176,207.2854,0.7639068
0.3257384,146.91444,0.77380335
0.5338152,75.988106,0.57885814
0.7102344,197.90092,0.62533736
0.7427453,166.87154,0.89601934
0.70039177,54.650814,0.88845176
0.5722557,54.84583,0.6813516
0.3992064,102.56609,0.7918774
0.33623022,129.41878,0.6979061
0.74268717,39.178394,0.56713015
0.617812,229.37265,0.72631216
0.7740232,222.67218,0.578647
0.34547603,233.31548,0.6610548
0.43925485,42.611683,0.5512961
0.41947708,38.815826,0.83297884
0.49687865,77.91331,0.6996851
0.40020472,85.25564,0.80904406
0.7500682,175.84694,0.95232844
0.429363,60.17938,0.8915313
0.26631844,167.55035,0.55200034
0.06793198,148.77222,0.91218334
0.26543272,174.22404,0.65195704
0.64475787,214.85765,0.5568223
0.8034722,177.43611,0.6590919
0.33348683,154.58606,0.51799613
0.7886307,147.27242,0.7798707
0.25177312,23.774784,0.7467107
0.26972964,140.92517,0.81620896
0.65004516,219.83662,0.65709513
0.731965,143.83884,0.97129077
0.62457055,194.39786,0.9706428
0.1368798,113.684494,0.8035463
0.4163918,160.01556,0.8702861
0.019681215,13.965234,0.9162096
0.29568976,43.316166,0.86532676
0.7371296,29.028448,0.7738969
0.53909594,51.617638,0.9615741
0.8990831,184.73494,0.8505033
0.7605778,-46.638893,0.60864496
0.4622933,211.13353,0.6602611
0.17609918,162.62378,0.6634856
0.83780915,173.69798,0.80577624
0.41687912,43.60788,0.6724835
0.7535713,189.46754,0.55146396
0.46864897,97.9999,0.57450545
0.8102894,189.41283,0.505741
0.24850804,118.32184,0.7645794
0.5364115,67.35392,0.72257084
0.68724227,193.2255,0.86261547
0.737604,216.85364,0.8058163
0.4086706,65.35862,0.97584116
0.22018215,115.122055,0.8399068
0.8029727,230.78854,0.9252707
0.6620691,88.889725,0.96147275
0.91088665,167.63808,0.7486894
0.25731164,174.09218,0.8658691
0.376678,151.95457,0.78063416
0.320631,66.05338,0.8714336
0.7398193,214.09836,0.8895432
0.17498598,104.831924,0.66173273
0.6977291,198.66016,0.7331493
0.45649746,69.706825,0.967447
0.39760154,217.9571,0.7299597
0.15450618,74.78124,0.73020864
0.5238313,53.291126,0.6205476
0.8670907,193.07217,0.7431178
0.23568583,105.76021,0.8443117
0.7189351,176.64937,0.7422993
0.2589509,107.12314,0.7563367
0.005232483,53.36974,0.72788656
0.42494375,110.88024,0.8473664
0.09505543,150.41473,0.6525091
0.37737894,138.29369,0.88405085
0.75979304,214.45906,0.7433833
0.0040781796,143.71664,0.7208879
0.33463955,59.8469,0.62147385
0.6870431,142.2001,0.84875894
0.48465165,48.47579,0.9641119
0.46976498,158.41617,0.55067337
0.29804206,89.44515,0.68217534
0.59479713,205.44615,0.6828861
0.1505197,173.47372,0.5923379
0.43997386,107.326416,0.96610814
0.5612176,64.47325,0.90707517
0.10571721,30.242773,0.7402391
0.32758322,-214.657,0.5623614
0.5656878,126.29185,0.57767767
0.36417365,136.58978,0.78529567
0.4850317,193.68474,0.7557064
0.6805681,80.61167,0.62848717
0.3512959,179.51,0.58463657
0.41685307,80.480576,0.7566344
0.6893549,174.28802,0.5319195
0.54661065,49.393845,0.9913236
0.8786105,149.72353,0.9769968
0.4768757,70.90624,0.6965463
0.8104195,228.63217,0.5945495
0.5439852,195.0811,0.86203045
0.4444603,133.13634,0.93058646
0.48702863,203.31776,0.930297
0.37215185,225.4534,0.78577155
0.59834063,198.46263,0.7909435
0.92675674,84.20007,0.67283106
0.6231473,75.43335,0.7499362
0.59758425,113.565155,0.957767
0.3521276,118.49184,0.7628091
0.2817257,227.2446,0.51616555
0.21127266,230.51675,0.543119
0.3496354,151.67601,0.6562946
0.84777856,136.4845,0.797595
0.037552178,103.365814,0.8504442
0.38443738,196.85115,0.585484
0.56353974,95.155716,0.9927788
0.5760764,54.50895,0.9062526
0.92605853,153.7248,0.99433327
0.8132962,138.97575,0.99458015
0.52838594,165.38542,0.7579453
0.59309167,185.27577,0.781339
0.5731612,172.4483,0.8338891
0.4490878,72.42267,0.827241
0.7356154,139.26909,0.6114695
0.28920764,164.48987,0.5144428
0.6081615,133.09161,0.88679147
0.20287308,89.90229,0.9031478
0.091427326,177.07262,0.8180682
0.720934,189.89426,0.95944214
0.6072203,243.43324,0.58826464
0.9103925,100.02085,0.9784144
0.83986366,142.45892,0.88198143
0.20532158,103.91208,0.5168068
0.325513,326.00537,0.7647959
0.5999514,186.00717,0.77193886
0.11346766,131.4995,0.56275576
0.42081898,119.82236,0.645214
0.65153503,190.67198,0.8254523
0.93031216,130.60388,0.5973482
0.77099764,140.82944,0.9545969
0.95413095,184.27956,0.98353326
0.8363987,167.2831,0.7693819
0.43261704,77.677315,0.73236984
0.3810915,202.78024,0.82225406
0.5380333,66.93385,0.98272955
0.49330068,243.20827,0.56791633
0.39544398,67.97138,0.52428675
0.73020625,154.57202,0.957602
0.75178057,148.14795,0.598549
0.7439956,139.79636,0.57537377
0.8513399,223.3923,0.88723856
0.8919011,17.846191,0.7780899
0.5857879,156.7605,0.5517433
0.7199613,191.58162,0.6389704
0.611217,-49.690063,0.60068655
0.2786994,87.091866,0.63156784
0.2017754,99.906654,0.66436934
0.7728865,210.74979,0.58656764
0.90437746,83.38304,0.6384487
0.7695465,112.722115,0.84500384
0.644294,186.60474,0.8048054
0.5133662,180.48634,0.8585013
0.4081635,62.32484,0.63483286
0.19378132,152.83284,0.6304507
0.32341614,161.0534,0.77115875
0.7086708,221.7002,0.5237641
0.8591742,148.33069,0.9060905
0.6413508,53.490047,0.706821
0.43254682,132.1617,0.946303
0.55574197,28.293299,0.5246249
0.031197906,77.09781,0.8660742
0.775993,178.51439,0.592976
0.14614621,167.83403,0.7440942
0.05224672,170.64995,0.6815019
0.30073947,41.415054,0.5680771
0.21441811,122.862076,0.775679
0.5614957,371.51645,0.88714415
-0.0037661195,160.46649,0.6280656
0.87209845,136.35507,0.7424677
0.5192807,147.75471,0.71133274
-0.00027775764,71.93928,0.6276137
0.7995671,179.69461,0.5811767
0.6408411,39.020634,0.67444783
0.43686885,31.900024,0.654176
0.74688524,161.75833,0.8504068
0.6827798,187.44997,0.6257867
0.4506148,217.97931,0.980633
0.7683144,184.74745,0.9132402
0.40867156,194.48854,0.66834474
0.32216352,193.37024,0.61249804
0.63216794,27.739704,0.7796253
0.5613338,54.647396,0.88010347
0.069358885,87.01686,0.7752024
0.19310617,53.449043,0.83009434
0.2584117,159.75513,0.61675256
0.41888434,182.34071,0.8043797
0.4711049,179.65826,0.65389097
0.700704,207.66336,0.8049934
0.59526134,226.23238,0.60969424
0.17548275,72.848564,0.927711
0.010503769,225.66481,0.54709655
0.67937917,101.49574,0.7313855
0.23484796,49.015167,0.77701914
0.83190596,224.94344,0.9732038
0.639059,84.04683,0.99245954
0.6578723,231.34995,0.5313971
0.07404226,183.69511,0.6564178
0.73203003,148.61104,0.8364018
0.316177,172.58073,0.88819885
0.28267765,166.61447,0.7935119
0.56704324,222.78319,0.71000963
0.7408276,193.56166,0.8035793
0.6064832,107.05694,0.53996474
0.2527106,159.31142,0.7241248
0.36319047,96.71418,0.5298904
0.71948117,185.89668,0.6698233
0.5522724,169.317,0.90442824
0.56951,54.621273,0.9259677
0.35113615,75.00101,0.74565005
0.18657124,39.404655,0.77251214
0.6211222,86.89907,0.95557874
0.5687647,181.55656,0.74709284
0.92420805,95.319786,0.8286323
-0.028027356,52.72284,0.931687
0.6599781,153.65903,0.9504734
0.5387347,178.48236,0.5581062
0.56148845,121.20463,0.7085119
0.47021055,120.00058,0.93373454
0.80182475,184.14511,0.6298024
0.31566632,167.67624,0.63140404
0.33294582,154.49123,0.5280364
0.20335853,188.33318,0.53647393
0.5584979,131.76826,0.73058885
0.32818925,102.59116,0.64421153
0.92629194,126.11827,0.70784867
0.8207729,95.059784,0.7434576
0.8409878,73.69624,0.8205781
0.8045534,184.23973,0.645182
0.76067054,190.44441,0.61520785
0.4739356,228.08171,0.6219853
0.22192675,93.19055,0.58010834
0.2336311,203.2869,0.89215565
0.721719,-13.215428,0.80609167
0.37899977,79.93135,0.88921773
0.16173726,205.98233,0.7929963
0.5069957,205.66531,0.9911791
0.34444124,73.75539,0.971189
0.65363806,231.3363,0.80747527
0.43952125,220.78777,0.6320542
0.34695446,138.04843,0.5852932
0.34351385,109.01782,0.54579794
0.78690565,230.27516,0.6299617
0.82749367,202.78363,0.6668472
0.5822591,117.82804,0.9209942
0.82656825,179.78899,0.8482752
0.12026659,229.7808,0.5042261
0.41965908,76.181816,0.8275455
0.681468,212.8103,0.7805577
0.820516,113.725395,0.57051295
0.6815259,242.05214,0.95048416
0.84995526,192.1702,0.81786376
0.08244285,65.26654,0.8444259
0.07602048,177.55579,0.7304695
0.37743005,94.22343,0.7758
0.6341828,54.065613,0.6598624
0.5313629,171.65291,0.802189
0.029513925,194.02606,0.54250115
0.7481154,168.73755,0.6490337
0.86932325,79.43657,0.67421335
0.67653054,201.09053,0.8994757
0.53455997,183.1098,0.65931356
0.77744627,195.90417,0.94186556
0.68791807,170.3996,0.88653946
0.1149565,148.49905,0.5758941
0.09663293,103.82011,0.6458796
0.39677095,127.74723,0.9743103
0.1538302,35.48082,0.85944843
0.5156744,123.62514,0.9930783
0.50408256,26.227886,0.70376605
0.85705304,131.08267,0.939368
0.8793148,125.486755,0.7827264
0.021568686,79.761665,0.7429599
0.79081655,178.07195,0.5470961
0.38198066,92.731735,0.6674221
0.38540924,31.618399,0.6503874
0.5818712,185.4263,0.96046126
0.56064385,32.380558,0.7424141
0.44750714,-305.4721,0.8485754
0.6238494,210.32724,0.6103381
0.64910126,187.38943,0.8496699
-0.011489987,57.703262,0.9372002
0.3578875,40.990604,0.5797818
0.19973722,235.55699,0.92232823
0.90607077,182.45758,0.9770514
0.43920988,110.16262,0.61624366
0.23242772,86.39073,0.96246517
0.4918294,115.02626,0.97326696
0.59655094,188.70294,0.54520476
0.73481387,208.14876,0.51941526
0.5119092,28.548956,0.89973664
0.43695608,199.61797,0.80955064
0.3371048,60.801716,0.85849893
0.31134796,107.16329,0.79079986
0.38923132,137.93787,0.7541077
0.47048995,32.351227,0.7775327
0.18035322,138.22467,0.5834304
0.7331081,57.899883,0.7786791
0.1682316,210.12744,0.68111694
0.6544215,106.11328,0.9767091
0.8805798,193.1119,0.592965
0.6314399,152.56317,0.8825661
0.78588134,111.72239,0.6462431
0.6971957,101.572655,0.62709236
0.67217743,70.53148,0.55544627
0.8585769,203.83894,0.56231326
0.5449598,92.92182,0.78917617
0.9185705,178.27519,0.78374493
0.37523994,239.56097,0.5024562
0.69897336,166.53311,0.75870544
0.7364594,127.76966,0.7341338
0.114772886,47.72896,0.72971606
0.68041074,221.9039,0.50415885
0.5158347,91.30561,0.5941361
0.11597225,219.34268,0.7792176
0.052662283,229.80574,0.5697107
0.08592203,216.83847,0.7682102
0.32216465,120.95606,0.9048997
0.68966115,154.57639,0.5601077
0.46104047,78.93225,0.96448076
0.79787517,190.83192,0.7810256
0.98092055,37.007725,0.6405072
0.2527735,185.03763,0.769973
0.5789286,129.46646,0.9714221
0.56475234,181.33148,0.8637561
0.93765515,65.193146,0.5234258
0.8866074,-287.4601,0.5656435
0.30377364,76.46135,0.7192294
0.6015301,150.4118,0.8714635
0.13485727,112.93138,0.60790646
0.40905634,113.64092,0.8301827
0.5672183,42.83806,0.98295283
0.82983506,119.983894,0.9938023
0.24775591,40.056503,0.58176345
0.5849198,198.94029,0.88682413
0.78622115,173.12108,0.903919
0.66505486,205.66719,0.68161094
0.36226338,158.7543,0.7513784
0.27941865,187.17378,0.78573835
1.0296926,65.46382,0.5147999
0.4215262,82.80548,0.810126
0.20483598,34.60551,0.9244524
0.4309288,78.3089,0.77658176
-0.045793593,107.301735,0.9682499
0.3197888,181.54857,0.53697497
0.38018698,175.92201,0.90410113
0.60185844,96.61225,0.9391612
0.6861595,209.80495,0.6245966
0.8150716,190.05692,0.8943265
0.6750523,222.66455,0.648102
0.29442278,40.026714,0.8544528
0.61352706,153.28996,0.8041208
0.7508732,185.32507,0.5499088
0.64621454,-83.50511,0.72295535
0.35897315,24.8461,0.54816854
0.6531374,71.52263,0.64281183
0.24492833,84.808075,0.9400916
0.5951372,247.67183,0.73921335
0.6805508,132.34929,0.82563686
0.024111897,172.72038,0.8249824
0.27245522,192.02997,0.91840684
0.46924135,79.87763,0.8894325
0.42601946,39.19973,0.59638226
0.6960065,173.71576,0.52712464
0.61206245,178.07071,0.78121686
0.24102157,129.01631,0.8818588
0.3808253,195.57341,0.83101183
0.1920802,74.822296,0.5575377
0.018408656,33.763405,0.91280925
0.45018995,93.23674,0.75568026
0.8665322,192.78136,0.7290083
0.92810714,55.000904,0.79139173
0.32263988,75.90324,0.8351455
0.37388504,168.82338,0.8382134
0.81386375,229.8615,0.54368734
0.8020338,160.66864,0.8463479
0.41851318,70.46434,0.73588634
0.87378967,195.93414,0.7678577
0.24481988,157.14505,0.9018159
0.5269652,40.77575,0.9822984
0.7694166,78.85625,0.6194303
0.8262949,201.91496,0.6892302
0.4481619,178.24739,0.8477969
0.549,197.94832,0.89687157
0.58417296,93.99071,0.69235927
0.9848025,44.548153,0.5759332
0.28851378,101.579796,0.80640054
0.11603695,232.77303,0.9047054
0.35537687,60.810703,0.64893687
0.6249927,179.87534,0.5602207
0.07501528,245.93404,0.60327744
0.8123249,209.79236,0.89838594
0.39730006,209.80678,0.83030915
0.121288955,252.27925,0.9947325
0.08401626,69.8653,0.91934204
0.51191705,128.12262,0.9815937
0.13508624,218.7364,0.7225617
0.6904502,65.54147,0.5398059
0.713977,184.94038,0.8680008
0.73910046,186.55284,0.88838065
0.054989666,214.40898,0.91338885
0.2078551,147.74948,0.52966005
0.5312895,220.02841,0.5381183
0.6145907,169.17685,0.64720213
0.29388592,96.173965,0.94073933
0.6015214,36.479454,0.8954698
0.78821445,206.03145,0.564004
0.13777697,86.35619,0.83934915
0.23879758,53.31907,0.7500318
0.623194,119.67285,0.80320835
0.3959418,175.32678,0.96150845
0.23039594,165.17224,0.55920684
0.4971059,73.29108,0.9724479
0.57451844,175.76149,0.8668706
0.72638065,211.23573,0.63983274
0.086851776,223.2569,0.538081
0.7601141,126.71848,0.6980093
0.47994304,194.42302,0.956311
0.5762365,155.37073,0.5255489
0.6335662,36.51469,0.6724554
0.20767376,217.35771,0.63449377
-0.0045776963,77.95625,0.8458338
0.7070383,36.299587,0.5096338
0.35624117,194.40982,0.6251558
0.38655424,153.56917,0.6072643
0.8155738,154.53867,0.5167403
0.7760854,101.41412,0.8837784
0.76181066,62.351917,0.6698301
0.6780553,186.50154,0.9191438
0.6137673,91.73429,0.9925472
0.9922302,42.621513,0.5308528
0.31372404,218.0943,0.52681303
0.6629138,166.86687,0.83180165
0.7289407,184.20851,0.8030347
0.44079113,37.093925,0.8057935
0.5197494,97.18041,0.57186925
0.31545347,149.47372,0.5625497
0.5127883,175.36931,0.9015237
0.61910784,241.3957,0.87867427
0.67979044,225.37106,0.6328163
0.32670498,121.95169,0.76988304
0.47008812,178.77821,0.51963794
0.6580283,176.5459,0.8788237
0.41365778,45.134136,0.67839223
0.8181916,79.27837,0.72290057
0.38578168,45.09458,0.9770837
0.4510768,68.940216,0.86586964
0.26811975,203.2841,0.73968893
0.113003194,-110.06286,0.52619195
0.16432083,202.47484,0.52882695
0.119749755,178.90187,0.73136514
0.2751736,56.285557,0.6443606
0.32739535,154.34521,0.7035819
0.7130066,46.486843,0.60590535
0.31168607,146.89235,0.5204895
0.35475355,230.9801,0.7154473
0.65405405,193.75148,0.88072836
0.34576404,111.700226,0.7458133
0.70724154,211.64699,0.5774701
0.6874853,163.41049,0.85503054
0.46491694,208.60306,0.56071436
0.51113033,188.96542,0.9073386
0.6919925,187.59685,0.7622183
0.85283536,141.44897,0.85273093
0.45494127,65.82916,0.59629804
0.3997018,172.20285,0.65070826
0.6961666,162.52817,0.8890854
0.87722325,197.95633,0.5415672
0.5531261,161.30234,0.94669616
0.6113113,232.03537,0.66788113
0.3144256,112.928444,0.6559002
0.7237699,173.9009,0.8955184
0.71699905,196.56178,0.6096276
0.08171323,76.71623,0.62422854
0.09605259,207.15456,0.7046113
0.17840251,196.8856,0.904944
0.88682526,197.26979,0.6210178
0.836993,143.13316,0.6976499
0.61635333,42.559006,0.91250277
0.5389521,200.95413,0.7379302
0.19461983,83.90778,0.890251
0.7349912,149.69508,0.81899893
0.27502382,159.20569,0.7812078
0.4938742,69.156555,0.7824747
0.12982899,154.4355,0.96942234
0.9092088,123.94594,0.6039667
0.47901452,61.666737,0.90066665
0.76597273,174.71858,0.74971175
0.7891461,164.48953,0.6671765
0.20292187,179.46738,0.9486679
0.3419179,131.33243,0.8855314
0.7641858,170.19702,0.6986167
0.26910365,170.09256,0.91027737
0.76980954,131.03731,0.7854047
0.7436658,174.13852,0.91222024
0.17026353,151.00594,0.7316107
0.40982178,80.19023,0.8523009
0.4938307,197.8041,0.77515435
0.8589159,127.27505,0.95438623
0.056800246,182.33456,0.59675986
0.31185925,203.50923,0.91272044
0.02734232,80.41364,0.8809748
0.28825843,104.458565,0.52324194
0.6048344,228.12595,0.9373195
-0.0020483732,-15.590767,0.63286614
0.57990766,175.99382,0.8483968
0.40467626,139.2193,0.5654509
0.8154122,164.06808,0.93416816
0.37894702,59.37899,0.59397495
0.3918145,162.1828,0.83537424
0.7487595,203.91107,0.6713928
0.90111214,86.83106,0.8334772
0.7211727,23.04516,0.65784895
0.6403465,212.73376,0.5759015
0.3343975,42.34038,0.6364976
0.5797311,97.105446,0.931688
0.7465551,194.92003,0.55178857
0.701101,172.14091,0.5438544
0.31634247,228.78033,0.63293254
0.665968,189.23566,0.6398775
0.3824745,83.1465,0.92244774
0.42706767,225.75624,0.9765078
0.5874636,23.191885,0.6617398
0.697021,177.7446,0.97185755
0.080252975,224.41928,0.50803435
0.15833324,108.34067,0.83471495
0.4937686,228.64073,0.5204151
0.32160473,151.03091,0.8561172
0.6294575,182.63754,0.6553771
0.78339565,155.88483,0.5123722
0.4577763,207.10352,0.89254594
0.27376372,223.20332,0.5405727
0.6555799,222.80241,0.5088159
0.87153983,162.7286,0.80197155
0.5176339,93.26068,0.89821255
0.7937232,130.86465,0.7489158
0.728665,43.72971,0.8729982
0.20386738,141.56064,0.52825403
0.87456566,215.97688,0.6962687
0.038310796,30.874517,0.92086506
0.42587397,171.13753,0.9768919
0.7048764,150.4919,0.8765461
0.31576025,111.24189,0.85367215
0.6763569,200.03278,0.5218671
0.05502495,41.90521,0.52374184
0.55345535,162.85657,0.9845154
0.4246543,63.05641,0.81311333
0.37736285,102.17974,0.9090929
0.7643615,201.98566,0.5458659
0.63607395,199.38092,0.96915865
0.5062222,108.43658,0.71044236
0.18683752,55.718536,0.8482938
0.35591736,232.21095,0.587332
0.83203804,205.75499,0.5883923
0.20600578,51.32131,0.5423939
0.37797064,31.256208,0.533749
0.27914965,123.28434,0.8072476
0.29294613,120.15857,0.89703906
0.48719802,63.171898,0.8889715
0.3740343,45.414047,0.87585425
0.6193354,230.19215,0.60645473
0.80028033,103.08854,0.6870292
0.5189462,193.83102,0.9080966
0.28270152,138.83841,0.8266463
0.4486415,111.51544,0.83942217
0.2757398,106.07466,0.8544601
0.068985075,68.88604,0.86864233
0.4647957,80.28131,0.798784
0.5627191,220.20377,0.96458757
0.16726753,172.4376,0.9462257
0.07376766,209.3372,0.97401905
0.37005252,101.09479,0.71515024
0.77325857,158.63367,0.926851
0.8449726,87.28784,0.6062626
0.7680825,81.33726,0.6135096
0.41512072,43.77081,0.9503763
0.15668118,107.12403,0.5160735
0.7227221,223.55423,0.6903324
0.4936462,59.692505,0.95915616
0.826025,210.40416,0.62195563
0.12969139,201.97911,0.624934
0.36494797,44.61502,0.6817246
0.5805749,199.04242,0.79089904
0.8067935,160.88457,0.98338914
0.80229884,163.78752,0.92958355
0.6793966,205.80388,0.5911771
0.14966816,157.9462,0.6066057
-0.0233922,210.29697,0.7518983
0.8301426,214.90126,0.5118862
0.3461153,190.68703,0.6299967
0.78150487,178.95335,0.8256825
0.11038032,192.44807,0.6841043
0.4794112,212.57213,0.5016364
0.53749365,47.86567,0.87721944
0.5584734,143.91519,0.8376932
0.42020398,88.35535,0.6961227
0.50410855,103.37797,0.6581609
0.790889,169.60498,0.6921513
0.5699716,171.86218,0.97192717
0.398431,144.41174,0.5348327
0.16187617,66.472786,0.781857
0.44306523,120.51304,0.90457654
0.7511271,124.8339,0.81377923
0.8675064,219.4767,0.7449047
0.16872725,125.73057,0.52623594
0.50197595,30.846058,0.5186117
0.78080535,148.97174,0.8587016
0.5546814,59.577152,0.97184485
0.50757325,177.68251,0.832481
0.65764415,156.97874,0.7514862
0.95634985,52.2311,0.61954784
0.48090374,102.66775,0.7368051
0.66711307,212.22638,0.86683416
0.03882155,85.89593,0.7983749
0.75609446,-123.901085,0.6367517
0.9415013,69.336296,0.6824268
0.45519918,197.53323,0.6343859
0.78377867,162.02953,0.56226766
0.36499602,118.72962,0.9261679
0.6757218,207.28645,0.75909257
0.43251207,191.6164,0.6569255
0.013571382,176.79152,0.90078855
0.5557691,194.64119,0.904559
0.5081148,85.03706,0.96280086
0.80067486,123.26456,0.89181423
0.37730893,78.64458,0.7086536
0.7534847,155.4929,0.8249046
0.4910183,190.24698,0.5621156
0.28183895,211.66373,0.9119191
0.77551126,164.62276,0.6065092
0.3609841,108.48597,0.5280914
0.71284497,217.18321,0.6920075
0.47927144,86.854836,0.98572904
0.49662125,193.08699,0.7533819
0.5531746,79.3008,0.92729634
0.195326,176.5976,0.6124569
0.044892043,31.504047,0.6989976
0.4392009,124.477196,0.78296936
0.3104563,30.884455,0.5769876
0.506799,34.603477,0.7980769
0.76353025,183.94794,0.7644552
0.83819354,195.95448,0.57068825
0.5611903,42.19652,0.9839639
0.9408182,146.82787,0.96767104
0.10795623,76.88198,0.8117268
0.17842084,85.19962,0.80949175
0.82662296,83.25389,0.67722225
0.42231798,73.839584,0.8371341
0.4936853,65.75665,0.94909567
0.3804535,75.29905,0.87211585
-0.003646195,80.65768,0.954079
0.33310595,138.16621,0.74575496
0.041712075,76.36245,0.856652
0.29576403,46.756195,0.74289143
0.105606854,221.66603,0.57001305
0.7258777,173.30272,0.81435704
0.21059868,190.74983,0.73939323
0.7316068,159.20787,0.7875296
0.34620303,147.11601,0.6466174
0.6800333,131.4302,0.7544237
0.6572004,209.4983,0.88580203
0.28201956,38.25811,0.5794431
0.5194556,101.16071,0.9537675
0.691486,38.936646,0.81786716
0.77751267,60.275005,0.89328086
0.27113914,167.23605,0.9247043
0.6069277,126.37505,0.5111199
0.018211335,-7.9622946,0.66107154
0.33352894,45.072895,0.60379297
0.39593682,163.98164,0.85167265
0.25437173,198.29167,0.8164635
0.7848733,32.92195,0.7159314
0.32308322,53.362183,0.67023146
0.60209006,41.85825,0.9185806
0.41990745,94.51273,0.93615735
0.81584287,196.79202,0.92921686
0.5535593,211.7866,0.6358575
0.543761,39.13785,0.9008441
0.84488434,126.23217,0.8534639
0.052139133,69.20682,0.74801683
0.1695689,95.96397,0.58946806
0.534189,176.93483,0.80213296
0.87281847,126.53087,0.7173429
0.56938195,52.661663,0.53568244
0.25042072,303.22507,0.6837964
0.4372974,130.25203,0.72119975
0.14745834,137.25812,0.56317747
0.2656775,114.0938,0.8158408
0.76116055,128.68614,0.93773925
0.36313814,118.56555,0.86700225
0.6098669,195.68483,0.8245349
0.35883117,162.57555,0.56478924
0.1937001,33.69404,0.6741443
0.36197108,106.26212,0.5532739
0.481268,221.68645,0.7256485
0.34814352,85.0104,0.7107981
0.57340443,198.04247,0.50898606
0.5152614,67.326126,0.7292966
0.21910855,216.87173,0.6322965
0.97671825,80.583694,0.52192193
0.48819768,35.318825,0.80871975
0.7246083,100.61761,0.68253016
0.21397284,144.15929,0.9072159
0.17595729,32.24299,0.6311384
0.21368888,90.37014,0.5006845
0.27278394,24.077564,0.7972207
0.91154647,175.70665,0.5593574
0.47032145,70.8566,0.7784593
0.576348,154.5349,0.7803199
0.42321607,81.15193,0.89911485
0.08602011,82.310585,0.7346064
0.6059061,190.13156,0.6066677
0.1046032,181.09747,0.87789935
0.58339775,198.77632,0.6155238
0.48190463,83.669685,0.94141984
0.887408,98.65197,0.90905964
0.6962577,131.21455,0.70984185
0.869607,52.92328,0.7252604
0.88763374,156.67563,0.8997438
0.65275455,209.28963,0.58844805
0.8399291,174.97781,0.92738235
0.5749325,40.12727,0.64336145
0.688115,217.83838,0.8774587
0.79054403,190.3685,0.7293237
0.8017084,176.19148,0.5111793
0.47755077,137.98187,0.8304299
0.6226209,155.76218,0.89645827
0.63116306,143.99982,0.9326288
0.0085499585,91.93296,0.91988873
0.2808667,90.16058,0.54170835
0.42379645,57.10791,0.82085776
0.3090147,79.41775,0.7108147
0.71001923,132.16994,0.68742967
0.93579155,143.42168,0.9896742
0.29548663,117.36787,0.83505785
0.8737588,60.336674,0.6745292
0.26158184,76.53933,0.62878585
0.31575057,55.965282,0.78274906
0.3866875,46.65163,0.5573182
0.6261159,34.170193,0.8521918
0.55965924,36.84013,0.9813092
0.70209736,143.79417,0.7240725
0.8408638,203.35762,0.82421935
0.8526724,178.97458,0.91286314
0.36668456,65.666245,0.5533366
0.30458406,48.461018,0.6698615
0.44669998,82.1967,0.7997159
0.63963616,168.77798,0.5309386
0.45654914,184.58066,0.90414965
0.07320139,44.538574,0.82365716
0.21246976,221.40437,0.8068187
0.8459091,146.74837,0.72931933
0.58918864,180.88643,0.5563447
0.59389615,184.7485,0.65915525
0.7041162,135.5824,0.9732883
0.26846284,119.52378,0.6030263
0.26386273,110.259544,0.8422334
0.66653013,-56.245632,0.5399768
0.790396,210.7878,0.77189755
0.5417175,84.18931,0.9938891
0.4708035,126.341896,0.9231285
0.6650747,178.10793,0.78118867
0.029189795,79.156876,0.60792804
0.28202465,32.37835,0.52615565
0.44643998,51.07166,0.5693465
0.51623875,175.68893,0.9463589
0.8007277,197.18486,0.87703204
0.89192116,128.0379,0.69440717
0.50282156,69.24179,0.92213714
0.33784336,167.93909,0.6866377
0.60684013,31.802938,0.8030691
0.71982133,143.65268,0.5557502
0.4863968,153.45526,0.78208876
0.52969414,43.21955,0.93900573
0.31554407,182.14389,0.759342
0.7539362,148.1562,0.858594
0.34246755,133.81673,0.82496655
0.67424554,194.6839,0.815959
0.5869819,49.50616,0.5970678
0.36702928,87.49527,0.8688344
0.00027412176,50.397915,0.72050565
0.0027080178,167.10178,0.6682098
0.5838074,254.43823,0.7767375
-0.0037406087,34.348747,0.7349166
0.81062496,142.20264,0.9385294
0.66903067,181.86996,0.57323915
0.76740324,200.55484,0.5469171
0.22728541,186.34196,0.8885466
0.60692734,195.58923,0.80369097
0.84471273,140.5485,0.97623146
0.14101237,256.16205,0.9154266
0.3953278,43.094032,0.9504658
0.25391692,121.41018,0.6624546
0.42527676,78.12848,0.52804303
0.280083,198.89001,0.62313914
0.78296363,97.534935,0.7130204
0.51365775,175.57365,0.9688562
0.7782593,113.81994,0.9164252
0.39742818,115.34981,0.6929703
0.387282,46.39093,0.7631854
0.12189099,123.18381,0.81556654
0.47546214,203.8528,0.8971678
0.46663654,53.02789,0.60639536
0.23113772,205.44064,0.95395863
0.50962347,193.00713,0.71316177
0.7121386,206.24867,0.62908864
-0.06303263,193.36559,0.9988495
0.44027176,151.30244,0.647368
0.5827028,171.89601,0.53516304
0.37179565,174.91252,0.61363673
0.41037387,89.16092,0.51820993
0.47759256,52.34048,0.9294528
0.39774343,167.76382,0.8481166
0.511241,146.93538,0.99055934
0.22595051,100.28329,0.91701156
0.37352479,187.92648,0.66635317
0.29144493,224.50931,0.7617159
0.20564443,177.97836,0.7202696
0.3029402,175.00264,0.7911778
0.42013675,113.70899,0.82035005
0.7548079,141.70903,0.9205884
0.52046525,89.16402,0.9857429
0.64815503,74.90094,0.7975581
0.116689056,83.97944,0.8080025
0.54052246,240.82172,0.80182976
0.62667537,-43.343475,0.80949587
0.83203673,145.39188,0.80909413
0.8926431,96.83771,0.55689675
0.17492557,175.74196,0.52152395
0.23103714,206.89711,0.86170375
0.12926722,-208.22243,0.566232
0.33279717,61.63516,0.927653
0.40964693,79.89155,0.6664376
0.03425041,64.303375,0.9072641
0.23125604,172.32428,0.6231539
0.58870834,215.11401,0.8528125
0.49839178,74.51062,0.8085576
0.5682601,168.06317,0.5150857
0.246607,38.94807,0.5778197
0.54205346,100.43762,0.9918624
0.8704898,155.56355,0.7212223
0.41638532,146.30331,0.93944764
0.80800724,133.5038,0.8125969
0.5740908,157.1519,0.8273247
0.033805817,76.28653,0.84020615
0.36043903,124.014595,0.65133
0.15212074,30.326115,0.5486896
0.33915663,138.77214,0.83276504
0.57260764,184.22458,0.783514
0.7527729,178.75099,0.5726907
0.5633135,160.75963,0.92252135
0.5135996,144.44441,0.51270235
0.35130748,76.638245,0.59872794
0.18236223,120.076866,0.5107452
0.6016403,82.58706,0.56208277
0.78264487,187.24588,0.9413958
0.30167976,188.15987,0.6053657
0.88279724,166.14748,0.57446843
0.9211675,138.32054,0.7936559
0.046310604,88.97781,0.80478466
0.10495868,230.33476,0.8390976
0.2515931,206.85678,0.5930631
0.6365719,161.284,0.9324956
0.23514438,167.5485,0.7230024
0.35613412,206.80272,0.55264676
0.61323214,77.36596,0.95532095
0.64161706,264.9808,0.74930584
-0.042375088,183.52832,0.9998419
0.8092558,289.9691,0.5057043
0.6195658,280.82187,0.80138624
0.6142821,218.48886,0.6410521
0.21495256,63.544746,0.72621
0.200351,113.549835,0.9575627
0.79726124,221.332,0.67074186
0.1843966,186.27657,0.72134763
0.34213534,97.44705,0.8396313
0.061825305,56.07997,0.92292887
0.15983766,53.727882,0.8439299
0.62939465,157.10747,0.8076798
0.35363,226.53378,0.5536758
0.7276832,188.24434,0.82582486
0.87049735,219.05339,0.93270314
0.6301815,247.21034,0.5017567
0.6610019,47.154087,0.6925828
0.44257087,99.26294,0.8253201
0.398952,116.723495,0.75181705
0.77519345,177.29451,0.67545366
0.34119296,88.31095,0.69697475
0.41950148,69.65687,0.73754334
0.8677983,188.64899,0.64167625
0.5908234,59.948074,0.5862194
0.3456212,38.633102,0.88555646
0.47294986,197.68405,0.8296258
0.6855041,203.6595,0.566676
0.5442468,157.461,0.5239326
0.64512265,84.32294,0.52404374
0.40864992,2.2214458,0.7532166
0.4548834,86.293106,0.55493474
0.78786623,155.39502,0.9846895
0.26865548,55.83198,0.52975094
0.81787205,224.45462,0.7073871
0.75206447,151.31151,0.8824278
0.6881982,201.28067,0.76062495
0.7571733,222.65733,0.72583765
0.6951427,142.6346,0.86996865
0.77992797,207.03732,0.76963735
0.10521549,97.74809,0.8134506
0.39859486,42.87844,0.9394073
0.77580786,188.88689,0.5681304
0.422213,29.626766,0.7755033
0.18954101,54.211445,0.7096034
0.3013626,185.93208,0.8812628
0.055340707,204.77982,0.87820935
-0.015070617,33.264633,0.8827095
0.46360275,89.85505,0.6787442
0.24778098,104.03204,0.69717157
0.4901866,46.072315,0.8981032
0.9947511,102.68738,0.7025553
0.60606223,200.60698,0.80408597
0.8670186,145.72345,0.8223082
0.4978453,52.78511,0.9629122
0.33349225,46.80871,0.7946892
0.25073832,174.82948,0.7277312
0.4492352,130.60379,0.9855047
0.06181416,-12.518513,0.6835787
0.25486925,153.58647,0.980078
0.18991047,66.3845,0.5629595
0.21087426,155.42014,0.81608295
0.32525557,34.14474,0.89452815
0.0035192668,18.829887,0.87560856
0.19824287,134.12299,0.5880741
0.11219153,177.35622,0.7380846
0.70473886,188.73436,0.5074575
0.26081234,223.88025,0.58731824
0.16638646,110.25439,0.95441735
0.20862374,213.01715,0.922295
0.73832285,119.116684,0.57108575
0.5378262,131.88904,0.89293504
0.74974734,121.9185,0.75032955
0.2521354,90.8119,0.65821004
0.84638107,228.50243,0.59709734
0.00955227,226.37697,0.7723814
0.3056685,165.91475,0.91459996
0.5992764,38.15801,0.9262148
0.4597351,210.79497,0.77471894
0.07243252,17.741901,0.5225715
0.044003457,95.1158,0.5197746
0.30956537,202.7715,0.5943655
0.3738075,82.21919,0.862674
0.17940477,104.59305,0.67840624
0.4855314,54.786526,0.84238434
0.85239506,178.79065,0.5321238
0.7042427,-229.5663,0.5451453
0.22336227,148.57884,0.83303833
0.84295255,219.09634,0.7215351
0.76061594,126.22483,0.964607
0.34230223,45.154205,0.7356446
0.7606601,221.59746,0.6107003
0.54358184,34.561977,0.58895946
0.77042425,163.56091,0.66278934
0.24833477,208.62453,0.7983402
0.39472294,107.04406,0.513523
0.7119212,100.76181,0.98383504
0.5371722,102.751274,0.55567944
0.7411486,59.253693,0.7181138
0.71300024,140.11186,0.982429
0.22266692,96.89272,0.7670677
0.80936503,141.91888,0.7136406
0.53917587,113.131874,0.97305024
0.30097395,128.10425,0.9569086
0.17858508,208.54724,0.7382582
0.7986176,200.12013,0.6899692
0.33294582,154.49123,0.5280364
0.59331834,-132.44406,0.5260386
0.5392054,99.02482,0.9131688
0.34598637,73.27313,0.6537448
0.3792777,69.7189,0.9359449
0.9302368,69.464966,0.8467874
0.2367428,179.47485,0.8423947
0.65698373,123.16968,0.7804831
0.41679293,51.07981,0.91390395
0.62533176,68.90945,0.99156356
0.7429033,102.54471,0.53539234
0.88586986,120.63345,0.682948
-0.0050839186,73.95776,0.6974716
0.18025947,146.23878,0.9346938
0.2810306,27.098057,0.5177576
0.22800007,43.360703,0.7245575
0.4465653,78.7797,0.67138433
0.27219567,167.18608,0.89322644
0.4077875,54.852962,0.6648884
0.52992105,57.20075,0.89713883
0.10187203,75.66515,0.65491796
0.6330668,129.53836,0.8798567
0.77004343,106.99865,0.739126
0.4844472,109.95559,0.6255476
0.5167079,110.49601,0.9793736
-0.018210351,81.84727,0.94867176
0.52828336,90.806595,0.93166435
0.8873384,187.736,0.86908287
0.789245,224.228,0.6468907
0.43410912,77.56494,0.6830486
0.6631035,80.44669,0.54772276
0.89124155,191.44077,0.6688036
0.114023745,143.34692,0.69875664
0.7169485,181.05647,0.7690328
0.2616622,195.01965,0.6779157
0.61273175,190.24533,0.93438387
0.7903416,344.85974,0.8133384
0.6421715,87.22096,0.6727903
0.08944419,59.050293,0.6398984
0.043982804,251.99435,0.8050035
0.42043036,81.45033,0.90615654
0.6867003,163.06815,0.63648796
0.7378219,225.18076,0.51192695
0.33962312,115.13133,0.88838017
0.6785506,176.72076,0.56040955
0.4054374,83.91533,0.86930335
0.7922859,183.8029,0.66931474
0.3307254,71.69148,0.6864584
0.45079684,79.71111,0.60304177
0.08600512,50.037033,0.87066454
0.38863015,191.88136,0.9725938
0.44899604,121.17887,0.5106429
0.4683477,185.86182,0.8204988
0.1118364,220.82295,0.80864054
0.57228184,76.4606,0.9129996
0.71338785,223.89977,0.96541643
0.030164868,31.82714,0.5976056
0.7678536,212.42924,0.5649474
0.78702235,160.55037,0.68933284
0.27684695,187.07625,0.6782094
0.45409688,205.61783,0.7630515
0.49548772,182.45316,0.6824542
0.8588048,124.0983,0.80671275
0.67513037,230.38857,0.56672263
0.15498146,86.76339,0.72942746
0.1898283,157.6575,0.74285454
0.5391999,109.267845,0.7204674
0.60713315,45.411694,0.8192215
0.7856885,181.69922,0.70150685
0.48800674,37.714516,0.9014852
0.514027,74.3419,0.93512714
0.29706067,44.14292,0.5657105
0.13902652,145.05841,0.5473754
0.74452686,188.8574,0.8732426
0.515762,70.14165,0.94682646
0.7095724,207.05048,0.5765837
0.18961415,116.10753,0.7910943
0.32356513,62.320206,0.9774789
0.8425219,206.82512,0.513468
0.643649,44.321655,0.9150028
0.5917309,161.59518,0.6644583
0.4412349,56.489513,0.81236506
0.7661426,198.53743,0.82433236
0.7139597,95.13866,0.9883701
0.5077524,46.937817,0.5233137
0.7704026,218.70815,0.722688
0.7001691,181.44069,0.88154864
0.32479432,250.45427,0.7410363
0.059570998,62.27961,0.7889025
0.5526417,173.00896,0.5731678
0.040661722,189.57748,0.9687215
0.59562415,128.83342,0.86557543
0.4138719,135.40405,0.5176376
0.30945206,74.79693,0.79254776
0.5126985,59.140945,0.77748805
0.42533416,55.599983,0.6358422
0.8018204,192.00401,0.5991693
0.79685426,214.61557,0.84024143
0.35219705,64.13578,0.90691054
0.60281503,49.65059,0.5275958
0.7479704,49.486534,0.804312
0.2294079,57.36291,0.6445
0.61470824,83.12295,0.7965376
0.529186,63.998028,0.5357835
-0.015849352,104.65632,0.9278903
0.37670165,81.80913,0.8692367
0.31155416,133.83926,0.87884396
0.30145085,147.12204,0.89291966
0.24267378,207.50998,0.61910367
0.5783176,62.887615,0.7179408
0.554932,155.586,0.965115
0.49120748,181.91972,0.62999237
0.57281756,182.82858,0.6050758
0.5814869,111.646515,0.62778896
0.4067965,74.704254,0.89798987
0.41029143,183.73892,0.9750155
0.70923847,196.17734,0.85042965
0.7604469,161.71494,0.63676584
0.14009991,169.48416,0.81818634
0.30363628,325.80597,0.7911297
0.5939264,171.52144,0.59183764
0.28055638,51.76062,0.53050995
0.86110413,30.472042,0.5541972
0.42345566,109.92286,0.55213714
0.62411404,40.045433,0.8148374
0.5434793,177.28896,0.5478448
0.05804071,205.06476,0.842094
0.44514322,59.2029,0.8897735
0.3045967,85.18232,0.8361748
0.5573611,47.667294,0.96596533
0.0017856658,66.145744,0.87669873
0.43292236,31.542824,0.6099645
0.15720138,61.535397,0.95171094
0.6651299,227.23552,0.61472225
0.37621456,139.97829,0.95178616
0.40488413,49.524273,0.5802524
0.3397531,185.2863,0.5596395
0.35103685,115.35446,0.98229027
0.099523395,92.82633,0.6701781
0.08187857,-20.242111,0.6550034
0.2428444,193.88943,0.5157685
0.054590523,156.96312,0.7976316
0.092577696,140.70741,0.6552651
0.32489222,53.190254,0.83230525
0.587539,232.64713,0.75789547
0.87630147,116.913315,0.56950545
0.72197556,189.44875,0.64316
0.019806385,153.38066,0.84918445
0.14711738,199.48698,0.53456306
0.8022889,181.51476,0.77668095
0.49509314,182.38123,0.9559947
0.6752115,193.42662,0.85504556
0.84026647,-32.26004,0.51310617
0.7197352,159.43279,0.9368031
0.72530353,187.83696,0.88815004
0.36947596,77.46567,0.7157132
0.16530597,56.886906,0.89510876
0.24626032,186.47139,0.8429545
0.17220283,47.91513,0.91124827
0.54638916,67.172356,0.9215479
0.3984491,123.59427,0.7905828
0.3773185,90.71455,0.8508693
0.4855316,157.92407,0.6864747
0.67844987,42.49455,0.7028408
0.40054485,195.67528,0.91216457
0.34202248,108.11718,0.59640634
0.1878759,127.96909,0.6096377
0.68784446,47.77332,0.65462327
0.60218596,210.97305,0.9791142
0.51595044,146.23491,0.80263674
0.13437271,151.27663,0.5651002
-0.0037135482,44.68544,0.89386123
0.37063098,170.07915,0.92711127
0.3086275,34.53956,0.9295554
0.24478209,101.7391,0.76137143
0.3607517,219.01923,0.87261236
0.7280102,109.97467,0.5667312
0.3400518,186.57317,0.777418
0.56997114,134.97931,0.881985
0.97636604,47.770344,0.59453666
0.35965413,166.72147,0.51208454
0.7823204,165.67783,0.6497834
0.6541798,41.507393,0.50600404
0.35572428,112.69641,0.88889736
0.27806246,86.13098,0.6930003
0.31557503,124.640915,0.7098072
0.022458285,171.9093,0.6098887
0.45568717,32.804436,0.82857335
0.21021742,70.10478,0.5366138
0.31746057,98.31495,0.8046849
0.8856326,147.55914,0.7663454
0.51519257,38.42273,0.916255
0.6181168,194.23148,0.6118667
0.6544204,78.16141,0.79637426
0.46507657,89.65787,0.8212093
0.5362286,113.54029,0.9159068
0.78548837,195.89603,0.80557734
0.5352686,233.90015,0.50640243
0.37689722,117.33081,0.89608306
0.9142417,98.19765,0.8924327
0.34753352,111.62833,0.5954095
0.80295837,191.17035,0.574759
0.5302222,63.29074,0.7304151
1.1241846,31.679794,0.52608603
0.2191926,80.13477,0.5691463
0.42411903,155.32146,0.50294703
0.43031174,204.78943,0.5538662
0.75894034,207.44002,0.7017996
0.2663427,202.6562,0.5338695
0.65094304,-33.939404,0.5284934
0.15483907,158.52779,0.68417794
0.96242154,109.30087,0.8708941
0.7204882,175.05174,0.84705794
0.63653195,224.33467,0.8250796
0.84188956,141.24026,0.52040875
0.4260257,175.82045,0.79876554
0.8364532,164.12709,0.8750263
0.24193239,69.60573,0.8551909
0.5244004,71.63958,0.897876
0.13763773,154.79918,0.91256404
0.05826342,222.55322,0.764319
0.81548923,233.29808,0.8879224
0.36429927,94.64628,0.5665023
0.5188226,109.63569,0.6948186
0.5916961,56.752472,0.86264944
0.664406,16.698563,0.72765696
0.42209446,47.436577,0.6321884
0.8045746,49.014584,0.6457869
0.5979262,107.67543,0.933246
0.48034957,46.946404,0.95006394
0.5280832,170.94392,0.56094295
0.36226338,158.7543,0.7513784
0.46842813,153.60484,0.5454822
0.59911585,99.445465,0.7132433
0.21151176,200.65822,0.8905905
0.2615475,59.31127,0.5705556
0.7461886,218.06042,0.51177585
0.89504504,98.34558,0.70628107
0.2433472,158.08788,0.7352026
0.55887765,-20.030645,0.7875752
0.2698142,181.96031,0.6069289
0.5621726,132.034,0.6412159
0.27628487,66.34651,0.60868484
0.6499655,89.59726,0.9274334
0.36507273,73.72799,0.8969027
-0.01231885,-52.51805,0.7124094
0.5013888,52.369713,0.781946
0.8173229,107.45304,0.98663116
0.6463204,209.81915,0.63061124
0.3980419,164.9925,0.9339173
0.5277943,228.83066,0.7374451
0.85598564,65.5227,0.66384804
0.08527568,182.80206,0.6118033
0.7254434,165.73044,0.5521491
0.10426441,371.59988,0.7338412
0.77275753,153.9575,0.64887273
0.4988795,147.86974,0.79118633
0.20957059,96.425514,0.60531586
0.2706603,170.65652,0.733111
0.62917566,190.00386,0.8659711
0.24754634,157.2608,0.7643722
0.6868555,168.12476,0.55237865
0.09555653,109.04191,0.58758414
0.45702782,163.43977,0.8491273
0.6787934,173.63474,0.5679439
0.8030709,34.6092,0.5767859
0.8262537,191.51672,0.7422086
0.36313218,152.03964,0.82072365
0.40804023,92.38408,0.597917
0.26904783,113.99179,0.82959455
0.8537129,217.20218,0.8748157
0.63054407,95.86778,0.5169242
0.7007738,137.5865,0.865436
0.5989554,51.85119,0.5430017
0.41252008,63.132847,0.6825169
0.86414826,198.13342,0.75223494
0.8674135,121.67266,0.97691524
0.5693193,139.34407,0.68281084
0.50923723,157.07565,0.5211029
0.22250643,117.25471,0.6509031
0.42925352,183.55006,0.6908905
0.23526144,190.67525,0.58692795
0.2893884,213.166,0.7437613
0.42652744,42.63727,0.6253231
0.9414739,141.59352,0.6042725
0.7743119,238.38524,0.7989856
0.9151616,152.07616,0.9543283
0.17806047,250.22552,0.7393316
0.58678937,17.962517,0.90632033
0.70920634,206.59143,0.606774
0.5883611,40.37732,0.8153756
0.33226925,87.80378,0.6317698
0.50898015,35.321507,0.977208
0.9029508,80.85261,0.89714247
0.33064258,155.94409,0.9181571
0.30075794,221.26866,0.8684714
0.19697681,119.44862,0.5341887
0.19099846,178.90274,0.6843002
0.6591152,85.25725,0.6484571
0.77909565,84.43045,0.5389206
0.48252112,75.99445,0.8643054
0.23463085,178.25,0.77024895
0.24684212,124.02049,0.7258427
0.5444925,109.42671,0.9432597
0.16137886,111.5814,0.51381826
0.8319896,162.14452,0.9612435
0.8873208,138.32254,0.95665914
0.16808093,34.379917,0.6086227
0.7284138,179.06354,0.9467273
0.54222906,64.37041,0.9878756
0.12677592,224.41614,0.7210603
0.48619768,65.31632,0.9684727
0.87955487,181.22116,0.58436644
0.8533493,169.35588,0.96440834
0.17875126,136.02142,0.6245257
0.41202047,142.61404,0.9238906
0.5204929,62.961407,0.82798237
0.49747792,71.14126,0.9496887
0.43279633,26.41372,0.76442814
0.34867084,100.89609,0.8521449
0.6695906,62.641117,0.5107332
0.4227995,145.42073,0.9507785
0.6953863,155.5112,0.8040868
0.25391692,121.41018,0.6624546
0.4362839,41.323326,0.69183636
0.31014282,165.08974,0.721015
0.54384077,67.48693,0.99559987
0.70278156,117.47346,0.8604468
0.3305742,33.597107,0.55719215
0.043397427,30.149132,0.81045794
0.5649637,213.78513,0.5610599
0.42629296,171.49715,0.80794626
0.789171,188.96803,0.9196196
0.8224205,234.59428,0.575111
0.49833396,151.69525,0.72722924
0.6582344,30.36151,0.81371284
0.29290268,203.4989,0.5500448
0.77471733,219.012,0.58590084
0.3314886,145.35071,0.73931956
0.2562924,102.55107,0.8270001
0.8431587,199.58675,0.8178952
0.6161507,172.53554,0.69966584
0.7754723,224.05247,0.93537056
0.5470884,161.54404,0.8996576
0.76907957,65.77962,0.75194097
0.36642894,64.78774,0.6059855
0.5243704,135.72752,0.97026336
0.6709987,56.821808,0.85084724
0.30390188,44.770557,0.8394245
0.67467076,63.74931,0.8972437
0.62706214,144.96951,0.6990106
0.8803094,115.02543,0.83440745
0.30137703,146.90567,0.77505225
0.64939964,222.31819,0.79894185
0.857029,170.93523,0.9629634
0.30711555,192.8267,0.5469989
0.4841778,169.07118,0.9604429
0.34973633,128.07306,0.74051213
0.021096319,58.248016,0.7371383
0.34415096,310.3466,0.8507936
0.80292505,148.40964,0.8993757
0.48397264,237.51775,0.86067706
0.3763839,204.41188,0.80997586
0.45663953,33.44339,0.66583717
0.16693816,168.3874,0.65053356
0.28322548,205.24193,0.68731487
0.8136959,177.92319,0.6992216
0.91636866,130.5915,0.5108445
0.14990425,234.46242,0.830765
0.40392962,116.042435,0.80135643
0.77406347,172.38681,0.8559457
0.09687033,89.21797,0.9339204
0.47952342,183.27554,0.52917486
0.5879858,157.72827,0.8918234
0.8337462,200.43663,0.6387389
0.8414835,78.60549,0.7188615
0.52066505,63.25387,0.9628642
0.7461616,151.30988,0.9624714
0.516801,40.53915,0.8975294
0.7814038,142.86183,0.7209742
0.6043606,47.8581,0.6349222
0.67864466,120.454506,0.7936218
0.016058475,228.98372,0.5085553
0.5926735,42.017117,0.8578855
0.251445,92.28718,0.53702456
0.8864648,189.96207,0.7537974
0.6230159,164.34596,0.65702486
0.23435795,182.79778,0.8056643
0.29440308,185.23132,0.513229
0.6796826,193.83952,0.8570764
0.5713823,76.65128,0.88222146
0.5192953,201.6174,0.5177389
0.28426614,91.42146,0.9221953
0.16537368,141.84029,0.85966647
0.59315866,53.580807,0.7232379
0.68319523,102.37205,0.670946
0.58062065,57.85337,0.89156616
0.31352845,63.103447,0.6966551
0.19383067,195.46759,0.5142393
0.20746043,126.06479,0.8166012
0.4852299,58.879864,0.95622706
0.6782815,196.2354,0.5392596
0.8568238,131.50348,0.9959892
0.5728336,190.50943,0.63195544
0.87614,145.31775,0.9092286
-0.0048385262,47.22193,0.95308816
0.34465587,44.828495,0.8782201
0.71284896,221.0392,0.7105184
0.41499007,72.10895,0.9727418
0.77920306,-50.538025,0.7344313
0.62156457,57.32715,0.7412889
0.8747685,96.73702,0.6263639
0.5832018,172.75714,0.8167292
0.12340742,196.82239,0.52600086
0.72341156,203.71086,0.97406644
0.21770063,148.64983,0.7573569
0.6369691,211.2637,0.53243595
0.5547503,51.41085,0.9508463
0.08560088,99.996956,0.6548665
0.28935996,156.08757,0.57264626
0.44555023,108.283165,0.8796297
0.7272838,192.7147,0.5655471
0.2585613,108.14229,0.5995013
0.41323793,100.36431,0.8843148
0.38662723,153.01746,0.9762439
0.43317652,45.552402,0.69733316
0.21911469,306.68207,0.76126325
0.40328735,127.85047,0.9770024
0.56221795,194.3909,0.62450266
0.28165138,110.65549,0.56497186
0.2794397,183.31567,0.86469585
0.045763314,181.24622,0.6536899
0.34046775,131.60031,0.83377826
0.43234167,128.4871,0.89850307
0.76095873,400.71106,0.5243834
0.47875836,114.592804,0.72877336
0.281232,241.78438,0.5713604
0.44318193,195.36815,0.78078926
0.45481834,142.2188,0.64015454
0.76998377,192.86926,0.5510526
0.5538671,66.09836,0.51321405
0.30025357,194.96762,0.6550757
0.5905603,30.900053,0.9669719
0.50278926,142.77539,0.8686821
0.79044,114.04424,0.59370124
0.40794745,202.118,0.5637763
0.0044611096,185.35709,0.7735262
0.63162446,213.95615,0.77913815
0.4875213,38.2785,0.5279901
0.788465,30.919426,0.5387669
0.34725696,26.070402,0.55184793
0.13818362,114.32553,0.82058
0.7251166,42.052864,0.7027655
0.73601884,177.24759,0.6470582
0.40983856,111.45888,0.88561594
0.26952237,175.35799,0.8247076
0.49518734,65.05779,0.9080508
0.049293637,27.569742,0.8948173
0.1805126,80.422005,0.67513525
0.10416475,162.90941,0.6764268
0.42784533,175.12651,0.82110304
0.009920299,54.404015,0.6010193
0.19465026,278.60083,0.8523936
0.7947128,234.83038,0.57875085
0.44193757,195.90944,0.51593536
0.7324703,174.40828,0.8055104
0.6659486,123.087265,0.9666297
0.27576625,113.01875,0.5304277
0.6319407,41.4912,0.6653594
0.7125582,173.64516,0.7636802
0.7970714,177.32944,0.96862686
0.7434442,207.85779,0.85254407
0.8786956,127.18614,0.80198264
0.15839681,125.57039,0.670161
0.33174533,180.07913,0.5675071
0.67858976,176.11401,0.6852607
0.48844334,172.5254,0.8207997
0.5415182,45.644764,0.6956685
0.3184393,116.43203,0.78986275
-0.0062990785,46.554314,0.68360156
0.7482714,215.86014,0.83116543
0.532325,114.982506,0.6269012
0.71289337,99.766716,0.5646731
0.57585794,211.77025,0.8877756
0.44795707,242.99158,0.66660136
0.8521257,168.89523,0.8455491
0.8297,81.410446,0.6980969
0.7679297,168.86687,0.55888677
0.36242825,128.03152,0.87116224
0.81428856,137.47375,0.6283153
0.32133403,58.54864,0.6042083
0.26153207,69.24276,0.8744652
0.22467187,162.63142,0.70208186
-0.0025801659,-398.30206,0.94247246
0.258596,190.36035,0.84084153
0.86651546,104.14184,0.85702485
0.8629556,122.16792,0.8483672
0.8080021,182.26277,0.7886324
0.8158818,192.72118,0.8264454
0.14106104,130.10728,0.61873996
-0.028561175,106.47137,0.9729227
0.29355174,75.900986,0.5236119
0.77473235,92.881325,0.6794663
0.350807,127.15397,0.95998716
0.39289612,28.32405,0.81317496
0.5929729,52.714493,0.7256596
0.736806,95.759125,0.95451665
0.47840407,120.53837,0.9823196
0.69206583,248.75516,0.8188896
0.124999315,211.8484,0.7930399
0.071445405,233.21152,0.87896377
0.08511308,182.81738,0.6535674
0.30499315,153.4644,0.9706929
0.20391113,194.41037,0.5686439
0.28911024,160.09253,0.6797112
0.85655713,214.333,0.94765496
0.571512,173.35857,0.9139291
0.5871458,196.11551,0.6267636
0.71892375,212.00394,0.6654036
0.8800912,191.35269,0.6697612
0.6753497,122.55857,0.8949839
0.19135734,199.88234,0.83445424
0.5241242,124.61931,0.9287886
0.05221367,137.23318,0.60623014
0.6704272,190.8317,0.8725823
0.555159,167.35365,0.52258813
0.7021003,150.62796,0.59418595
0.36186698,187.4659,0.9702468
0.20077273,164.58977,0.8996146
0.48092365,192.52188,0.61322004
0.31171858,215.57652,0.5707863
0.23594466,110.05153,0.5486057
0.3270322,210.97745,0.7262126
0.5777057,46.015854,0.80491847
-0.0060338974,134.80562,0.7067199
0.5037525,159.6625,0.79100114
0.8498111,203.37482,0.58469415
0.17044586,155.6586,0.88473225
0.8717154,138.80246,0.89845955
0.68172115,57.380535,0.9572301
0.69280386,238.88795,0.6716474
0.84224916,205.23286,0.6592295
0.3594185,114.10592,0.53164905
0.17839795,85.27502,0.6574909
0.3093173,117.341,0.80941296
0.383038,215.66417,0.8023242
0.7570096,185.69028,0.87920237
0.33987224,119.02723,0.8218427
0.80980706,187.9412,0.8755328
0.5591214,172.49449,0.71021634
0.010877341,204.16827,0.7942445
0.6499655,89.59726,0.9274334
0.064977765,136.0344,0.6069046
0.42557278,204.40019,0.66243553
0.6524805,242.37189,0.5782878
0.4295693,53.016735,0.5542393
0.041038692,81.829025,0.92943823
0.5291877,167.23416,0.9034666
0.4661957,98.61502,0.5115581
0.75798106,216.5596,0.540921
0.8651802,136.88799,0.9524878
0.43421453,188.42848,0.8264324
0.3578445,100.808815,0.9616562
0.35222775,191.1566,0.7943673
0.45394585,78.43899,0.68748564
-0.0033117533,38.79263,0.96957517
0.46803394,68.8819,0.94532657
0.73137707,212.10588,0.98197454
0.89184463,143.23152,0.97167957
0.4964121,124.6357,0.97200775
0.6201823,209.42442,0.5272659
0.4309921,114.755974,0.9845705
0.48454168,82.20724,0.7971245
0.19261223,45.720825,0.7635919
0.13923576,146.356,0.55290157
0.44222787,151.75911,0.72223043
0.48432055,198.18648,0.9369844
0.38233364,54.18315,0.8575257
0.85965335,162.92654,0.9557408
0.41789496,69.05572,0.86541605
0.79376566,188.32462,0.8916391
0.07758525,189.73647,0.7299056
0.53952235,73.39802,0.9921092
0.11814171,122.63896,0.5140166
0.5778614,153.26923,0.93928045
0.28848806,135.82097,0.8547887
0.4841753,72.29143,0.9411534
0.3817949,84.25536,0.7519423
0.6222561,180.49333,0.8481462
0.0057914853,70.57248,0.8305378
0.43238354,113.68262,0.97346556
0.26827312,182.29225,0.57014775
0.6514222,186.22966,0.92789054
0.73582953,67.302185,0.79446924
0.84201574,201.13861,0.8932015
0.5159842,135.3843,0.98583364
0.7347287,194.05434,0.86137104
0.39659497,76.14741,0.86353624
0.18218768,132.06657,0.5423
0.5811318,174.1804,0.8026297
0.20619527,45.577194,0.8295771
0.7951568,29.978777,0.8753606
0.24601904,177.33197,0.73458487
0.5735789,174.36682,0.9821327
0.89619154,158.17513,0.9257913
0.95976275,-18.572306,0.87893534
0.83690256,182.52432,0.93901765
0.32455662,92.58364,0.769997
0.8296138,185.9692,0.9009603
0.28544492,185.366,0.79803
0.1983341,50.244602,0.524122
0.550433,192.86867,0.7450608
0.75961334,186.6271,0.67983544
0.90106046,198.22498,0.7006676
0.7409811,172.83778,0.5878254
0.43545792,38.36799,0.73787224
-0.009023011,129.35654,0.6571233
0.08437437,101.19098,0.89805543
0.008592874,41.3913,0.84086406
0.3052209,60.65903,0.5346278
0.3673525,175.04698,0.5642708
0.8873714,130.43362,0.98989946
0.47668728,51.881676,0.96976495
0.2005792,124.61493,0.558133
0.23555347,43.819126,0.97010624
0.55388916,218.89238,0.98277664
0.8828849,190.45152,0.7949332
0.26376733,35.326977,0.6243634
0.07827684,183.01442,0.75706136
0.72695667,172.22215,0.8890974
0.59056735,168.00693,0.52405214
0.61761427,206.61934,0.94364583
0.5864992,199.59253,0.68356967
0.83518517,113.84343,0.90359324
0.44921333,101.260574,0.7235326
0.47575694,69.90201,0.59434545
0.30010775,65.58474,0.50372016
0.38716534,89.72931,0.7396664
0.20330492,146.77905,0.89372194
0.41111264,39.14507,0.5598824
0.76726794,143.79257,0.8054384
0.467423,45.195435,0.5800408
0.7233227,132.44702,0.698246
0.49930006,210.72237,0.79548246
0.5357957,93.11817,0.986553
0.28426614,91.42146,0.9221953
0.29734874,152.51859,0.8298162
0.45095426,119.82635,0.69179624
0.5184503,187.16652,0.9476472
0.73175967,100.67105,0.6844516
0.5944973,187.6243,0.58944637
0.75877607,161.06157,0.6962365
0.25740665,56.269478,0.956081
0.7119678,136.20906,0.5181173
0.15791377,150.44032,0.56795067
0.70272005,31.017263,0.5517187
0.17689893,112.029366,0.64501673
0.3291215,31.29879,0.5799518
0.28119364,172.94249,0.73242944
0.7349936,114.63769,0.5669067
0.83967555,96.27594,0.80576086
0.051655382,270.73206,0.9503542
0.31879187,157.64754,0.78623664
0.7239547,168.87172,0.6411166
0.4742371,27.728424,0.52404904
0.64744383,196.27765,0.5713738
0.17705113,153.06929,0.50602907
0.65741897,22.605127,0.7770307
0.3877358,129.2358,0.78704363
0.2297698,227.97255,0.52481866
0.887263,50.874405,0.8344485
0.48807237,123.57186,0.91488457
0.33642042,68.470375,0.9329072
0.56520265,58.463562,0.7809492
0.3896366,209.77129,0.78772366
0.058786005,194.11761,0.9102902
0.39749557,83.00377,0.7161165
0.7612372,193.70515,0.8800503
0.61160827,234.6394,0.72420615
0.8409964,207.95644,0.6076274
0.43177712,29.76335,0.56383324
0.5482979,71.92947,0.9432719
0.48738417,49.636276,0.5823945
0.3202441,115.92225,0.7489281
0.1455487,198.37413,0.871534
0.8869682,142.46613,0.83236575
0.11690733,174.16676,0.53098726
0.36204398,150.88445,0.5761197
0.75729156,218.55013,0.5137238
0.75687885,205.87842,0.61459064
0.76915777,-59.110577,0.6798936
0.012128413,221.03223,0.52795506
0.619506,90.24743,0.8727317
0.67193484,212.87552,0.5998562
0.4355998,39.187202,0.86914086
0.38861978,156.14348,0.54082006
0.94387686,86.06784,0.761407
0.27157116,206.33989,0.98898005
0.33236086,205.97925,0.50552
0.45998794,45.76877,0.7421207
0.7716755,170.89594,0.67330045
0.010104209,60.020508,0.50762016
0.44363624,174.93144,0.7698884
0.6474593,44.889355,0.60185415
0.34578097,247.58076,0.97867227
0.7742075,180.47865,0.93229216
0.82309526,208.59216,0.66622233
0.48955315,269.26447,0.5229023
0.39682537,106.16145,0.5870073
0.7635081,29.329264,0.6633255
0.5563553,50.886806,0.9385874
0.9114359,194.49327,0.76562536
0.3165685,231.78549,0.68865186
0.24177611,114.25066,0.8113167
0.070277184,227.98764,0.86204994
0.54258883,41.224415,0.9935899
0.8475071,142.45631,0.79258263
0.33379772,81.21049,0.5780343
0.27495015,77.29125,0.6405864
0.5067025,212.56752,0.56797695
0.76571494,180.7847,0.663495
0.16107127,146.14882,0.917122
0.015303791,168.6606,0.53961426
-0.0020506978,72.11646,0.8675308
0.35693014,189.62755,0.9172144
0.2150259,221.01276,0.5673321
0.46831587,70.59019,0.5786247
0.674636,125.11168,0.84031343
0.09720883,168.98508,0.63986266
0.6889822,192.10527,0.6436772
0.2130613,42.40781,0.63717663
0.367486,186.34805,0.80923676
0.76866066,98.67294,0.9947292
0.6217916,36.930767,0.8808105
0.81307423,150.54044,0.6723849
0.5606539,106.237595,0.8334516
0.8816762,139.9487,0.8147205
0.037552178,103.365814,0.8504442
0.21901587,219.09843,0.96314824
0.86020684,179.98763,0.6456868
0.43524486,45.54811,0.7710364
0.080106676,236.42244,0.5557771
0.6466587,192.3383,0.57874036
0.28537834,112.96382,0.6036502
0.64625204,59.476864,0.7877201
0.7272134,184.50754,0.75309753
0.39598462,174.88316,0.93106985
0.32582006,171.40154,0.8517735
0.45392343,149.53954,0.7846656
0.45510665,43.81132,0.54314244
0.36086464,26.94035,0.78771394
0.64348197,204.75896,0.56963485
0.5357596,58.386776,0.96123666
0.3563903,167.39365,0.7504635
0.4828171,99.38886,0.7269039
0.86920357,123.207954,0.94079936
0.12910292,74.33659,0.5311555
0.93420875,154.58119,0.7926438
0.5701372,142.0144,0.9803405
0.7207911,143.59647,0.8778804
0.49229226,49.777134,0.7186644
0.94548917,56.607147,0.83163965
0.6173709,235.52255,0.5500318
0.4665907,31.98544,0.58285415
0.0072081983,81.83657,0.90211505
0.4673812,128.14449,0.98309547
0.41803113,78.41614,0.874864
0.2475839,156.09023,0.65483105
0.60147744,72.307014,0.5902316
0.7563546,68.837944,0.7089297
0.8002981,176.96455,0.8091662
0.47798795,114.56156,0.5874152
0.33779633,156.30939,0.88667583
0.39442867,238.64134,0.7959733
0.348084,72.90487,0.7506921
0.5607006,55.37673,0.6946567
0.08944419,59.050293,0.6398984
0.49015364,199.8798,0.62093633
0.7053797,205.53687,0.7173656
0.43987852,196.82057,0.7118114
0.64589214,89.1816,0.583175
0.6822224,136.66748,0.7216186
0.3687688,90.2499,0.58689326
0.90463394,43.41349,0.5896817
0.17415568,142.51047,0.5643906
0.6549427,210.37132,0.8928381
0.8423992,144.48126,0.92935574
0.23346755,106.95916,0.67500556
0.8021855,158.24709,0.938607
0.6052104,166.51138,0.8515859
0.7511892,42.646255,0.73071885
0.7471102,128.04172,0.9143083
0.39088413,176.09084,0.6693255
0.59633046,42.2361,0.96365666
0.16707006,56.28997,0.5270506
0.02208367,168.86409,0.73715776
0.8228363,188.22533,0.7162267
0.4520682,105.37606,0.9387647
0.67350245,126.301125,0.5168384
0.66769195,210.7918,0.80589277
0.24343613,266.3269,0.5858692
0.26421583,34.70203,0.739024
0.14438665,150.70581,0.70116365
0.34759492,480.31442,0.64114153
0.6789567,208.3815,0.6509639
-0.0067092776,80.21838,0.8855338
0.28872913,86.5352,0.72120357
0.60893327,34.356487,0.95228064
0.22212291,248.31284,0.5081397
0.8610174,180.55724,0.63695955
0.18796924,138.13051,0.57208973
0.33127242,65.03287,0.5120151
0.16084337,171.85286,0.51501185
0.36963958,80.7326,0.8558561
0.6608536,189.6817,0.62841725
0.043281198,165.99075,0.92072797
0.38145506,122.78011,0.8802508
0.228028,189.50734,0.93003
0.50801504,202.04851,0.8985361
0.022873372,208.39462,0.9123279
0.030834168,26.927565,0.9889668
0.74921155,203.00719,0.97098595
0.84386903,217.81487,0.7890736
0.7166553,-80.97226,0.5390918
0.8175608,143.63078,0.6744362
0.3459166,134.00664,0.6885427
0.45049953,170.53392,0.81116235
0.16602263,126.43652,0.60494274
1.007774,146.1286,0.6289078
0.9082278,28.063328,0.79586923
0.8915893,135.04381,0.8319526
0.3648252,130.68338,0.66964436
0.17352524,183.34973,0.52557284
0.6463531,32.017944,0.8960369
0.021996021,42.85771,0.9872245
0.9346683,174.12189,0.987337
0.32521465,124.090935,0.7891285
0.04975143,145.08049,0.6168328
0.31999335,101.43562,0.86537683
0.24460164,237.0467,0.65628606
0.8149383,147.4411,0.50587565
0.67007,208.55598,0.7849396
0.665583,208.63086,0.6946125
0.83067095,187.70985,0.61541104
0.089291185,173.90456,0.7924459
0.8060551,164.0173,0.91118234
0.56740046,37.659603,0.8455498
0.01872781,198.88733,0.74442077
0.89705205,163.56485,0.53777593
0.91055596,97.091934,0.9218459
0.59562665,29.314661,0.7662135
0.6816406,106.84536,0.7032824
0.5605827,171.03773,0.6828165
0.08071181,109.38504,0.8395219
0.62139094,93.40395,0.83082855
0.12486565,114.553795,0.8109732
0.91293955,155.80864,0.5355764
0.18974325,194.09538,0.90370953
0.5137285,106.310196,0.98363924
0.24454018,27.90886,0.5573862
0.46740013,154.53899,0.97479093
0.3597937,124.04817,0.6023161
0.20561653,146.07758,0.85120857
0.8992734,194.24622,0.7608442
0.33291528,42.664055,0.98180103
0.8220095,162.20224,0.5698192
0.42989582,32.35684,0.8483103
-0.0015960336,74.017166,0.8701561
0.5212408,36.87131,0.777792
0.39838737,88.47488,0.6769335
0.63140273,33.37918,0.9844187
0.2615841,94.15533,0.82528293
0.37073976,195.88046,0.7205003
-0.028176844,121.423645,0.9591466
0.7362585,169.25424,0.50009775
0.46696848,193.20638,0.56420743
0.23957518,216.40848,0.5095899
0.6605388,191.19423,0.775414
0.32152617,171.12997,0.95045507
0.3102662,-216.80333,0.69477594
0.31252766,47.051903,0.5760656
0.04430911,38.63666,0.5321876
0.25168645,184.01427,0.5493584
0.15473926,217.94922,0.5378089
0.4582212,52.836864,0.6240715
0.86531955,166.51994,0.5030112
0.49010122,28.48305,0.6323147
0.61849713,98.77806,0.77684724
0.70000124,209.61974,0.8098611
0.66531736,135.0518,0.83560246
0.48777562,193.0663,0.8756299
0.32166153,226.79933,0.7022692
0.73611873,185.51328,0.74469614
0.6280478,226.6663,0.78616655
0.7753695,142.60623,0.71326476
0.20198596,32.20803,0.9717608
0.28104877,33.52558,0.57036537
0.2881742,47.181736,0.91079533
0.41471735,32.446754,0.8136815
0.66046613,152.38474,0.7097836
0.6136323,210.25227,0.9126338
0.4040072,104.52477,0.5236169
0.40626138,51.438965,0.7006258
0.15008298,86.49017,0.5654857
0.32580936,165.29701,0.82417333
0.63258743,175.16748,0.59605205
0.625546,180.37556,0.78430474
0.18831187,156.52585,0.6607164
0.09193885,233.19363,0.5621348
0.758335,83.34629,0.824085
0.16673478,191.32991,0.9348322
0.4328297,72.46611,0.8136278
0.9379744,202.3411,0.67547417
0.12561312,233.19778,0.6088546
0.4226648,36.250473,0.8314947
0.59791255,125.22542,0.7335692
0.5325473,42.595467,0.71066695
0.6326846,174.68246,0.9386166
0.24535343,39.117447,0.94271916
0.44246608,77.108696,0.5137416
0.30663955,144.76682,0.8980127
0.7314705,209.13058,0.94052905
0.12337941,207.3489,0.8981249
0.79369634,173.6789,0.7755271
0.35199875,42.166145,0.7335103
0.58823204,74.04277,0.7602366
0.26248422,55.73338,0.8773225
0.64943653,174.62317,0.8557711
0.34359485,118.36321,0.8516693
0.48482898,213.92738,0.6467375
0.8385495,212.84784,0.80391395
0.3390088,96.79193,0.57625496
0.7968489,63.99482,0.54107773
0.69742435,126.310814,0.93041396
0.5028377,86.98507,0.9793513
0.32158536,188.3483,0.92030585
0.82764137,197.61682,0.9081452
0.13871488,43.16736,0.7691722
0.004565567,103.95341,0.8832524
0.57229865,190.47643,0.57966006
0.535192,73.67391,0.96745193
0.41354972,76.42396,0.88219863
0.53082985,58.632652,0.80970216
0.33670208,166.12723,0.64495134
0.879428,112.7612,0.9910354
0.42883897,75.458595,0.58720416
0.29328054,195.52258,0.8825526
0.5692366,159.61855,0.7831676
0.28579685,145.87953,0.9575906
0.3036083,101.86819,0.7954838
0.25474483,156.14206,0.7072482
0.7043794,176.14316,0.60731417
0.041674346,193.82283,0.52112436
0.97319937,29.60513,0.55249035
0.0058885813,-7.905899,0.68333554
0.24333867,156.50623,0.8244908
0.39298368,198.8877,0.5183105
0.5126801,124.568825,0.9638965
0.37394455,150.42201,0.61735415
0.026365489,42.89278,0.65694505
0.5907021,109.73789,0.9832772
0.4916438,138.24785,0.78611445
0.87749,171.66344,0.9344371
0.030711144,58.124687,0.9335869
0.21406645,148.74455,0.7718905
0.6326736,223.33844,0.6435994
0.29242098,186.97028,0.5454891
0.41199073,58.155033,0.90705943
0.5693425,34.21646,0.8954754
0.24493662,231.8933,0.62665045
0.46391362,68.42981,0.62974703
0.4773904,92.021164,0.88011754
0.38481647,141.65065,0.581937
0.28528696,145.60208,0.8897815
0.41766453,116.25356,0.9239186
0.22461447,100.300514,0.7807722
0.09753415,38.86556,0.8228787
0.6270152,39.00441,0.9202843
0.7822611,258.52402,0.7986456
0.84681475,186.07309,0.59392
0.07824838,80.37064,0.8659705
0.54174876,47.951706,0.56654507
0.5813368,202.17854,0.526172
0.625237,219.03522,0.56161225
0.69636077,183.65947,0.7975421
0.23483923,169.17958,0.60247356
0.3627907,56.893036,0.5976047
0.47255507,171.22237,0.7275065
0.07523745,-71.17297,0.96247005
0.844618,88.364265,0.70762765
0.84273374,106.96646,0.7825405
0.51232845,86.34848,0.8863175
0.6974075,110.83185,0.87789285
0.6365053,169.94856,0.76238453
0.18688035,233.71172,0.5851549
0.3746306,82.7636,0.8293787
0.8901289,128.88034,0.9839562
0.46284926,176.44731,0.9849041
0.19626412,39.17926,0.96512693
0.84072477,262.65128,0.8071803
0.46336737,196.00133,0.7750115
0.23783273,55.195763,0.7220881
0.6212571,179.3198,0.5168986
0.3305554,99.1601,0.5206915
0.45321319,196.92424,0.849053
0.28564087,254.1547,0.6732137
0.76909417,205.28073,0.6207361
0.7802654,204.82733,0.7594025
0.7947171,199.81224,0.6617087
0.86434597,145.1282,0.99437803
0.7781856,174.53967,0.72163296
0.54092616,83.97316,0.6396035
0.89457154,152.02177,0.6274008
0.28946173,80.223755,0.5149208
0.6940547,173.3015,0.8197978
0.6364076,186.97165,0.5975647
0.3716923,129.64946,0.5847774
0.7095211,168.5107,0.8400905
0.44511285,91.80969,0.7568381
0.8214121,225.29848,0.7765963
0.11780861,242.99397,0.62774825
0.6405854,174.84737,0.8023937
0.80790454,101.232124,0.5552144
0.3588638,111.89616,0.8481709
0.015797436,89.212814,0.76679707
0.05074632,213.3523,0.5458722
0.43213505,224.18202,0.7030179
0.53368354,82.965195,0.9955256
0.5839517,149.60811,0.7862958
0.4964594,73.79094,0.8435008
0.4725312,201.30406,0.56054324
0.3973776,144.98627,0.9153091
0.64475787,214.85765,0.5568223
0.15191549,107.381935,0.79057044
0.1627779,34.301094,0.92278004
0.592367,136.64967,0.88880694
0.55926394,165.76968,0.72048855
0.5171293,183.61043,0.8986722
0.45477858,74.70344,0.8127896
0.179416,94.81376,0.8365112
0.7717602,138.66118,0.94700795
0.7924838,167.57497,0.657889
0.8249994,168.6495,0.72897553
0.008457899,58.37629,0.5511208
0.19624382,192.08328,0.5151496
0.23288116,209.57413,0.5571
