0.51361877,91.60926,0.53798735
0.5335197,207.161,0.90881187
0.45137402,205.30229,0.8193921
0.091924846,156.38307,0.81455314
0.31283912,146.90938,0.7831495
0.80363095,77.287056,0.8257238
0.4938571,137.85136,0.8592881
0.3736987,104.73451,0.5190311
0.4343188,69.633255,0.8812313
0.7119964,114.50084,0.7008997
0.9411267,217.46954,0.63092077
0.49295413,167.88513,0.91003454
0.5033743,205.77899,0.57299787
0.1720629,199.69461,0.5020996
0.09566283,243.17041,0.69658476
0.33381468,115.614136,0.8303971
0.30067906,159.9521,0.7627981
0.84240866,219.06975,0.76602715
0.04753369,76.39732,0.6712644
0.02960366,25.550964,0.8748996
0.46248293,80.58734,0.52985305
0.7204542,34.506973,0.64429057
0.25690097,210.75264,0.8776904
0.13759845,237.8757,0.507153
0.38164914,232.10677,0.80610704
0.8881672,158.91081,0.934206
0.1691626,55.071163,0.7854508
0.40285254,111.0059,0.7022427
0.56813866,81.40376,0.9763708
0.6122613,123.89949,0.9194898
0.2531256,117.25831,0.6642864
0.9035618,140.16821,0.5210853
0.4456784,136.74672,0.8316308
0.15356493,131.64966,0.7450633
0.8450908,9.277243,0.72820294
0.5169323,217.91481,0.68986034
0.047270626,32.408844,0.6944423
0.88566685,130.37456,0.6289159
0.13973734,144.491,0.596342
0.21590939,2.9030905,0.71383405
0.9152603,180.39719,0.96055627
0.078656465,113.063515,0.9133412
0.5296216,71.26899,0.89596975
0.728235,172.41673,0.696208
0.81858766,214.26103,0.84880364
0.8076909,192.92569,0.65574646
0.23702115,126.18752,0.98534083
0.92405164,115.52313,0.9179152
0.9824412,36.960243,0.6866764
0.14302972,88.25482,0.8524265
0.12613466,122.822136,0.8824211
0.5396498,75.5488,0.52678233
0.93415415,119.21706,0.91663146
0.71252006,175.92863,0.94258916
0.91777146,137.84477,0.8908912
0.12041932,214.07452,0.920068
0.30231988,149.52629,0.93393254
0.70644027,26.055967,0.876366
0.6221435,211.9901,0.5526089
0.48805422,79.06398,0.62621284
0.15505987,93.943634,0.601576
0.39380366,122.77851,0.7122
0.9028567,235.1215,0.9755302
0.77360374,205.61674,0.8540767
0.78610265,40.350155,0.691664
0.23864806,237.17471,0.69198686
0.35975862,217.20377,0.93211573
0.81247604,195.92189,0.9021158
0.37962013,209.27972,0.8496095
0.10765934,172.70897,0.7892893
0.31695014,100.99487,0.55966055
0.48734716,149.69087,0.5746456
0.018038332,117.24949,0.9369806
0.5104059,34.852158,0.6971438
0.9245744,116.20987,0.9092766
0.56557864,62.092518,0.5496948
0.4237889,183.7953,0.67714447
0.92604727,119.709755,0.85310686
0.787398,242.06662,0.79094815
0.45551324,59.5289,0.59186757
0.83942497,122.98936,0.6674879
0.5036755,135.01274,0.57036614
0.77388024,100.2785,0.6121014
0.46072564,114.48466,0.9352677
0.20117885,84.030846,0.9407512
0.68529105,97.57031,0.7251828
0.11238748,-40.860172,0.6364311
0.23645917,101.90062,0.66187525
0.41532275,27.688282,0.5631548
0.67974466,170.70502,0.87636775
0.04898402,151.954,0.6037075
0.42318887,77.55943,0.54662216
0.43352023,197.7397,0.70004463
0.4091037,222.0322,0.57616895
0.7646694,41.77869,0.59462893
0.9073161,179.03317,0.82216984
0.30895635,201.18265,0.54610956
0.2673484,101.11563,0.8346031
0.3702709,122.48852,0.6297882
0.30443203,126.48854,0.89771676
0.0016002059,38.60643,0.8012773
0.008168608,162.2433,0.5288417
0.02825749,175.98271,0.6922028
0.513441,170.48305,0.9483044
0.05699089,166.37813,0.6931846
0.8580818,130.0671,0.62329274
0.3469737,192.92657,0.63853776
0.44869128,86.18323,0.96842134
0.42110592,172.23529,0.6899542
0.87314206,118.20563,0.8167906
0.7752905,100.22409,0.5896344
0.7607194,70.27039,0.7950405
0.587002,36.43169,0.6888933
0.3520689,55.054653,0.7495199
0.29531264,88.5784,0.84874094
0.3714856,66.43025,0.6745195
0.3893068,83.03749,0.98399776
0.09956321,74.3699,0.5984821
0.72855204,212.212,0.52913487
0.027502298,180.55266,0.9172274
0.31087688,207.87926,0.529798
0.31370762,126.5445,0.7756742
0.8635266,44.08333,0.7576989
0.57364905,27.12064,0.54018265
0.30750644,175.49448,0.97737074
0.44539058,31.15642,0.5248419
0.29033172,113.02576,0.94110346
0.6272645,213.1027,0.58575636
0.026609093,146.85474,0.6026845
0.878443,135.1243,0.83771276
0.42718172,130.71921,0.8491167
0.52293,201.10764,0.54997176
0.5159092,70.73034,0.80467004
0.6354458,174.90038,0.5622934
0.15190703,90.89422,0.7392044
0.87195015,206.85066,0.946617
0.3527331,81.18435,0.7774489
0.065417856,208.57002,0.53195274
0.7077815,115.646454,0.9980932
0.38014674,185.35512,0.789801
0.731782,69.99512,0.6732036
0.73268384,206.11778,0.6608948
0.8581823,169.27055,0.88178927
0.5396756,83.15333,0.5744534
0.34429318,160.55165,0.5032756
0.8524414,179.19928,0.7993108
0.6189475,199.84822,0.7838168
0.4034127,172.8092,0.7265315
0.110266775,187.5353,0.79852855
0.58946764,220.95256,0.9329437
0.7773155,118.66123,0.83530307
0.22527862,34.09601,0.5954063
0.4088804,105.24738,0.7211407
0.85432154,72.496,0.9172503
0.24755713,96.48192,0.5400535
0.4202973,195.91281,0.64465535
0.20380029,58.239624,0.5519327
0.54643655,33.745945,0.87191606
0.24629036,103.422745,0.990101
0.19862092,225.91136,0.8862975
0.39648446,35.15479,0.726605
0.07674664,219.93517,0.6202003
0.20478722,198.72528,0.9165536
0.7918386,198.03131,0.9059544
0.37933826,172.39532,0.97325605
0.4064511,214.15616,0.52006286
0.50986934,41.350395,0.7499949
0.6299492,34.217106,0.89091915
0.03093028,56.13888,0.8283974
0.5750138,220.80298,0.77887523
0.39746106,75.366264,0.8959271
0.605495,151.73787,0.53573143
0.6090976,110.901726,0.64941
0.3731509,40.23954,0.71764153
0.8174896,175.13684,0.58807933
0.4347658,92.03896,0.9904095
0.63111293,33.545353,0.84809136
0.3085352,134.07156,0.76141006
0.70170826,234.06583,0.6441626
0.9512249,53.125458,0.7062284
0.13827193,112.57519,0.5348401
0.5440333,220.36194,0.741042
0.4636612,41.607433,0.7168448
0.710905,125.475555,0.95359755
0.40665802,36.223476,0.8736189
0.8006611,72.714584,0.53208333
0.3984287,33.702404,0.55066437
0.7110614,159.15987,0.5451067
0.91752183,182.08478,0.9718358
0.28966242,67.92379,0.50944835
0.5268976,207.75426,0.71504956
0.08430341,149.93628,0.5184637
0.06253424,70.52221,0.7212454
0.11977312,204.06108,0.6046227
0.50110877,48.239452,0.7183715
0.6780858,202.21286,0.8147626
0.1603578,36.28879,0.8720635
0.12829927,230.06728,0.75813997
0.40933275,219.26329,0.5567475
0.5362054,84.38258,0.83900034
0.22622982,211.48218,0.9514993
0.65940046,105.4199,0.96983993
0.9389162,71.80915,0.5438829
0.40968353,19.2113,0.9829978
0.673275,193.83807,0.84356415
0.8076574,206.14528,0.9414593
0.27897424,111.78337,0.60429865
0.34616733,88.02597,0.6234711
0.2442697,129.38374,0.8346194
0.30357695,44.600296,0.8652015
0.29488868,45.64648,0.7703873
0.9075924,181.13934,0.9903827
0.7212374,199.97243,0.79309916
0.2320649,116.666115,0.8443641
0.91958064,79.462296,0.64877623
0.5105955,99.891945,0.94688225
0.22586206,202.66362,0.9077878
0.094867766,188.9446,0.8088647
0.35911068,220.02815,0.5139305
0.8564764,215.94548,0.7920362
0.93268955,208.06903,0.77354276
0.6374725,135.83423,0.8220527
0.29723865,168.0828,0.5561813
0.47479138,31.628353,0.864588
0.660833,98.29883,0.74854094
0.55148786,144.88258,0.96600956
0.181716,226.72801,0.89129233
0.31410915,132.1168,0.8023174
0.10616416,172.60117,0.8187915
0.95439184,97.05774,0.9359504
0.7608097,28.570877,0.85555243
0.71667254,122.739746,0.95519894
0.8307656,199.8567,0.84160316
0.56364906,223.26062,0.7440006
0.818832,197.82922,0.7587892
0.49817446,106.43837,0.6340755
0.70644665,154.80827,0.98376405
0.025374115,26.155855,0.6013417
0.1701495,107.62005,0.97558784
0.35462603,39.550114,0.60031414
0.7104403,29.275606,0.74785554
0.45207787,207.02705,0.8568684
0.6535899,96.24785,0.95105493
0.17249534,166.08287,0.8323874
0.0032486916,94.99552,0.7640797
0.88934016,194.93163,0.93046266
0.6228303,85.784065,0.8297467
0.07950804,181.8698,0.87104285
0.49523613,53.662155,0.9219101
0.655072,216.73364,0.6120166
0.478548,153.27367,0.89212835
0.8551727,141.32132,0.7634287
0.10902426,62.076458,0.8087757
0.5340694,55.005894,0.9465768
0.14679506,50.767815,0.5218517
0.7202622,171.4271,0.88259387
0.18833995,76.327675,0.9475677
0.10930696,140.0009,0.6296903
0.72238094,157.0052,0.7016152
0.8567406,199.59412,0.8000438
0.40849832,234.41333,0.76252645
0.29400557,139.9081,0.86568916
0.2848301,94.249344,0.8460975
0.85306185,215.1841,0.58913195
0.8115827,172.19202,0.5389942
0.66676295,82.11835,0.6463438
0.84389246,218.72539,0.800777
0.04567325,87.36383,0.8165333
0.122768074,156.23112,0.86369425
0.2207033,115.69846,0.7883041
0.32381296,54.812866,0.7697159
0.74824506,76.86685,0.8383856
0.37721667,186.6294,0.8941885
0.5423827,90.463036,0.5744917
0.07767108,76.11162,0.88017476
0.94287443,39.85789,0.7568793
0.21366438,54.544098,0.54810244
0.43624797,210.74997,0.50790215
0.28601074,148.03264,0.8983657
0.5215678,163.79103,0.9007735
0.28131187,151.53883,0.9495745
0.63738847,169.00009,0.85535026
0.63137746,203.38866,0.55529416
0.2823944,203.29893,0.8601536
0.78942645,97.436195,0.66127133
0.48049885,37.439224,0.54521775
0.5925005,84.39546,0.5522334
0.5930697,191.28693,0.53878033
0.38589966,209.3979,0.6356035
0.76691985,190.07796,0.9206269
0.8417096,177.90633,0.55263174
0.6907125,37.410927,0.6466879
0.5038865,212.93929,0.7110344
0.8564831,211.44995,0.5725308
0.66546506,65.414635,0.8278487
0.19356802,202.79585,0.9890941
0.13263485,221.1158,0.8737388
0.19419277,101.45972,0.9066617
0.46530813,163.2229,0.5069072
0.8944639,216.4839,0.5304306
0.9083003,163.62057,0.90591884
0.6296552,147.13292,0.581464
0.7538495,124.842354,0.9874486
0.64213794,165.43253,0.5070338
0.8355168,137.60327,0.73129165
0.14564025,95.85828,0.5142992
0.38766015,78.84991,0.6714395
0.18560931,135.5071,0.56317765
0.74235123,217.85954,0.53267354
0.047121793,-67.15201,0.5731663
0.029229075,212.69704,0.73599005
0.47994432,215.99097,0.5490565
0.22971079,100.41028,0.5113216
0.21368247,50.21485,0.7493108
0.40294048,152.16069,0.91721606
0.41801977,171.78787,0.7190131
0.6026955,146.0964,0.94628537
0.21309707,138.57664,0.7843287
0.6333573,229.784,0.707095
0.73074263,152.7502,0.80592513
0.2934538,175.7724,0.69082475
0.56384027,152.41283,0.8556529
0.39159077,187.58191,0.8658483
0.76818824,164.88005,0.72908574
0.19367442,130.66258,0.519201
0.9360729,172.15305,0.8112135
0.15269917,112.19887,0.7667707
0.22635925,128.61224,0.84053624
0.47770378,71.930534,0.7094269
0.30985582,5.5995913,0.57785034
0.050002903,88.74421,0.51292133
0.6189039,199.69452,0.57180035
0.8323467,169.29305,0.6183752
0.5471628,71.02176,0.8171068
0.25343323,26.020739,0.9896563
0.5114859,50.91915,0.83328456
0.5488032,181.41774,0.5168546
0.7321281,183.21202,0.5861204
0.75415325,175.83842,0.62321675
0.20771745,104.86681,0.82549924
0.55280954,89.736885,0.9757219
0.8264753,188.4977,0.9020871
0.5637759,206.7919,0.7437016
0.23488975,192.49968,0.91152894
0.4789257,106.27939,0.9001869
0.36504048,124.9413,0.52561116
0.5507656,192.35783,0.84715354
0.9090351,121.66559,0.810217
0.38506997,34.05284,0.5137718
0.42068204,68.15652,0.5367674
0.82917786,172.43817,0.70128375
0.7070951,152.17488,0.58216155
0.15329593,204.69955,0.54686636
0.45179337,106.080765,0.7667802
0.517755,211.2098,0.6607734
0.330732,139.09009,0.92063284
0.5196308,84.357124,0.6206183
0.6082501,110.16119,0.9377593
0.5612938,196.09789,0.6160928
0.7172727,207.69412,0.8217672
0.88217163,73.34735,0.6375598
0.6969468,171.5003,0.7813307
0.4212475,84.60423,0.81539625
0.4964909,150.81514,0.87708974
0.7917404,212.89406,0.5238834
0.918824,119.79392,0.8284848
0.43249765,108.92816,0.76161563
0.41553092,147.60887,0.9800206
0.7828264,36.223915,0.5498373
0.7068935,199.40128,0.50543183
0.610732,183.75558,0.52058095
0.74587274,194.81285,0.54707634
0.33790073,106.67047,0.5219607
0.5326417,224.82724,0.6998993
0.007875562,109.86259,0.6526613
0.3562877,66.52358,0.53663236
0.034798414,41.13356,0.9080461
0.81927586,122.08419,0.7649093
0.51663876,200.71857,0.77444696
0.19434878,33.166294,0.946262
0.78831595,83.9569,0.6889801
0.41618103,129.54044,0.57189626
0.7249895,155.24461,0.72031546
0.8294039,123.940506,0.82490873
0.07304004,80.90134,0.61450994
0.07267347,-42.6557,0.97823465
0.5054129,188.07928,0.95713997
0.4843216,187.88603,0.9490876
0.3278051,111.80081,0.8889992
0.5806755,185.29796,0.75082433
0.6581902,224.05762,0.7009464
0.052662462,234.60844,0.6226582
0.36516306,142.69334,0.98124754
0.97169304,28.435263,0.7722767
0.23946664,232.36664,0.6196018
0.75557464,185.99225,0.73298174
0.72269684,186.30397,0.79778993
0.82526445,218.45532,0.72037446
0.20610851,87.90157,0.7666074
0.3811544,150.61354,0.9226906
0.39530978,137.93164,0.5055239
0.36197555,85.334526,0.54329705
0.77591807,189.25813,0.6994118
0.6814954,34.056942,0.62956226
0.014727563,185.37454,0.6698507
0.6158546,39.671776,0.6835706
0.4218409,122.84603,0.83826554
0.0895679,65.60159,0.83384424
0.44297725,194.87563,0.78173804
0.4583231,104.00414,0.6854465
0.46150747,83.369,0.7849063
0.4914683,55.291004,0.81298506
0.04614052,112.954445,0.9962368
0.2865387,99.43279,0.8832997
0.88853455,62.765224,0.6354542
0.9123913,152.2926,0.83623403
0.74327683,124.62412,0.93898517
0.0005400479,85.78168,0.7062358
0.6222296,142.49374,0.86022234
0.04469508,176.10626,0.70690787
0.5121545,53.76569,0.91702646
0.7345734,196.88905,0.81140256
0.9120045,222.99782,0.6555153
0.67689115,122.96068,0.7903284
0.2931698,129.64,0.9898832
0.0961397,82.76046,0.75610006
0.8839352,220.74377,0.6039566
0.7075309,33.759598,0.8176544
0.5021826,234.95572,0.8506656
0.39698824,116.53496,0.7060745
0.062995106,203.65431,0.5105295
0.583886,208.64633,0.74797946
0.39806622,118.577194,0.9482592
0.80005527,78.81497,0.7279806
0.14253527,32.90236,0.90237105
0.256684,214.07475,0.5956425
0.23567396,240.51787,0.8859577
0.83798945,66.496346,0.83841354
0.32970655,168.15977,0.7160271
0.4187256,157.66177,0.6315161
0.6719873,148.64517,0.61990196
0.13187909,177.53722,0.96861297
0.34858173,74.512886,0.9900155
0.18925625,234.8431,0.57308257
0.15936148,207.77676,0.5351148
0.9345483,167.67055,0.6096858
0.10887244,78.99291,0.54322916
0.27957118,161.52132,0.8506715
0.8605736,196.6718,0.8534936
0.7768373,130.76686,0.5286863
0.9499618,38.55874,0.67921364
0.7367971,46.82535,0.7062011
0.4815747,222.90475,0.6798329
0.63380337,38.87441,0.89438564
0.9009228,172.95241,0.92288554
0.030943573,136.38594,0.7980486
0.622701,106.28349,0.7617992
0.3770812,225.23239,0.8219118
0.7384323,148.3205,0.56982887
0.5134589,154.47162,0.95125955
0.10408762,75.24581,0.7298641
0.33430374,193.05823,0.8922758
0.66396934,238.57843,0.5961146
0.2939092,58.87556,0.5487348
0.91073257,73.15135,0.56676346
0.55120516,81.82365,0.7526715
0.3900802,31.741701,0.51486534
0.09676275,262.33588,0.70846164
0.38146386,88.63686,0.953355
0.76224065,52.91621,0.8187855
0.7677214,135.47174,0.53846073
0.45955348,83.537254,0.8792828
0.7930691,181.52885,0.77300227
0.6458143,36.6175,0.5358897
0.7537558,206.77432,0.75284636
0.4930021,94.23845,0.65069395
0.87410146,213.16429,0.76468825
0.34467614,152.38115,0.7731568
0.6167499,80.90008,0.57539684
0.76940674,198.85733,0.6277621
0.70476353,169.639,0.9004892
0.7525474,48.824646,0.88307375
0.6629077,50.535164,0.6820998
0.4420535,38.92541,0.78617257
0.34996706,142.13567,0.6960662
0.70758116,37.111065,0.5571883
0.43307516,231.48575,0.71630305
0.82340086,207.81377,0.57899755
0.46204755,169.31015,0.65504265
0.3672331,42.606956,0.5474964
0.39976615,34.03797,0.8390244
0.6214164,61.994194,0.70851934
0.5131396,71.07357,0.8110981
0.79330564,214.63684,0.96136165
0.32856923,81.516754,0.90020865
0.35138184,182.67001,0.55199915
0.037650794,169.0915,0.913206
0.23868701,118.36558,0.65292054
0.7272177,222.64752,0.5565539
0.7871749,204.95555,0.66332054
0.306427,145.93944,0.52056444
0.67846215,169.60677,0.7811867
0.19997883,25.583843,0.74660206
0.21373487,135.32129,0.82167345
0.6678275,224.64043,0.65683997
0.71409273,148.45847,0.97208905
0.6656577,220.30737,0.9685242
0.13560086,109.95836,0.80344415
0.41394985,233.85777,0.874477
0.060930252,27.402834,0.9196352
0.20786655,35.356216,0.8700162
0.88288033,29.876434,0.765805
0.5960663,65.78534,0.97048205
0.92098284,198.01225,0.85223323
0.7830843,189.84486,0.6099821
0.33114824,191.01906,0.65865827
0.24525774,216.16492,0.6622104
0.8642327,184.4261,0.8097605
0.40596166,45.474968,0.6840453
0.7798512,190.85735,0.54458463
0.5464823,174.55168,0.576611
0.8116938,206.3365,0.50624585
0.23676369,131.96986,0.7631016
0.5927959,55.1213,0.72826463
0.6800734,185.99316,0.85772485
0.6344451,228.0473,0.81368464
0.29614317,104.03528,0.9783101
0.21801859,130.90726,0.8369898
0.8869081,213.29402,0.92442507
0.70813906,61.300537,0.96616447
0.89010525,149.80208,0.7493051
0.15599182,185.7261,0.86313033
0.48593006,157.37378,0.7717343
0.29861692,77.46205,0.8662104
0.78372675,196.89738,0.88811016
0.23645917,101.90062,0.66187525
0.5976898,193.17625,0.74033535
0.39322644,60.961037,0.97087264
0.30687565,193.83067,0.7256345
0.11814335,74.97167,0.72432554
0.5544253,58.87267,0.61441404
0.88955975,211.87698,0.7394911
0.15100157,125.309746,0.8456165
0.63505197,177.26816,0.741238
0.18225485,105.428474,0.7539048
0.00058472157,65.67904,0.72673464
0.45709732,114.88899,0.85062754
0.088537335,141.03267,0.6546136
0.42414403,176.52933,0.8805715
0.7104072,213.39021,0.7367454
0.015206546,141.76727,0.7198181
0.40798932,59.136063,0.61813086
0.675658,97.92763,0.85873127
0.5476761,60.40475,0.9583057
0.59357315,110.884254,0.54836774
0.18735284,83.415344,0.68272763
0.15905616,223.42744,0.6853666
0.16276678,197.2921,0.5900643
0.4127156,155.82553,0.9687089
0.73437595,63.091084,0.90007
0.09197271,3.2419903,0.7319156
0.41793266,210.2035,0.5634253
0.68176305,113.229126,0.5752081
0.4377954,177.80186,0.7834331
0.35557294,214.9602,0.7632462
0.7367312,94.39353,0.6308466
0.4785889,134.45042,0.58653486
0.4855592,92.24932,0.7577784
0.6514373,211.22292,0.53485125
0.60205126,44.990177,0.99443185
0.85844576,172.77391,0.97630054
0.46125036,70.41199,0.69636047
0.8300929,209.26524,0.59565955
0.5132855,233.64377,0.86258197
0.2741025,130.288,0.9340348
0.4573337,207.3337,0.9317211
0.47966793,194.38443,0.78553915
0.62293845,140.88571,0.79290956
0.9175378,70.33644,0.6766153
0.7756857,81.661285,0.75987864
0.6290363,114.884605,0.9548005
0.41286102,131.61748,0.7601559
0.6090061,224.49504,0.5154741
0.2293587,169.37923,0.54348576
0.4066124,163.51303,0.6560579
0.8779292,124.57046,0.7923144
0.06257057,60.885365,0.84585994
0.40063015,208.35378,0.5766574
0.56442714,147.10175,0.9932616
0.7401374,83.25572,0.90831363
0.87950945,155.12906,0.9939276
0.8094705,130.99745,0.99360824
0.4347506,209.31044,0.7582339
0.5044055,171.26555,0.78498226
0.53346133,186.49313,0.8371147
0.623617,64.82955,0.8195548
0.68499756,118.77221,0.60737133
0.3364342,97.5104,0.51248586
0.680951,82.086205,0.88489413
0.1364736,75.38217,0.91399634
0.057950526,182.0049,0.81944793
0.8528447,169.7328,0.9582873
0.6050235,239.35829,0.5868932
0.91683793,147.39502,0.97944283
0.8784435,140.00609,0.88506997
0.22316214,87.75899,0.509723
0.3497699,218.8268,0.76801676
0.5318587,188.5117,0.7706675
0.12775722,133.58582,0.56170833
0.658519,123.0503,0.65035707
0.5564512,157.97641,0.8270544
0.89783776,58.16491,0.59531116
0.79640436,111.05828,0.95338476
0.9277078,173.8536,0.9816787
0.8746389,136.6788,0.7679274
0.3469305,81.99144,0.7363884
0.38946605,219.95407,0.8226985
0.46081805,47.527393,0.98315215
0.5740531,231.23405,0.56729746
0.2846247,62.333206,0.52850616
0.7463753,159.68378,0.9608293
0.67419624,150.13356,0.59909856
0.7643529,140.10335,0.5759181
0.91442084,186.30527,0.88888866
0.94412404,31.564869,0.77952933
0.60180885,144.87872,0.5469992
0.5981182,219.49655,0.6407246
0.61727595,169.71167,0.5968055
0.35547352,87.46292,0.632751
0.11824465,107.65114,0.6677378
0.73332095,200.54471,0.5909681
0.92077667,56.204803,0.63924086
0.7998662,83.24516,0.84735686
0.59861356,152.31438,0.80697227
0.40657803,169.24362,0.861357
0.4008857,78.79222,0.6303991
0.22215965,222.09773,0.63133216
0.34021667,169.80629,0.7682309
0.6402197,227.0979,0.5246357
0.878483,132.38579,0.905915
0.78021216,84.86729,0.69597316
0.30714417,129.3273,0.9435787
0.6165394,34.452118,0.5238725
0.06985992,58.02882,0.87376857
0.775121,216.67912,0.588474
0.12005639,149.79619,0.7411362
0.045297027,153.91995,0.683422
0.2747572,116.82268,0.58410615
0.21781191,130.39055,0.7713915
0.6012326,200.37828,0.8862624
0.0071926415,168.79509,0.62373865
0.85975754,148.00227,0.74374145
0.6865032,132.17598,0.70689315
0.010596484,44.51216,0.6255075
0.8013276,230.24756,0.5757068
0.75566113,45.623573,0.65865797
0.39754266,33.345215,0.6599215
0.7247902,115.92399,0.8530147
0.6446594,186.49564,0.62300843
0.27626452,167.67517,0.98054504
0.7590914,205.78297,0.9158156
0.4616495,203.19882,0.6665414
0.43639788,161.96419,0.6179088
0.72576594,32.48581,0.78568923
0.6316376,77.27698,0.87566006
0.1107977,84.254005,0.7747539
0.2617665,-86.024826,0.82167125
0.25177202,153.61646,0.6180539
0.40526915,209.55254,0.7995869
0.5328236,137.24666,0.65279466
0.6509756,215.58582,0.80480826
0.53450614,226.95465,0.6074889
0.12704745,86.425354,0.9294343
0.016565442,213.01373,0.54269886
0.7580465,92.47367,0.7305039
0.17982769,48.376297,0.77858025
0.916739,225.14752,0.97421217
0.64455223,109.19698,0.9911754
0.75118244,223.88954,0.5310651
0.09076461,217.62701,0.66136974
0.6407576,216.68591,0.8398784
0.21702334,196.65887,0.8889309
0.12919849,176.30635,0.795277
0.55394274,222.61028,0.7099426
0.6661421,192.58179,0.80452603
0.5078649,132.68727,0.5376798
0.3091643,173.73064,0.7345962
0.40791705,99.23562,0.53161925
0.6706424,224.86943,0.67157066
0.59229136,171.54753,0.9001986
0.65721095,63.414577,0.92192924
0.31426722,151.72905,0.7382628
0.17430937,39.25079,0.77353203
0.69364816,90.832924,0.95340824
0.5159223,180.3183,0.7483185
0.8740952,70.325966,0.8338165
0.031396538,68.97625,0.9265054
0.6684917,182.78407,0.9502867
0.48679975,188.31541,0.55943984
0.52815133,110.776726,0.70785785
0.47990918,99.52173,0.9317345
0.81926167,187.3172,0.6282376
0.43888474,165.1522,0.63509256
0.5106431,187.24774,0.52663255
0.23494932,147.27583,0.53525734
0.6242352,141.44695,0.7312696
0.55341893,113.548065,0.64053583
0.92280877,92.26165,0.6948051
0.8224094,179.60905,0.7572305
0.9300604,59.66632,0.8074461
0.76100767,210.5715,0.643646
0.7588018,197.33105,0.6167116
0.45847028,233.46204,0.61919576
0.1628606,93.61568,0.58109516
0.08409876,200.36241,0.89115155
0.76482975,197.54895,0.80647767
0.3525784,81.42249,0.8880538
0.18003368,219.39404,0.79493254
0.45764932,178.37405,0.9889339
0.29475403,73.92439,0.96791387
0.6544805,229.2177,0.80563277
0.37092724,219.1348,0.63262075
0.405617,121.93876,0.5927414
0.50602967,101.0003,0.5458877
0.78636,210.48857,0.6335614
0.77768624,197.28596,0.6643895
0.56083935,133.2502,0.9310756
0.8242423,190.22086,0.84801805
0.14160979,221.32625,0.5062858
0.44000065,76.212425,0.829244
0.49448013,219.94412,0.7786052
0.81636333,83.04578,0.57044137
0.7071886,199.2095,0.9519667
0.7911905,195.38942,0.81943595
0.061352134,15.218739,0.8411137
0.059589744,153.41943,0.7327728
0.4207991,84.374405,0.78630376
0.7528931,56.188843,0.6627748
0.5223915,178.89005,0.8131857
0.017188251,171.95128,0.5426115
0.6185759,179.78456,0.6555094
0.87490106,83.73981,0.6713105
0.6594597,198.761,0.9006877
0.4207831,201.68996,0.66174644
0.81085336,175.12834,0.937585
0.66266584,167.92894,0.88789964
0.13745266,246.23807,0.5705889
0.08432612,89.38363,0.645342
0.2543985,185.157,0.97278595
0.14268956,33.532936,0.86622095
0.5047008,131.48401,0.99281466
0.56311,25.66217,0.6925127
0.8527837,184.07191,0.94256854
0.87269175,124.69722,0.7968546
0.013421148,66.73067,0.7373923
0.75700426,152.49236,0.54459655
0.3900522,96.34312,0.6692269
0.37110108,33.770493,0.648998
0.6355552,213.89046,0.9602927
0.58846605,33.81065,0.738235
0.47105432,28.756666,0.84743595
0.6350218,224.03613,0.6113864
0.6053662,215.57326,0.8473092
0.009700239,59.224243,0.9344877
0.27050662,31.60414,0.57985896
0.14646801,220.65999,0.921098
0.8837389,184.56569,0.9752176
0.5453596,63.190163,0.61246175
0.122603655,55.847427,0.9666836
0.4701296,97.960266,0.97164166
0.7306045,180.9258,0.543799
0.76459587,222.17825,0.5199934
0.47115877,35.156643,0.897355
0.20476833,245.37285,0.8048981
0.26568455,69.83502,0.8664756
0.2718301,124.94122,0.7946646
0.38769963,135.59155,0.75790346
0.45825168,28.275225,0.77804244
0.22509944,107.051186,0.57968485
0.8055543,65.33131,0.7668722
0.072437525,169.40178,0.6776099
0.7410957,67.86984,0.9766475
0.89607906,202.1847,0.5932655
0.63140666,161.23262,0.8869161
0.8027395,100.63707,0.64041746
0.6388954,128.43472,0.6256589
0.74991345,87.12743,0.5576983
0.82299566,211.1212,0.5646408
0.67687166,91.618225,0.7867503
0.9191984,173.01048,0.78905636
0.3141691,234.238,0.5003865
0.6989416,171.97482,0.7701893
0.74662465,114.715065,0.7288177
0.088346004,75.89277,0.7319733
0.57449377,234.44868,0.505888
0.6806607,126.74232,0.5895806
0.07177645,226.49306,0.7734598
0.11761427,229.72438,0.569352
0.018291295,198.01839,0.76647294
0.29129034,166.65872,0.90185547
0.7801726,80.411736,0.55306596
0.4129802,138.25563,0.9613491
0.81255555,191.90787,0.7834176
0.9784395,48.132523,0.6541054
0.2552635,235.3657,0.7678853
0.62778986,117.33563,0.97461635
0.53883094,165.18279,0.8625772
0.9253706,57.06434,0.5291394
0.82626307,157.3166,0.5620192
0.25456157,82.08427,0.7158929
0.5874906,157.0625,0.8706791
0.18976891,136.0024,0.60446805
0.4410916,118.69153,0.82963127
0.5322653,57.839237,0.98167884
0.8494351,153.04654,0.9963157
0.14769825,32.815807,0.57776177
0.59965366,136.0999,0.8855787
0.8211988,140.8464,0.90330285
0.7310372,200.50522,0.6834674
0.43011147,165.1845,0.75187004
0.26507616,216.82251,0.77655315
0.95821446,76.5417,0.51791257
0.3383274,92.78371,0.816648
0.19582644,34.14895,0.9282764
0.49023435,81.62585,0.77265346
0.015427619,115.5838,0.9662331
0.41788784,224.99228,0.5373019
0.50591934,139.72337,0.90227884
0.7659117,124.81362,0.9410313
0.7008319,193.23738,0.6280223
0.9111891,203.82198,0.8939478
0.61737084,217.38495,0.64818096
0.45612392,44.222393,0.8562982
0.69166756,141.8605,0.8104339
0.7810582,154.41835,0.5460839
0.6860885,131.761,0.72633743
0.29037637,26.867022,0.5580456
0.79696643,61.46702,0.64429086
0.15769204,78.979195,0.9441452
0.6434455,222.29446,0.74455166
0.6942333,117.492004,0.83085155
0.027893603,159.01595,0.8267707
0.19328457,185.60587,0.92209417
0.6369418,66.52956,0.8893601
0.49822247,139.29085,0.6011345
0.7247902,137.98413,0.52934337
0.5813558,158.16121,0.7807438
0.20083514,202.5773,0.88192844
0.35233963,238.0606,0.83122575
0.15869838,64.665695,0.5611276
0.056232244,58.427006,0.91649425
0.5178434,77.089584,0.7565025
0.9398558,172.11165,0.724543
0.9435942,43.47542,0.7895543
0.2516114,69.48207,0.83628964
0.4358847,202.65625,0.8368064
0.76206875,230.37897,0.5413521
0.7603463,104.055664,0.8519764
0.38199905,52.124596,0.73225987
0.9161201,193.13904,0.76276875
0.10409632,152.09436,0.90063655
0.5766503,33.80411,0.98016286
0.83686095,78.7317,0.61570704
0.83068776,207.69272,0.6876822
0.3426123,213.40182,0.8491605
0.5513844,171.03923,0.8990491
0.75668114,41.536194,0.69077444
0.9256109,44.163704,0.5923976
0.44019073,127.599754,0.81322366
0.023558915,174.41428,0.9048152
0.23475212,55.88413,0.64536595
0.6450002,179.94876,0.55917007
0.15702197,230.65692,0.6070973
0.8902323,219.10408,0.8976526
0.34264332,230.43517,0.8256695
0.14724639,204.60977,0.9920316
0.09317094,71.443634,0.9178118
0.478909,120.21395,0.9825557
0.09176251,169.68979,0.7164832
0.7460971,102.165436,0.54356945
0.73025155,210.12389,0.8674415
0.7299914,187.96777,0.88781595
0.002734661,199.63951,0.9177512
0.37355226,187.554,0.52774066
0.55155456,227.32199,0.53722906
0.60501546,147.98805,0.647709
0.27137393,90.38729,0.941497
0.645602,33.31792,0.90242004
0.7417469,200.3297,0.564121
0.12000179,44.112274,0.8413012
0.28483644,138.32304,0.7464739
0.6324792,165.02885,0.80184
0.32156867,221.68338,0.96794385
0.21367458,187.38416,0.5594847
0.45964694,67.4147,0.97063386
0.6066957,142.26978,0.86746526
0.75812984,207.36977,0.6378481
0.3059416,212.65471,0.5388994
0.714748,153.83624,0.69860697
0.49038696,208.0688,0.96156406
0.46971047,138.13899,0.52382857
0.63291764,38.775814,0.69104576
0.17114323,202.12483,0.63602394
0.0014716387,80.695175,0.850441
0.85030615,36.871517,0.5139059
0.3763612,192.48376,0.6241149
0.5227692,112.30424,0.60897464
0.8788805,166.04869,0.51855767
0.8013448,154.18814,0.88479793
0.9140669,56.399643,0.6578017
0.72951233,155.29463,0.91796345
0.6851524,66.68523,0.9949132
0.92910886,37.164104,0.52849615
0.423408,222.47707,0.5254982
0.6120887,181.32329,0.8378022
0.7669247,212.08037,0.8000554
0.4944275,36.987793,0.7972429
0.5481195,138.82195,0.5792897
0.34127995,166.90326,0.55520916
0.5172542,181.94691,0.8977654
0.61776245,220.45949,0.87846255
0.70365053,229.21841,0.629769
0.4507756,122.10516,0.76400125
0.56700575,172.63109,0.51095164
0.6622126,167.11652,0.8840494
0.45542315,45.115738,0.67289907
0.8319881,75.65117,0.70599294
0.32082063,71.8684,0.9859818
0.54814947,60.22236,0.86620116
0.2629311,130.94376,0.74178994
0.047981173,82.32794,0.52255964
0.06788248,224.8927,0.53378505
0.10597855,187.64146,0.73259586
0.17648146,44.634563,0.64490503
0.35375017,138.7664,0.7172774
0.8407574,39.632042,0.60188377
0.31060174,131.70973,0.519328
0.34609634,210.91042,0.7134277
0.67817676,168.25333,0.8814267
0.2805863,68.51285,0.7391349
0.6472969,198.94322,0.5771917
0.64518917,129.35399,0.85286313
0.42711627,195.58101,0.56539446
0.5075023,181.25945,0.91094303
0.6541958,193.2817,0.7630522
0.898957,113.749344,0.8512133
0.49401918,136.8062,0.6035485
0.4885422,176.742,0.64993113
0.76489294,163.92139,0.894279
0.83029413,201.19888,0.5408979
0.54701537,166.60797,0.9431683
0.57345426,226.10466,0.6684023
0.29571408,125.505196,0.6582459
0.7886789,153.56822,0.89529544
0.66198313,228.76736,0.6124188
0.058700234,83.89593,0.62166584
0.13468063,209.80464,0.7038832
0.13064769,230.98213,0.90524614
0.9000388,178.29617,0.6209328
0.80516064,129.77571,0.69873244
0.72715884,27.436094,0.89707947
0.37206036,219.17111,0.73716855
0.1126,215.22765,0.8876752
0.683072,156.36984,0.82148314
0.30549747,186.00247,0.7808038
0.5655738,85.936386,0.7935772
0.07307643,116.23133,0.9681237
0.87834126,106.828835,0.60450476
0.5114784,79.20281,0.90619135
0.72821116,185.01079,0.7475206
0.7412691,162.99423,0.66357374
0.11630115,166.54344,0.9490856
0.45544955,91.98199,0.8833814
0.7245342,187.96867,0.69957596
0.18000335,195.44144,0.9104047
0.75806093,145.78596,0.7857423
0.793048,170.21373,0.9061101
0.16872203,174.16566,0.7310955
0.27511573,99.43956,0.8485911
0.52061063,210.03395,0.77733684
0.8907715,126.53312,0.9547465
0.08649269,214.13118,0.5929927
0.2733909,196.35861,0.9141096
0.06801212,69.96533,0.87610745
0.3340147,116.020485,0.5238091
0.5520512,184.98685,0.94173646
0.051339477,27.936243,0.6386977
0.43443656,153.4571,0.8547198
0.54866284,191.68962,0.569481
0.8221517,138.42381,0.939772
0.3241592,40.4615,0.59120184
0.5141147,128.82788,0.8399583
0.74136764,191.648,0.67597437
0.9065801,62.791702,0.8348794
0.71087986,215.96613,0.65995455
0.65348226,196.6683,0.573031
0.20482251,37.51104,0.6334138
0.59726375,128.45781,0.932832
0.7737144,217.25363,0.54761195
0.74434716,168.54868,0.54806596
0.33688587,222.84154,0.63595927
0.6148259,240.7995,0.64480376
0.54654455,134.7504,0.91996974
0.29563525,195.79791,0.9777574
0.6252558,48.191116,0.65051293
0.73766243,201.83147,0.96919274
0.20292604,236.80823,0.50864154
0.16006768,105.063065,0.83774674
0.6500653,187.10088,0.5186797
0.28648582,134.93437,0.8570144
0.5748571,223.84818,0.66313595
0.7493191,143.93048,0.5116243
0.42849404,162.13057,0.8959171
0.48136455,225.71649,0.5380585
0.66525126,216.99194,0.50568825
0.8012221,175.7362,0.8129035
0.6538311,88.55941,0.89204776
0.7784763,181.65315,0.75345933
0.9247757,28.487368,0.8481876
0.390351,185.68587,0.5319998
0.8314254,246.57611,0.694732
0.06995955,26.140665,0.9223298
0.33720702,215.16978,0.97424996
0.6967635,201.65823,0.87051296
0.32546467,113.68158,0.8551582
0.80701435,213.51016,0.51655346
0.09751126,66.88697,0.5190762
0.5718444,215.62138,0.9863047
0.42978215,73.0298,0.8196769
0.30678403,114.29162,0.9087642
0.7953731,202.41827,0.53915554
0.6086788,221.32484,0.9666413
0.66885316,69.47103,0.69993305
0.121941864,99.32718,0.83867407
0.4105301,228.68736,0.5874858
0.84779245,215.21005,0.58680916
0.11017129,100.14321,0.5424099
0.4434055,33.90588,0.5146068
0.31909132,123.417305,0.80383956
0.3032412,157.05667,0.89576966
0.5444084,48.102688,0.8916025
0.31191784,48.554478,0.87921226
0.47521278,227.61272,0.6049702
0.8774222,106.59905,0.68019116
0.39927256,192.89975,0.90486026
0.2624861,164.99802,0.8247601
0.364132,102.31689,0.8417796
0.2168633,110.91016,0.85545796
0.10909432,56.009205,0.8713641
0.5100019,65.259,0.8010012
0.46484622,226.98492,0.9665043
0.11854738,163.8548,0.9482405
0.071181536,143.77289,0.97246295
0.31801254,107.71839,0.71116316
0.82833385,175.58307,0.93121886
0.9055463,96.2201,0.6110875
0.8043947,43.855312,0.6118955
0.3876947,55.520546,0.96279585
0.092523724,119.24159,0.51435107
0.74078834,184.19336,0.6911941
0.40679276,73.260956,0.96277523
0.8564656,197.65047,0.6226652
0.1133762,182.16255,0.62757796
0.4528557,44.683983,0.68692756
0.51048946,191.79236,0.78787386
0.7399096,126.1893,0.98475397
0.86581504,190.86455,0.93111366
0.7044966,194.44661,0.5895196
0.14622554,134.1655,0.6045351
0.0063393414,167.87674,0.7526901
0.9303792,224.1236,0.50945866
0.37148696,194.95184,0.6310271
0.7729007,185.66667,0.82471526
0.14590156,223.40399,0.6789737
0.47366095,215.98375,0.50273895
0.5174646,43.64013,0.88159144
0.51432514,124.358475,0.8381702
0.43010092,108.14232,0.7006892
0.6677025,69.58537,0.65786153
0.8311495,159.45335,0.6893511
0.53118896,153.79459,0.97255915
0.59492666,70.200455,0.5308231
0.19373685,133.6445,0.7956203
0.42905465,86.524925,0.90818954
0.71890867,155.78317,0.8166296
0.9056045,205.44742,0.75275326
0.20646071,132.38446,0.5221714
0.5922453,35.476547,0.5100813
0.80730927,164.43066,0.86421275
0.5201354,53.753586,0.9851297
0.46733105,161.7005,0.8351947
0.6636839,128.51167,0.7562159
0.9305794,74.14104,0.6185198
0.67259085,84.516495,0.76328427
0.64582795,219.2222,0.87001514
0.019928515,80.64736,0.8033699
0.82214713,103.50911,0.63323295
0.92791736,59.707916,0.6862236
0.4836932,195.4288,0.6290083
0.8008497,182.16832,0.5637899
0.31962448,167.12386,0.9268557
0.59161484,189.15317,0.7636061
0.38676983,188.26328,0.65921164
0.002708733,157.51917,0.8998605
0.5145544,205.3711,0.90548134
0.5373491,107.214455,0.97548294
0.8324058,158.5349,0.8912129
0.42537475,114.653496,0.70754445
0.70367396,160.5342,0.8289374
0.48393345,186.86555,0.5598506
0.2044076,172.58568,0.91256607
0.69005024,127.753426,0.6040684
0.4238677,238.97615,0.53017795
0.6925433,216.28636,0.69586515
0.46655276,95.52704,0.9854212
0.4298509,226.68951,0.752347
0.63534206,54.452938,0.92404354
0.23147985,201.35034,0.6108366
0.05197853,33.206978,0.69918203
0.48673406,110.10094,0.7799679
0.28691733,26.163845,0.5635759
0.5484075,34.367107,0.79880905
0.77165437,188.06245,0.7677691
0.82212293,198.44955,0.5750578
0.5832872,36.934956,0.98665917
0.9026966,191.67291,0.9666561
0.081623316,68.16751,0.8178258
0.09010306,111.19264,0.81187344
0.82915676,60.236233,0.6743533
0.4092615,80.34337,0.8284391
0.5168131,103.14998,0.9506829
0.35590422,101.96218,0.8678153
0.042658687,80.28856,0.949392
0.416997,117.17574,0.7443404
0.09234747,76.385956,0.85417724
0.21372932,52.557777,0.74160546
0.1806227,198.53848,0.56669986
0.69750285,164.49591,0.81270885
0.1488246,201.1599,0.74036324
0.7858325,152.08868,0.7852657
0.4870632,124.318085,0.6471066
0.64367455,86.95168,0.75490296
0.6149888,206.39517,0.8859048
0.47015753,161.05864,0.5819572
0.68887246,65.4719,0.95187056
0.84297705,40.665874,0.8168191
0.85476923,68.55899,0.8863716
0.23307052,179.41011,0.93031687
0.5892484,157.58328,0.5082424
0.039091527,29.559381,0.66544586
0.24870318,32.776386,0.60399306
0.29516035,138.62152,0.8511085
0.17389336,163.83035,0.81971943
0.9126598,33.254005,0.72250843
0.30509883,36.506428,0.6733532
0.71320283,32.310356,0.9191948
0.31802619,119.32561,0.9333439
0.90533197,173.26607,0.9292891
0.39714658,189.41791,0.6408382
0.59109163,37.38457,0.8955834
0.80935204,164.00928,0.8584446
0.05596733,88.317604,0.7465762
0.093153596,90.51574,0.59272015
0.45965055,154.02637,0.8005357
0.83216,37.25806,0.7143271
0.5709733,35.259693,0.52560437
0.33292437,188.04575,0.6818181
0.61244595,126.41587,0.7264199
0.13719013,128.18787,0.57446843
0.22476876,189.24689,0.83158433
0.7379579,163.6466,0.93828267
0.3857377,199.67041,0.86887074
0.5518369,170.8638,0.82313
0.3660581,145.91412,0.5658211
0.13910031,36.560844,0.6671902
0.38575256,107.09477,0.55576307
0.57828885,232.89171,0.7140877
0.33580983,95.14034,0.7064184
0.5624733,214.56567,0.50992906
0.60283095,72.35236,0.72906375
0.207845,217.43477,0.6312618
0.91062415,73.90063,0.5210042
0.46580708,34.529503,0.81702805
0.72660726,101.347145,0.67760634
0.18537045,83.72593,0.90316033
0.17394528,30.432064,0.6362778
0.38664505,97.33801,0.5080143
0.2014792,27.957,0.79763937
0.90388787,155.01256,0.560527
0.49112552,79.729004,0.7963486
0.5681846,139.55615,0.7755128
0.5195197,116.96206,0.9062226
0.07289398,-46.326214,0.73981
0.5592102,218.88107,0.60930145
0.076135814,180.09888,0.87826675
0.6818496,177.07812,0.61556983
0.5167714,130.68295,0.94090295
0.923464,115.530464,0.9128907
0.7682272,73.814064,0.7083771
0.91718394,137.09154,0.72565883
0.8712364,150.62346,0.89991057
0.5660266,207.203,0.58824617
0.8922329,182.69798,0.9303651
0.6182917,47.883415,0.64259374
0.66131246,215.77083,0.879043
0.73553866,166.88835,0.7314898
0.77182865,199.78687,0.5121983
0.40975416,146.83492,0.8334166
0.5490027,170.02438,0.8948338
0.73042905,117.002556,0.93898284
0.058449507,91.829285,0.92034554
0.2905323,81.74352,0.54695535
0.36240813,63.36306,0.81327593
0.25854713,101.03264,0.70944494
0.64161134,154.56297,0.6860266
0.9209082,138.32042,0.991645
0.34240127,149.81042,0.8387378
0.9204956,67.77014,0.6797011
0.23911926,69.29983,0.62871575
0.28218353,49.670227,0.7845361
0.3609967,33.056854,0.5418173
0.6682384,30.676168,0.8506348
0.7341448,25.595083,0.9776819
0.6333008,174.4713,0.72044563
0.8140776,210.29648,0.82571244
0.91434765,195.61183,0.9098705
0.22153008,59.6815,0.5493616
0.22472021,48.982178,0.6619557
0.6116627,89.553764,0.8076823
0.7430199,171.34998,0.528104
0.4559813,197.30333,0.9041959
0.07354975,-62.28086,0.83015156
0.12900507,177.1755,0.80595607
0.7694736,129.2492,0.7339133
0.6331185,168.50078,0.54533803
0.53854,222.91132,0.65799004
0.70225656,158.52074,0.9743849
0.4491712,119.25345,0.61003524
0.19011566,123.49285,0.83956707
0.7978105,100.59397,0.54113525
0.775432,193.0441,0.77194613
0.5621122,100.69283,0.9950994
0.5432017,138.48663,0.92188287
0.6021204,177.82086,0.7797607
0.058085024,71.868515,0.6065724
0.16823122,27.71948,0.5235036
0.6430551,72.38995,0.5684428
0.58946925,162.05287,0.9439237
0.8174024,215.26149,0.872646
0.8647734,108.753815,0.69025016
0.6141039,94.04849,0.92691743
0.34504837,155.36163,0.6861994
0.6994917,30.029575,0.78677964
0.7362306,113.9431,0.55565685
0.4973957,162.01234,0.7810852
0.59316415,39.4963,0.9394692
0.3714373,202.52855,0.7618549
0.7385266,150.4801,0.86647415
0.41208625,139.98221,0.82897794
0.6864492,170.25737,0.81439173
0.6684889,97.256996,0.59262544
0.32391125,117.50345,0.8673837
-0.0004516244,61.21087,0.71772504
0.010119498,141.78923,0.6701115
0.54244256,234.38507,0.7790004
0.014580339,40.55252,0.7346209
0.74505556,137.41217,0.94412786
0.6869463,235.07503,0.5774383
0.7668867,204.97931,0.5461289
0.17295864,241.239,0.88582987
0.5568785,174.77364,0.8039393
0.85090035,147.41315,0.97654104
0.049762815,183.93513,0.913285
0.29280937,78.05165,0.95070165
0.323116,96.39147,0.6544435
0.35042024,74.797554,0.52986264
0.35462254,168.3174,0.6210802
0.8465953,38.37865,0.7076702
0.411052,165.95479,0.9709742
0.8295373,152.61644,0.9154135
0.5478494,88.95312,0.6817459
0.41188714,46.859554,0.7668705
0.1600284,116.201515,0.8194734
0.478605,180.0032,0.89296985
0.45933145,73.21967,0.6011639
0.15050358,157.63072,0.9532435
0.54817617,197.89507,0.7136148
0.7240071,215.1172,0.6267027
0.011893481,123.65813,0.99125195
0.5265575,135.59447,0.64914674
0.6221397,148.18497,0.5322744
0.45568532,152.48732,0.6133231
0.36996156,91.524414,0.51777923
0.38073984,73.187546,0.9277203
0.50917155,131.92696,0.8473044
0.40407974,159.29523,0.98909944
0.19580188,89.39209,0.9193475
0.41655767,177.79506,0.6674919
0.20662275,222.61902,0.7655451
0.1816966,212.83113,0.7224486
0.24661526,170.94968,0.79555154
0.5391127,131.77904,0.826222
0.80041754,187.44553,0.9240254
0.5572134,159.11159,0.98903394
0.83357686,55.729973,0.79513144
0.07853791,73.56717,0.8176842
0.500826,216.22467,0.7997349
0.5395333,181.69992,0.8162075
0.87274945,101.504616,0.80837363
0.81078625,81.32826,0.5602591
0.24199477,198.07368,0.5198232
0.26034647,219.77647,0.8610167
0.14372778,132.96745,0.5665191
0.2780727,63.931446,0.9238048
0.3043102,80.26844,0.66283923
0.06932801,-41.579647,0.89506197
0.30308062,211.33365,0.6183946
0.6164245,209.46544,0.8530289
0.51467186,77.909485,0.8052852
0.60722536,196.63625,0.5139191
0.3812253,136.40901,0.5674099
0.6555617,89.521904,0.9931201
0.7966219,189.11693,0.71689826
0.32288754,164.01259,0.93986034
0.7966076,122.79502,0.81152415
0.51521873,127.19591,0.8267064
0.03308329,50.10907,0.83500135
0.36426765,121.56515,0.6649487
0.10155535,36.36409,0.55367553
0.5339932,188.71033,0.83395886
0.5753691,203.21982,0.7849642
0.8160043,149.90916,0.5732791
0.60757256,108.41598,0.91507316
0.683678,89.686966,0.5120202
0.27943116,94.180084,0.5997029
0.17916712,195.84961,0.5085327
0.7756319,68.14537,0.56980634
0.8286041,140.5388,0.94403636
0.5054971,155.5097,0.60308856
0.8285097,157.47983,0.5754095
0.92218995,134.33055,0.79451257
0.04980302,94.677315,0.80761313
0.09653491,200.91159,0.8434271
0.3555571,202.51463,0.5932251
0.7230735,146.41135,0.93860483
0.27207044,166.01726,0.73053265
0.35970306,206.70198,0.5514924
0.7213367,144.80858,0.95776814
0.5270404,230.83418,0.7498568
0.042232186,134.81422,0.98965454
0.58791125,182.92503,0.5066534
0.6156963,255.27867,0.7994735
0.4740104,228.97075,0.63689274
0.12504989,59.213673,0.72935456
0.066516995,159.9856,0.95458174
0.82432824,236.72833,0.67179763
0.12702802,197.10469,0.7240871
0.3346172,103.967735,0.84076643
0.11021495,-18.385956,0.9255693
0.17388675,140.74008,0.84370893
0.62133074,164.33992,0.8157673
0.69937336,226.38426,0.55090225
0.77244,181.46535,0.82397205
0.95207417,175.27594,0.9350687
0.4094211,234.39784,0.5024956
0.6438091,45.3591,0.6832751
0.55716646,100.157974,0.8238916
0.57968354,99.57371,0.7411276
0.7543107,190.71962,0.6760848
0.3727392,111.16833,0.6826289
0.5924132,92.53983,0.73939556
0.90303206,181.86159,0.6437724
0.7720617,78.615295,0.5858117
0.24773845,37.496426,0.88073295
0.65111196,209.34981,0.8238073
0.7134559,200.37459,0.5692638
0.5290579,210.85635,0.5191573
0.855845,36.809,0.5285351
0.28490916,25.746714,0.756979
0.52666545,91.24277,0.554565
0.73069763,142.78601,0.98292285
0.25790736,91.38516,0.5271418
0.8883836,217.1939,0.70701253
0.8284814,89.72666,0.8829063
0.6271167,205.64911,0.7626059
0.77417445,233.0244,0.72430086
0.721768,182.936,0.87488633
0.79259515,200.68468,0.7703261
0.11261952,64.02751,0.8135289
0.32011765,50.601513,0.944239
0.78440845,218.28,0.5673119
0.36780214,30.820261,0.7513224
0.10805774,54.686134,0.7067682
0.3247009,217.23634,0.88119376
0.034968525,186.19289,0.87615
0.023869514,37.18203,0.884238
0.48976737,90.42443,0.6825403
0.26940125,122.19419,0.6933098
0.4096787,52.295933,0.8961303
0.9079262,102.95941,0.7041057
0.5411298,230.05424,0.80668247
0.9232352,114.63387,0.82419455
0.4093716,56.010296,0.96578264
0.28244868,49.318092,0.80571043
0.38953316,142.24535,0.7320955
0.37980533,185.22159,0.98159826
0.07020053,-596.3455,0.67298067
0.10402709,126.444756,0.98197436
0.12003869,138.93533,0.56089383
0.25343168,193.52843,0.81439626
0.22459653,32.376144,0.8912591
0.042048037,31.201015,0.8840622
0.23064178,204.43864,0.58839256
0.09723309,192.90494,0.7370001
0.7925408,172.46303,0.5049907
0.30142075,206.54735,0.5865405
0.12188923,138.41913,0.9595095
0.22389686,221.01329,0.92113936
0.68919146,121.9969,0.57457095
0.6929312,89.84678,0.89092934
0.7440479,118.84329,0.74525326
0.28430215,104.16764,0.65882707
0.8340602,231.03625,0.59554946
0.0022765398,234.15839,0.767933
0.38531423,189.1775,0.9092536
0.64228994,40.515755,0.92870796
0.41287464,213.95685,0.7740368
0.05080852,32.825447,0.52392036
0.044781834,109.089424,0.521591
0.2502483,213.47195,0.59771514
0.43389893,80.42138,0.8658581
0.06336528,79.36479,0.6772434
0.36763775,74.5977,0.8466423
0.858811,169.49301,0.53202593
0.78845644,185.4655,0.55051863
0.18418929,185.3347,0.8341299
0.86877906,221.31027,0.72135746
0.78397036,85.53007,0.96711075
0.28903198,36.519547,0.7266839
0.68204194,228.98712,0.6137216
0.56632364,25.353642,0.57136214
0.7622222,162.52843,0.65808195
0.08949891,197.9346,0.79939735
0.5224886,158.27322,0.50438106
0.7108096,94.19839,0.983354
0.5839409,112.2179,0.55566394
0.8469727,47.18076,0.72607696
0.7650832,85.830284,0.9859021
0.1729843,97.3101,0.77031314
0.84336364,128.86919,0.7173281
0.4127056,118.93503,0.9713191
0.3341115,46.11542,0.9548074
0.12975821,210.30983,0.73703593
0.8961743,243.06982,0.68844867
0.5106431,187.24774,0.52663255
0.583164,207.48216,0.5301112
0.5877361,64.54477,0.9063798
0.3722161,84.80988,0.65501094
0.29602307,81.75936,0.9331157
0.9268225,109.755806,0.8350009
0.17298484,189.51768,0.8407384
0.64682555,156.90413,0.77869093
0.3331825,41.685913,0.9053226
0.65303767,107.430565,0.9922741
0.7552925,80.83132,0.5269964
0.86308587,132.0307,0.68458736
0.03106621,83.580536,0.6971705
0.010985613,190.46156,0.92691886
0.32454252,74.900764,0.512082
0.23029426,34.061066,0.7138767
0.5024876,51.681355,0.67550117
0.40757072,170.43102,0.8907398
0.43155253,134.13974,0.66437817
0.5793843,82.27241,0.8954108
0.08018604,75.7727,0.6513767
0.62605196,195.25618,0.8768518
0.8162306,84.0687,0.73915493
0.54785943,82.44164,0.6249092
0.41535127,150.77286,0.9786088
0.002475828,93.176094,0.94251
0.497671,76.185814,0.9366702
0.89755034,175.47675,0.8735926
0.5871297,211.66324,0.65908414
0.43882293,88.597244,0.6853903
0.75542367,86.9667,0.543923
0.88551843,205.22072,0.66722697
0.08063543,144.3342,0.6972071
0.71546924,199.45511,0.7658106
0.31400532,182.52013,0.6772926
0.5679774,188.07018,0.93740976
0.7692821,161.9164,0.8144032
0.758155,105.224106,0.6722789
0.05646351,57.27178,0.6387586
0.0060310066,198.14157,0.8045572
0.48662823,137.30507,0.9035147
0.66960084,174.40251,0.63804317
0.71427053,208.38991,0.51231456
0.35169318,132.02098,0.88328123
0.69777876,178.14279,0.56203955
0.39609846,111.95324,0.87260103
0.7791146,195.40302,0.6695886
0.2612264,69.73718,0.68826103
0.6254504,104.60867,0.61886406
0.083357334,39.328358,0.8753902
0.2247861,216.90732,0.97437334
0.5988305,162.08961,0.5106632
0.42055836,185.50175,0.8179576
0.08327326,220.40163,0.80760825
0.70493287,61.618443,0.9079137
0.699395,191.39934,0.95801246
0.057356656,28.377071,0.591511
0.8002776,212.40547,0.56567854
0.7340878,156.2822,0.6899564
0.24285328,194.65866,0.66964406
0.4634937,215.1788,0.7638513
0.33060324,227.26735,0.6828386
0.85212755,97.9489,0.8235553
0.71260655,231.50189,0.56780976
0.0707266,80.39439,0.72851264
0.13450384,192.28052,0.74273825
0.59870124,112.87903,0.71553004
0.6635556,35.54842,0.8144071
0.8093082,185.52174,0.6989942
0.37713754,37.189842,0.89068115
0.5326456,64.90404,0.9393793
0.22933227,36.199516,0.5696133
0.13367143,152.00319,0.5507097
0.67959195,208.22348,0.87333834
0.4357574,85.6505,0.94199324
0.6777995,208.03856,0.57752395
0.16495231,75.99596,0.79513586
0.31103158,34.948765,0.974406
0.8479601,219.345,0.5134176
0.72308147,66.48005,0.90708685
0.5289443,167.4039,0.67036474
0.4971529,67.28915,0.8340584
0.7934388,205.49692,0.8262301
0.7647929,110.13491,0.9869975
0.5687658,36.643913,0.5210331
0.7774103,208.30928,0.724431
0.67401063,224.16374,0.8793175
0.24944082,227.85854,0.7375643
0.035986096,66.19899,0.79812276
0.5164622,191.85313,0.5809593
0.0031998754,216.41655,0.9656188
0.54471964,167.11082,0.8682275
0.5438107,108.31817,0.5154572
0.30397028,87.2361,0.8008286
0.48779097,72.55399,0.7738049
0.4206973,62.124676,0.64283466
0.8249253,149.06235,0.5944867
0.82526124,219.75829,0.8363601
0.31860805,105.95307,0.9019205
0.6787196,-115.3634,0.52243114
0.7000161,201.67474,0.80286235
0.20586148,48.90688,0.651003
0.7325485,85.45128,0.7981776
0.63853174,141.23416,0.5367639
0.094997585,80.83007,0.9252379
0.3768744,91.9673,0.874287
0.31432813,105.156845,0.88378793
0.49420914,166.86263,0.89278054
0.43130872,190.15642,0.6139102
0.67256856,72.05994,0.7164527
0.5638676,129.37929,0.96449435
0.545663,196.76614,0.6317743
0.37719738,214.15361,0.6088501
0.5865575,178.16455,0.6230654
0.44931558,60.263855,0.8946204
0.27958438,193.2638,0.9640126
0.66145194,211.01868,0.85066867
0.7895905,192.48322,0.6332389
0.10223612,179.249,0.82489526
0.4034544,222.95592,0.7909492
0.6187085,149.04811,0.58823925
0.3331219,89.71214,0.5332216
0.9253905,28.613646,0.54939735
0.5744903,92.46493,0.5559815
0.6536827,44.328266,0.82516354
0.68591094,173.98814,0.5484413
0.000111967325,206.93129,0.8441992
0.50002337,57.930634,0.88919115
0.4437912,122.03873,0.8340622
0.624628,59.537777,0.96808773
0.03710231,39.737362,0.86856484
0.53218555,27.871677,0.588347
0.16626403,55.08764,0.95678824
0.46704674,204.93077,0.6138543
0.2459735,196.9791,0.95100784
0.33089548,23.472923,0.5796396
0.50324947,189.70691,0.5611565
0.32324648,77.44001,0.98233694
0.08035886,90.52433,0.66604084
0.04269135,136.81139,0.6594999
0.28621787,202.37415,0.5156517
0.06527582,151.85402,0.79548633
0.19085148,122.98854,0.65522325
0.33835483,71.87539,0.82506216
0.64000714,227.33438,0.75720227
0.8341803,100.539505,0.56629825
0.68866473,238.57681,0.640118
0.015926272,148.748,0.8423995
0.27455506,154.45778,0.53803074
0.7799702,173.99628,0.7805731
0.45109388,209.3342,0.95078105
0.69644725,219.5564,0.8610106
0.78713596,132.18198,0.51311016
0.758767,164.58113,0.93430674
0.76219106,173.28781,0.8868147
0.57156914,130.49884,0.7179005
0.2186352,53.969776,0.8946615
0.24175647,177.99083,0.83816403
0.18986389,59.150276,0.9053546
0.59682643,93.09147,0.9191107
0.49281538,120.76596,0.7892779
0.43175042,94.469086,0.8557957
0.47748256,154.44185,0.6896781
0.81567544,38.4838,0.7021493
0.35622853,179.90338,0.9119075
0.46249804,78.27432,0.597764
0.23348823,120.08339,0.612948
0.78781337,38.61639,0.65294945
0.63808936,196.55455,0.9797623
0.529535,192.49368,0.80307555
0.34266257,181.53703,0.56003135
0.024552435,50.88223,0.89027476
0.41378474,147.85028,0.9226143
0.35092962,22.02299,0.9336974
0.28569958,106.65052,0.760424
0.33048427,224.9139,0.87600136
0.7656126,150.76883,0.5654123
0.24716619,195.49901,0.77487326
0.5507325,157.32848,0.8810434
0.9482832,59.207767,0.59468913
0.43602195,187.57932,0.5134908
0.7829592,115.90922,0.6472076
0.78359354,51.169544,0.51535934
0.36346173,88.986496,0.8875474
0.27242875,106.49288,0.69656724
0.57149726,110.588806,0.6902305
0.049556196,222.72418,0.6123894
0.40945268,35.764767,0.82090545
0.14081994,72.44063,0.5352034
0.34982622,102.3524,0.8010378
0.88917446,155.1742,0.76676434
0.5154379,67.623886,0.91825616
0.5915803,181.88211,0.6102504
0.7544781,64.065414,0.79423654
0.50967026,130.32191,0.81824386
0.55865806,39.187298,0.90938157
0.8336594,200.2411,0.8073927
0.567908,237.021,0.5074722
0.40574664,161.41151,0.89558125
0.9570465,73.49899,0.8950412
0.4238872,121.48186,0.5963485
0.8730796,156.81163,0.57906234
0.52224714,136.8754,0.7264308
0.9889344,53.982025,0.5280211
0.16840222,34.30777,0.57405007
0.4610135,158.00008,0.50451547
0.6275902,223.18837,0.5564419
0.74173796,225.89224,0.7026847
0.39567462,220.56822,0.5350506
0.7768373,130.76686,0.5286863
0.19074965,204.71236,0.6857388
0.96827626,75.44996,0.8720273
0.61668533,142.8636,0.8520442
0.5312876,182.85313,0.82314277
0.81553936,137.57759,0.51762664
0.4333,163.70036,0.802364
0.89783746,173.49892,0.8777229
0.15337989,66.16479,0.8514447
0.5841629,130.64725,0.90387535
0.058909267,172.18448,0.9157606
0.00565055,246.58664,0.77434266
0.8286776,194.86081,0.8867449
0.5308906,97.369354,0.565568
0.6015627,81.07771,0.689248
0.5896142,70.41878,0.87522656
0.61815846,198.24849,0.7292221
0.34202158,40.227585,0.6411518
0.93477875,64.04251,0.65866613
0.57987064,118.364006,0.9381958
0.52497345,59.58466,0.9481435
0.47955516,173.49995,0.56271803
0.43011147,165.1845,0.75187004
0.56140965,116.34833,0.5392299
0.71375537,96.10368,0.7092235
0.20901147,191.16205,0.8920078
0.36116132,80.23187,0.5650386
0.9196712,208.25581,0.51259106
0.85450923,88.34489,0.7134646
0.17103106,151.22383,0.73832846
0.5632566,208.612,0.7894894
0.3764577,145.65526,0.60426015
0.65709823,117.3151,0.6386859
0.1963279,94.45099,0.6067139
0.7553848,94.131004,0.9287074
0.5463582,113.53629,0.9018786
0.041209787,29.928164,0.7088492
0.4580347,85.49798,0.7785119
0.85628843,130.83354,0.9852818
0.62777543,214.13095,0.6296216
0.31960493,135.17026,0.9364053
0.44930422,229.5174,0.7360279
0.8565828,60.328537,0.6659867
0.10598838,215.04022,0.61712277
0.7972791,155.9034,0.5500002
0.10816455,180.11473,0.7314253
0.8517496,162.2732,0.6517008
0.50331455,104.74958,0.7959161
0.24994326,103.58318,0.60700214
0.34132653,145.64449,0.7372526
0.6316584,207.12227,0.86922336
0.21061176,132.96466,0.7681056
0.6278417,176.40413,0.5519866
0.07162708,145.28065,0.58198583
0.33463556,159.65884,0.85582125
0.61308277,165.46817,0.56458575
0.83230484,33.976257,0.560946
0.8165748,218.01387,0.7438454
0.45659238,160.0323,0.8212961
0.65921223,118.403755,0.59095085
0.15169358,54.293568,0.8284327
0.8859713,210.24698,0.8731509
0.79635525,79.61193,0.517358
0.725617,180.53546,0.86453867
0.60740304,35.895405,0.5475637
0.43186402,72.85235,0.67674345
0.8446798,188.55925,0.75840825
0.8709868,120.25137,0.976125
0.6740464,147.90292,0.68897635
0.62081796,176.28415,0.5122436
0.32775563,108.303535,0.6553646
0.3936717,201.01025,0.6918862
0.480927,166.15532,0.586132
0.20474145,220.1425,0.74478143
0.40352646,44.138893,0.6283338
0.91211605,192.7776,0.6047688
0.78646123,231.54669,0.79411185
0.9177401,153.34578,0.95535564
0.11068958,193.12396,0.7391315
0.72187567,20.64426,0.8966627
0.652849,220.59866,0.6076884
0.64931554,36.006226,0.81109226
0.36088282,93.3736,0.6431016
0.5114815,33.314617,0.98006594
0.9355426,69.24779,0.890972
0.32834417,149.1493,0.915794
0.16343912,233.63399,0.87104774
0.1568236,126.90217,0.532859
0.19950086,176.57323,0.68846816
0.8601217,53.623665,0.65389824
0.7789918,88.2663,0.5356608
0.40732712,149.80133,0.86497414
0.26949006,126.26357,0.76959133
0.34398913,164.88004,0.7319931
0.5770656,71.4732,0.94127965
0.05334589,71.536064,0.51506805
0.8499197,175.74442,0.95895916
0.8698934,204.9671,0.96210796
0.107981324,31.490587,0.6066462
0.7202079,211.7148,0.94620943
0.67088604,124.84098,0.9863802
0.09390059,255.7069,0.72099626
0.40908659,54.114296,0.9736439
0.9357257,182.20515,0.58788943
0.87678695,174.48346,0.967474
0.19255227,212.49805,0.63487303
0.38924807,151.09444,0.91870016
0.4516635,73.17326,0.8348714
0.4600624,85.90238,0.95241654
0.44356185,21.898367,0.77033305
0.28735852,103.925865,0.8490954
0.75622773,74.730194,0.51294094
0.4302272,193.44183,0.9486131
0.68161017,174.3144,0.8049195
0.323116,96.39147,0.6544435
0.4711678,41.637974,0.6975248
0.30473435,141.94661,0.7171967
0.46265072,105.34135,0.99517775
0.7081889,115.298355,0.8598045
0.2938133,32.486744,0.5649153
0.095626384,45.028812,0.8090059
0.51758295,215.63718,0.5541461
0.2975275,153.27861,0.8133912
0.84808284,203.06825,0.92128253
0.8461896,232.68973,0.5777642
0.51127964,164.79475,0.72702354
0.672435,35.21122,0.8144566
0.2362139,223.39276,0.5483196
0.70821327,236.22069,0.58484304
0.45555097,191.11038,0.73656285
0.2315492,111.0674,0.8275329
0.92582536,222.74638,0.81614673
0.65435857,193.24895,0.69597334
0.89052594,225.36122,0.9359038
0.58926606,150.45815,0.899041
0.8660398,46.972385,0.7429058
0.2995191,62.431767,0.6029129
0.57255185,123.396576,0.97098744
0.86864173,57.065964,0.8455446
0.3065753,62.61628,0.82808274
0.9083055,75.32423,0.89839816
0.693932,168.3286,0.6968686
0.9074373,53.09087,0.8267473
0.39243603,187.57701,0.77727467
0.6502209,208.83075,0.8018841
0.9271686,197.5681,0.96436495
0.3175391,151.4682,0.55146176
0.476419,179.3083,0.9633776
0.40319416,103.57959,0.74678296
0.014893472,81.68081,0.7373843
0.17772233,231.8973,0.85451233
0.79843795,161.51093,0.9055926
0.60830426,192.65132,0.8618426
0.29342312,196.39766,0.8117406
0.39251128,26.85365,0.6641548
0.12731096,115.678116,0.6533239
0.24179435,216.02583,0.6835489
0.83199406,207.0923,0.71060973
0.81024784,77.55631,0.5097139
0.086259276,178.92464,0.83394575
0.41934162,116.07621,0.79506946
0.7786634,111.04485,0.8551402
0.07296318,72.91047,0.93147886
0.50927734,189.9279,0.52890974
0.59483105,124.78717,0.89371395
0.8737663,220.72852,0.6371272
0.907181,74.64183,0.70533013
0.542761,51.072147,0.9636585
0.7328129,128.42554,0.96062565
0.47664687,36.64152,0.89356196
0.7574388,159.8142,0.7176656
0.6771102,145.47806,0.6284935
0.6754551,121.38893,0.7976176
0.041993946,217.50583,0.50649196
0.67081964,35.85489,0.85139084
0.21935073,89.0857,0.5350161
0.873955,180.02338,0.75512016
0.63167197,145.75356,0.6600653
0.30640242,190.39827,0.8075135
0.34117794,161.4111,0.5137331
0.6438008,215.81935,0.855234
0.7103163,105.16849,0.8832096
0.5226327,200.21529,0.51624006
0.24309677,67.95965,0.92030764
0.12242451,179.27756,0.8627072
0.6878586,60.28827,0.71417046
0.6637689,119.11817,0.6644776
0.6386204,63.642998,0.8892666
0.2793986,63.67999,0.68357646
0.19678712,230.64058,0.5161715
0.16736296,117.388466,0.8166257
0.43777233,98.281425,0.95506084
0.6791461,213.6625,0.54181725
0.8282819,125.57134,0.99636286
0.5568907,204.89293,0.63634497
0.902985,183.41948,0.90668017
0.013568819,42.151352,0.9630042
0.24743518,37.33533,0.8753146
0.6867743,220.41211,0.710888
0.23585129,91.049576,0.9802097
0.6841244,195.84262,0.7364932
0.8338381,61.573082,0.74065685
0.89939106,96.64793,0.6286478
0.5391026,182.74315,0.8168766
0.23867023,141.28421,0.52136993
0.72864246,161.99611,0.9722073
0.3244264,220.60603,0.75697696
0.81914127,226.14256,0.5324482
0.56224287,60.30382,0.95716953
0.076744676,81.358215,0.65397656
0.31360936,137.92833,0.57000995
0.4162262,148.68578,0.8890724
0.6611638,203.94058,0.56344604
0.38346475,116.09077,0.59875554
0.5086318,197.04045,0.882166
0.28970832,136.28606,0.98073995
0.42850903,39.54976,0.6942762
0.20312792,247.36436,0.76451695
0.4702255,166.07268,0.9798374
0.57995707,193.79079,0.62194663
0.4743799,113.994606,0.5675233
0.25116336,186.93864,0.86495876
0.09973937,209.58485,0.65312374
0.403321,129.09819,0.8274939
0.4520334,167.01515,0.8959954
0.8368169,216.49124,0.5233383
0.57082194,109.16003,0.73264694
0.37719095,233.1641,0.56905854
0.6808076,204.08975,0.7837318
0.4009397,154.33662,0.63678545
0.8697444,205.19604,0.550646
0.61574167,76.094246,0.50847346
0.2566383,187.20575,0.65491855
0.7142673,32.27908,0.9653602
0.6087602,160.5668,0.86840016
0.8640349,120.974655,0.5889298
0.44331446,221.55801,0.5655059
0.026332825,175.5417,0.7687675
0.6278176,203.19955,0.76874566
0.49357286,35.917866,0.51678765
0.8612263,33.171383,0.5419998
0.25700325,25.469938,0.5579625
0.14844722,116.2724,0.82785636
0.90685654,39.24292,0.7104419
0.6916761,195.33577,0.64405376
0.50500506,155.14258,0.88322294
0.31785917,205.10776,0.82299995
0.4852429,91.21352,0.9085393
0.07802835,27.8328,0.88291603
0.0764671,49.62284,0.6784755
0.13309509,158.50478,0.6737766
0.5555418,149.86267,0.8188864
-0.00531137,94.40771,0.59814644
0.09781173,179.6054,0.8519169
0.8872963,239.02899,0.5810324
0.47263634,198.71631,0.51704425
0.74088514,183.9266,0.8060337
0.6497138,128.02805,0.96664
0.40907812,85.90675,0.52289486
0.73484695,39.178032,0.66580534
0.74056005,174.12653,0.76229227
0.89651346,180.33142,0.96947646
0.7246593,212.38504,0.85542387
0.8584613,125.861206,0.805671
0.11694464,158.46806,0.6711284
0.3187548,142.52718,0.56284827
0.55257535,166.29031,0.68296266
0.46086016,183.42273,0.81998324
0.6009165,39.5702,0.686636
0.31535915,129.68964,0.7869667
0.002231568,32.56189,0.68481433
0.84150285,214.31532,0.8305267
0.6875365,82.10702,0.6171635
0.6430466,85.80683,0.5598729
0.49602818,212.76659,0.88735425
0.33061737,235.06242,0.66986793
0.842908,157.72554,0.84694386
0.82539773,100.12057,0.6973978
0.6042485,202.81546,0.5624541
0.38626197,263.9256,0.8675847
0.8731533,103.70996,0.6289528
0.29122585,66.87109,0.6090063
0.22826543,63.859844,0.8740555
0.25738478,185.04353,0.7001947
0.06686938,60.95958,0.93952906
0.27081227,118.09122,0.8381299
0.87179816,156.28772,0.8616179
0.8450955,96.414635,0.84295344
0.76886046,204.0905,0.79401577
0.8477897,212.3148,0.8269451
0.13871875,144.76025,0.62041354
0.043810874,129.80064,0.96945536
0.33576667,69.2932,0.5201548
0.7972905,73.29641,0.6712691
0.24052727,115.57761,0.96301067
0.265916,26.171492,0.77566165
0.6703386,54.24033,0.719543
0.74232465,113.489105,0.95838654
0.31372386,135.71082,0.9802667
0.6638241,235.30887,0.8194678
0.08633396,205.40845,0.79487795
0.06696841,235.20128,0.8764044
0.046875566,219.15584,0.6493923
0.28789216,186.87587,0.9712752
0.42859405,182.35347,0.56894493
0.2454569,171.798,0.6854998
0.8789293,175.30647,0.9483935
0.58268845,142.30159,0.9087205
0.51515025,168.38284,0.6264122
0.68352616,193.7201,0.66790766
0.85334116,195.57964,0.6758778
0.769785,97.31509,0.8933654
0.21077403,161.00719,0.83045983
0.6512382,84.28679,0.9312451
0.022164017,165.18744,0.6044432
0.6627598,179.30724,0.8767548
0.5303531,175.64038,0.5220831
0.7806868,106.73357,0.5938636
0.20761031,215.32043,0.97087604
0.15770948,183.48276,0.901366
0.41294068,179.46753,0.61303157
0.40233564,159.56303,0.5742489
0.2010194,94.42221,0.54490316
0.39079863,184.5075,0.72496116
0.75794065,25.613083,0.8004576
0.029640436,172.98605,0.7061844
0.5524269,175.75938,0.7972251
0.86246336,201.35594,0.5838027
0.111610174,136.8246,0.88154805
0.9327935,195.21396,0.88641
0.74133945,75.2869,0.95292544
0.6975682,229.73616,0.6684811
0.8606199,176.73364,0.6596694
0.33706164,89.88863,0.5320094
0.1520519,91.148506,0.6546867
0.30736023,175.02745,0.8124218
0.3179505,225.69266,0.8048686
0.7455684,171.06763,0.8788024
0.3994869,140.65048,0.820184
0.8136456,161.63023,0.87650543
0.43777987,199.24701,0.70985246
0.0137966275,196.41336,0.7946914
0.7553848,94.131004,0.9287074
0.059200257,159.45927,0.60548395
0.5450862,200.6558,0.66113216
0.59288263,238.04073,0.5755245
0.40938574,86.52149,0.55778277
0.07103899,63.60158,0.92987585
0.501345,208.22498,0.9061074
0.63970935,98.38854,0.512747
0.72519356,206.38225,0.54587907
0.91308093,121.81374,0.95486045
0.33887476,178.13322,0.8326461
0.27569216,126.45365,0.9608741
0.37760815,223.82817,0.79631555
0.54014647,79.06633,0.68207186
0.063929886,86.87096,0.96681494
0.4836841,73.087395,0.9442675
0.6440803,238.1473,0.9821986
0.8637216,149.6248,0.97104347
0.4362272,187.03644,0.97724414
0.79559386,211.89656,0.5300521
0.44845957,143.44414,0.9809691
0.4744014,93.24862,0.78726685
0.14045808,77.498726,0.7576548
0.1448327,106.45887,0.55273426
0.5910762,162.84569,0.71668774
0.36563045,201.12961,0.934049
0.30731383,63.640438,0.86513734
0.853782,163.57437,0.9589677
0.35250726,72.32448,0.8681796
0.87628937,166.92181,0.88095504
0.052964836,242.79839,0.7319755
0.5276494,96.72069,0.99865776
0.10771698,181.72668,0.51987016
0.6335518,140.62082,0.939679
0.21441516,145.44984,0.84921813
0.43131736,105.70583,0.9445503
0.5508043,108.26849,0.7494144
0.6181526,193.42255,0.8497569
0.0012972653,70.24575,0.8400817
0.3393563,147.99086,0.97379875
0.41695422,151.16072,0.5690392
0.70780087,222.0098,0.9287634
0.901098,47.37935,0.79503405
0.9240368,201.21803,0.89066595
0.53858614,112.78028,0.98200333
0.7359892,195.48335,0.85460037
0.39204264,113.57874,0.8482029
0.12334451,137.1474,0.54971707
0.587517,173.77393,0.8095392
0.19469154,36.171883,0.82683885
0.89314353,31.981186,0.86861837
0.13980201,204.44803,0.73097897
0.52461267,145.74124,0.98258924
0.947705,177.06946,0.9284532
0.94336146,-1.5680099,0.8666003
0.87857354,219.20444,0.9373628
0.30542046,106.36598,0.7630706
0.88083017,180.34369,0.9028425
0.18572795,198.85876,0.79185283
0.1876195,47.834053,0.5171804
0.4477197,197.16113,0.75323856
0.7258183,212.7082,0.6782896
0.9180158,213.57397,0.7022591
0.7209052,152.80998,0.58520377
0.3965382,37.97997,0.7352927
0.024955362,108.901245,0.6509931
0.06931472,69.85706,0.9004658
0.07559365,-43.143436,0.8354339
0.2548439,59.613758,0.540503
0.55233,106.25224,0.56279254
0.89643437,191.12407,0.98950076
0.53975624,57.538662,0.97138095
0.26378724,129.07477,0.559093
0.19329661,51.116447,0.97078335
0.5887583,202.25378,0.98514307
0.9045553,182.07977,0.79280305
0.33422008,105.66974,0.6197159
0.057640463,202.93019,0.75243545
0.731564,163.21225,0.8932776
0.599062,185.49594,0.52407664
0.5924802,145.33002,0.94279325
0.5659656,148.37459,0.68497574
0.7745287,129.38942,0.9065703
0.43675485,84.10033,0.7324235
0.5309038,82.96989,0.5947562
0.25907266,62.050236,0.50947374
0.40511602,87.77886,0.73536396
0.12070638,169.1733,0.89432657
0.43146378,60.952538,0.54995835
0.76318884,141.70697,0.8048115
0.55854094,146.2222,0.5934291
0.62684643,118.47029,0.6951595
0.5018155,219.81778,0.80060554
0.46691594,103.438545,0.98605865
0.24309677,67.95965,0.92030764
0.33606455,177.54425,0.826151
0.5615029,108.059555,0.693529
0.527164,179.41068,0.95107126
0.7733542,119.57907,0.68644446
0.7458401,203.34647,0.59550166
0.78166604,131.609,0.6972016
0.20289472,57.41248,0.94688416
0.7537552,149.68909,0.51757735
0.2634356,206.18832,0.56693494
0.7677674,28.117071,0.5455875
0.19153556,110.40788,0.6435803
0.2735676,34.709454,0.5833249
0.23528612,175.15646,0.7393411
0.7078754,137.43756,0.5580628
0.81538236,82.234184,0.8012028
0.06238225,89.00806,0.9456527
0.35170585,169.57314,0.7888388
0.7119829,197.1824,0.6380236
0.49901277,43.6878,0.52366316
0.48824924,207.31549,0.5777776
0.21887702,165.60628,0.5076257
0.70816445,33.984844,0.7846564
0.34976596,133.24309,0.7892823
0.19171947,158.86916,0.5266458
0.94044864,41.222103,0.8321582
0.45549494,83.587715,0.91197443
0.3177402,52.313633,0.9307225
0.6196201,72.44624,0.78123236
0.24446622,219.53954,0.7890202
0.024339199,200.7291,0.91020846
0.46479863,109.45317,0.71544766
0.75319207,203.47672,0.8776226
0.59677374,216.21146,0.72266835
0.88559496,210.5537,0.60582805
0.37852755,30.457388,0.5530261
0.6440732,57.39958,0.9408611
0.44836676,49.21598,0.57558495
0.308262,120.51349,0.75144345
0.07123175,164.59932,0.87221014
0.89047587,131.12195,0.8376763
0.1343615,162.18535,0.53070086
0.33495513,107.928215,0.57609284
0.7530191,223.14189,0.5157819
0.79877985,211.10004,0.6133079
0.747008,176.84071,0.68181497
0.004287362,206.86124,0.5330237
0.70671475,55.548504,0.8758435
0.61624646,222.59477,0.5969717
0.36892664,32.37323,0.8531357
0.58377516,105.53359,0.5372183
0.96461606,78.73868,0.761374
0.09352279,239.72336,0.99172115
0.4786047,208.28644,0.50337964
0.46310365,49.96587,0.73844916
0.743974,171.77522,0.6736518
0.0033643246,67.98979,0.50800115
0.3721445,191.67726,0.7705884
0.74070555,40.94495,0.5961757
0.10184771,241.9006,0.98535293
0.7862792,193.27208,0.92957187
0.764146,204.3035,0.6646007
0.57260656,201.30228,0.5242703
0.3989976,170.26479,0.58923197
0.81320834,29.335453,0.6605625
0.6782163,31.390968,0.93356633
0.90206695,179.71367,0.7673292
0.2987774,221.07191,0.69183654
0.1821244,151.22661,0.8137207
0.028774858,162.3851,0.8703855
0.69868827,36.222023,0.9932004
0.8063299,156.29602,0.792853
0.25908583,94.97124,0.58043873
0.22185442,88.7474,0.6353471
0.40581164,201.6948,0.56677103
0.72225165,192.34285,0.66185796
0.11230543,140.62141,0.91195333
0.009068936,96.26696,0.5415209
0.0059217215,65.01653,0.8568088
0.35660866,197.511,0.9187968
0.37666813,189.94112,0.5688536
0.5413134,70.75256,0.581695
0.7196832,107.565315,0.8431188
0.050676733,199.70021,0.63998246
0.6562897,195.60371,0.64424956
0.121055126,88.20765,0.63407314
0.44142497,213.66176,0.79965585
0.8237159,147.80067,0.99531907
0.6748936,35.438152,0.8763925
0.8847519,158.42233,0.67052037
0.69299746,129.0157,0.8298292
0.9028579,108.81904,0.8125508
0.06257057,60.885365,0.84585994
0.04333496,223.06262,0.9623858
0.77981675,199.43965,0.65095603
0.41139582,42.00117,0.78024685
0.17754143,191.56557,0.5573411
0.72491205,192.04643,0.5776359
0.4757972,117.819496,0.610259
0.80788267,52.3714,0.7854867
0.75394744,189.66971,0.755733
0.3786056,221.62039,0.92848575
0.30762553,208.38438,0.85362375
0.47165367,153.40466,0.7855174
0.53558844,84.14074,0.5344003
0.26722258,48.178356,0.7740394
0.60871273,216.77234,0.57096314
0.507716,61.060658,0.96496534
0.31234497,215.09885,0.7479212
0.6154953,93.19821,0.72410774
0.89995205,175.24767,0.9420041
0.08092615,72.99596,0.531777
0.8803506,165.71944,0.79223526
0.5099342,147.62674,0.9772171
0.6813026,184.89603,0.87773883
0.5037555,52.229477,0.73653275
0.961779,61.826702,0.8326509
0.49726734,233.87436,0.5511764
0.4631194,30.056011,0.56998414
0.011344373,70.396,0.9011018
0.47218668,163.2787,0.9821344
0.5528625,72.94162,0.8726538
0.2361198,189.31316,0.6558666
0.79629576,41.795727,0.58617896
0.85174143,37.093086,0.706164
0.74070174,173.56352,0.8115243
0.56375223,96.93253,0.5867081
0.33588156,118.06356,0.88082695
0.26607722,191.91,0.7974758
0.3680941,23.051453,0.7621366
0.60126084,20.706158,0.70550483
0.05646351,57.27178,0.6387586
0.12587366,228.15842,0.6305475
0.65975463,218.55363,0.7177515
0.4498554,169.1727,0.7122
0.629109,67.40507,0.5663209
0.7219193,190.22658,0.7242804
0.5485743,79.50363,0.5843715
0.9720589,45.875782,0.6082568
0.25045243,173.27663,0.56388015
0.56673056,162.40845,0.8911046
0.7995908,107.89864,0.9299951
0.19699249,88.06817,0.6707209
0.90473855,188.67545,0.9423467
0.51797366,125.62252,0.85362184
0.7559959,153.96445,0.73024213
0.7717995,109.99339,0.9177108
0.3866351,169.24817,0.66760784
0.61601746,60.73883,0.9617524
0.12157485,66.88408,0.53021264
0.025391102,163.1355,0.7377707
0.8483802,188.19226,0.7166934
0.5016306,72.05233,0.94203025
0.7341825,144.20026,0.5076837
0.63168496,222.81453,0.79871076
0.38427898,196.02103,0.585812
0.16834456,40.051464,0.7296102
0.16534048,144.88533,0.69265604
0.48924914,80.42019,0.6381567
0.63807595,235.61696,0.6515113
0.0049004257,69.60959,0.8755363
0.25397912,71.12846,0.72225684
0.5809991,32.258476,0.95139813
0.29447082,238.11353,0.5080831
0.85691804,165.806,0.6400771
0.2645837,149.61826,0.57423395
0.17350578,63.196854,0.51192224
0.16681772,148.31761,0.5114214
0.55491674,35.34944,0.856761
0.6720923,165.96149,0.6264359
0.047950953,159.58354,0.9221662
0.4123175,133.76967,0.87649727
0.18806148,196.59966,0.93044174
0.47163165,182.71559,0.8969816
0.016421378,206.34363,0.9159694
0.064300984,27.91281,0.97711396
0.78743076,201.62408,0.9719856
0.8768296,216.9174,0.7897285
0.7581574,175.58557,0.5377521
0.8164234,134.83443,0.67212623
0.4216994,114.197754,0.6778835
0.3331922,227.21149,0.81392056
0.3135301,142.26813,0.60191244
0.9360492,160.04018,0.6297552
0.912246,33.956177,0.7910104
0.8888127,233.74556,0.83418167
0.34976602,72.38383,0.66672075
0.30735588,159.17809,0.5228763
0.738041,40.642036,0.89385784
0.09838304,-31.126766,0.9801822
0.9339487,157.10678,0.9900689
0.27107263,132.38435,0.78458095
0.04526782,154.2088,0.6185445
0.3861714,73.712204,0.8603158
0.20190367,219.41908,0.6567659
0.7502273,133.88695,0.5111607
0.5599892,233.57889,0.78648055
0.7177754,227.3668,0.6957695
0.8451873,188.48758,0.6154975
0.027704239,181.34084,0.7928314
0.80712986,162.40376,0.9109353
0.5287581,36.268185,0.85779214
0.0127648115,191.66866,0.7440566
0.80724037,146.52765,0.5356307
0.9296999,125.690125,0.9249095
0.77297676,27.74145,0.7610097
0.74783003,-14.911138,0.7100478
0.51782227,167.61595,0.68261755
0.05052069,24.247696,0.8339548
0.61209697,213.19342,0.83162785
0.13720176,113.339165,0.8073348
0.879233,166.75409,0.53953356
0.16181472,236.14046,0.90467036
0.3236245,112.80162,0.98987746
0.18408746,33.191395,0.5654166
0.48281628,160.07828,0.9763944
0.577953,84.687355,0.60699254
0.17962947,169.6506,0.8508705
0.89747316,221.01596,0.7628782
0.2275872,44.02823,0.9816675
0.831406,139.64124,0.56633663
0.43435007,34.668266,0.8345403
0.031024426,67.73471,0.8666538
0.52098364,40.090435,0.7892284
0.43202853,95.488365,0.67671925
0.6502985,36.85886,0.98222685
0.2572257,85.37086,0.8254869
0.254796,207.87099,0.7204176
0.035479397,139.86511,0.9540223
0.54044724,177.9941,0.5019329
0.58563423,202.45692,0.5661107
0.32200402,212.37286,0.513378
0.42708093,211.24901,0.77509636
0.22241554,191.88768,0.9484755
0.35909295,85.32325,0.7006551
0.19841057,60.411793,0.5814315
0.079187155,54.52417,0.53000385
0.35447407,162.14336,0.5516801
0.45729274,220.78981,0.5348468
0.4367453,44.007683,0.6220461
0.8198122,162.76178,0.502293
0.49070254,31.827608,0.61919135
0.6747105,104.24427,0.77574515
0.71017206,229.69785,0.8079961
0.5795067,121.84163,0.8283123
0.5317191,204.20505,0.88207185
0.37763676,197.82478,0.7013877
0.71254045,183.00278,0.74383354
0.5311755,207.79198,0.7878897
0.7338816,168.72539,0.71459603
0.17409745,29.695797,0.96943605
0.23129228,32.58145,0.5793074
0.29777044,55.94258,0.8985554
0.41936356,33.85319,0.82066983
0.72652495,177.8934,0.7130671
0.6490665,223.33359,0.90855193
0.5042293,109.2638,0.5263459
0.43040335,54.60223,0.7022004
0.095633,105.353745,0.56465137
0.3983881,179.37138,0.8216304
0.6086252,179.18633,0.59507114
0.6323228,213.53171,0.787425
0.0865857,150.02208,0.65965766
0.13497722,176.84532,0.56033355
0.8055049,72.37309,0.830894
0.25015083,185.93967,0.9352057
0.43664905,31.905958,0.81412154
0.9167683,175.23482,0.67431086
0.19085497,198.70172,0.6105788
0.35623184,43.326504,0.82701415
0.6158143,121.98259,0.7258352
0.5352946,46.39263,0.7295529
0.5409043,180.64818,0.93890476
0.18531716,47.44156,0.9490028
0.55835414,75.7378,0.512181
0.30047157,211.25462,0.89185244
0.746139,212.41727,0.9404181
0.022009552,213.35236,0.8993677
0.71067375,134.95291,0.775287
0.3493684,43.150166,0.72280425
0.70381665,54.81681,0.74776447
0.30669922,70.45109,0.8669882
0.66540855,172.20004,0.8591405
0.27153006,128.31613,0.8512764
0.47355196,218.59824,0.64657474
0.87664634,202.10414,0.8031803
0.28330976,80.42044,0.5768283
0.8217438,88.20924,0.5319962
0.73569864,98.20913,0.93813694
0.46579185,109.91617,0.9785439
0.24470809,185.15814,0.92192
0.9389653,209.31255,0.9072001
0.13505858,70.30161,0.7601674
0.047944278,-32.855724,0.8826729
0.69887406,181.58362,0.5818268
0.5321177,85.88648,0.97174954
0.5304003,109.83462,0.88095224
0.5436673,73.35104,0.82096994
0.43320107,149.95665,0.6439767
0.8820113,115.03839,0.99112594
0.46702003,94.14264,0.5877934
0.14165857,170.4758,0.883587
0.51837355,154.94057,0.7810836
0.2746836,93.485435,0.9608662
0.2878796,110.50397,0.79213655
0.30956957,201.00313,0.7053385
0.6835469,164.55228,0.6057451
0.07360652,172.92763,0.5220246
0.9491349,61.38524,0.5419728
0.021191537,-54.16904,0.6784529
0.29120654,199.64148,0.8253598
0.4069225,172.0845,0.5178101
0.46370938,121.73347,0.9634626
0.4543817,150.00497,0.61868083
0.04287225,33.011173,0.6608436
0.60200036,145.65657,0.9841176
0.5287167,149.3741,0.78908086
0.90445065,226.7346,0.9346599
0.06519577,33.265625,0.9336958
0.27450484,136.19753,0.7688422
0.5866291,228.57352,0.643233
0.3748188,203.55826,0.5439123
0.30250362,65.5357,0.9025607
0.6948943,34.44652,0.8973429
0.32352057,149.818,0.62746835
0.63429374,51.80495,0.6201063
0.4809025,117.576454,0.8763735
0.46240303,122.29781,0.5810312
0.291898,169.35333,0.8942183
0.37476382,99.46531,0.9234419
0.17039326,37.927914,0.7830528
0.08892852,34.219196,0.81174856
0.7245643,25.81132,0.92321885
0.84011364,228.00624,0.7952888
0.7452939,218.69154,0.5957638
0.10836807,38.873703,0.87632906
0.6234119,47.456676,0.5685298
0.44334146,216.15385,0.5285541
0.6875634,207.92761,0.5598886
0.6799015,186.49646,0.80120206
0.25437242,143.02475,0.60285383
0.30047572,67.85503,0.5983958
0.53360367,147.59213,0.7261281
0.12330115,63.412792,0.9690466
0.84404314,44.263817,0.7025352
0.8572786,90.02059,0.7778448
0.64670557,106.57978,0.88804555
0.7236854,153.71498,0.87657
0.6734052,160.83345,0.75911474
0.36956662,225.82256,0.5870611
0.34526858,96.41351,0.8332056
0.8297745,153.31152,0.98125637
0.20080727,189.97815,0.9814206
0.23652315,50.28893,0.96705604
0.7855001,246.65573,0.8079505
0.46744397,185.1665,0.7749442
0.110720485,67.07009,0.7220525
0.63571084,174.95251,0.5179218
0.3603199,106.588486,0.52588403
0.38872284,220.17093,0.84765667
0.37053174,209.8505,0.6718298
0.75889623,232.66275,0.63169515
0.754695,213.45758,0.7560886
0.7938013,204.79747,0.66749483
0.85421604,154.08629,0.994397
0.72688603,165.87157,0.7224026
0.77356255,64.08674,0.6378867
0.8581432,216.52338,0.6259739
0.3541275,47.10769,0.5025802
0.6297207,188.05756,0.81683767
0.6161319,198.75052,0.5929322
0.5310564,75.648346,0.5859686
0.6022787,160.21745,0.83865726
0.6473747,91.93401,0.7511497
0.7971338,197.343,0.7733549
0.19756988,243.5211,0.61678475
0.5978946,181.89989,0.7981672
0.8359931,94.46095,0.55297655
0.5015173,132.05392,0.84890056
0.011265427,89.045334,0.7635912
0.08613545,205.61465,0.5467726
0.448574,165.32933,0.7040239
0.68530333,114.65063,0.9959245
0.6144097,200.45633,0.79700935
0.5730299,58.627007,0.8510063
0.45651835,180.55182,0.55998254
0.5371056,103.33519,0.88059676
0.7272177,222.64752,0.5565539
0.23289225,102.11257,0.7939453
0.093494296,29.886086,0.9103781
0.57743704,181.665,0.8888635
0.54004586,191.98302,0.7198882
0.5390146,156.77145,0.89656657
0.50853276,69.17998,0.7995783
0.16703457,79.22545,0.8352645
0.8754663,196.36928,0.9430003
0.79214346,147.01428,0.65745443
0.76937354,176.93079,0.72993445
0.04290569,53.07561,0.5544426
0.27198994,131.11888,0.5177981
0.29484093,231.55188,0.5575272
