0.543809703790851
0.904312231401296
0.8182058479535399
0.8153964800570683
0.7814443711578027
0.8286591698667896
0.8561145370647032
0.5156312518106798
0.8762472473316281
0.6995403701184901
0.6296777153447424
0.906657090566639
0.5702129105817586
0.5061948252009987
0.6918215953710533
0.8290726110054558
0.7515611391801302
0.7677737405801776
0.6710980490388414
0.8681893379939062
0.5251079258142967
0.6450537756688767
0.87432583059547
0.5054969975816848
0.8044289761459172
0.9370832818554202
0.782382977092358
0.7017508197629216
0.9774247633701264
0.9214235233148401
0.6631995934528379
0.5259011111199159
0.8347130632527127
0.7448701223629265
0.7383569744298879
0.6908336084566209
0.6960383666556889
0.6402088564337161
0.5979723775570254
0.7205850765526328
0.9625738929191429
0.9112995320502991
0.8987898805211278
0.6947974972018208
0.8476810529734726
0.6559309600722574
0.9823739312628983
0.9229336990151339
0.6857203587691508
0.8531564751425181
0.8767982452241514
0.5253762507902073
0.9209651250957139
0.9444488889350516
0.8931031174942267
0.9190374909448554
0.9302025759190723
0.8890449919795625
0.5525224157422537
0.6191383146652476
0.6018493742918566
0.7038460589870174
0.9760791709502901
0.8526732651899455
0.6940147553279132
0.6859261001692963
0.935897277715802
0.9021027483701297
0.8457332015149386
0.7890590718003526
0.5655114236016453
0.5742438350247869
0.9350063706627927
0.69409679758556
0.9116588653916088
0.5550752653008205
0.6646711718796467
0.8531862978810832
0.7894929745708007
0.5942634923881042
0.6722671186683876
0.5755988288117958
0.6108836127165044
0.9357311445416273
0.9449673708613471
0.7237694576795536
0.637896452112945
0.6600312972955321
0.5520503805296842
0.876249652716596
0.6026839242927121
0.5546857475446889
0.7004853648032437
0.5699823403547034
0.6020531664453567
0.8238574820293583
0.5536647422777121
0.843129148838407
0.6234918957805283
0.8937643639790488
0.798936604983199
0.5262905718759088
0.682006920654606
0.9483919837111887
0.6879444670836972
0.6279719230789794
0.6417229096507094
0.971333119351548
0.6865428840076837
0.8192712877303476
0.5942133957721263
0.8044233551580232
0.6827994783297409
0.7499298380000416
0.8514969660340367
0.666936003900421
0.978802543201492
0.596412327130158
0.5292154378300142
0.915508176029116
0.5263152881261711
0.7777883473811856
0.7650545835189932
0.537896204406788
0.9784476593478368
0.5294678880361423
0.9424619035738575
0.5747039946593615
0.6039077555659407
0.8475665867498406
0.8476911752922897
0.5509572437192997
0.8069289981882679
0.5651356777119616
0.7366722527826883
0.949583145882656
0.7807288424709241
0.5265580367065952
0.9980587033476827
0.7859359940229848
0.6752805543261623
0.660193127958982
0.8841504676304822
0.5748308823588331
0.5051207317021283
0.8004798985886517
0.7827720151073111
0.7200202853867917
0.8046876745970369
0.9290334142149262
0.8365966330339161
0.5894323870157915
0.7209349063915906
0.9171013800337999
0.541285431594242
0.6362302112236653
0.5533139606827996
0.8633177024624012
0.9871922870721628
0.8824746618544461
0.7321956107692698
0.6129203425618341
0.917922970926552
0.9042060431776676
0.9761391819136829
0.514605994593818
0.7497286697704264
0.8899467536875597
0.8307044212757642
0.7787942334230574
0.9016235467655165
0.5396779865583083
0.6522616332254556
0.7136201120332933
0.5880134636355163
0.99208486833858
0.8447240935843371
0.7641683567574429
0.6436617642956608
0.7105431225613792
0.5344146022991443
0.7336401629824503
0.715764419092976
0.9551055901067532
0.8697188910474285
0.5329209965463807
0.5465027025508005
0.5516864956326479
0.9734941152029645
0.5110529282049261
0.706094891685128
0.5195212998346741
0.7133799486125091
0.5996194861720225
0.7178981096780725
0.8153686557469665
0.8688687727866288
0.7567561789705888
0.5572843668166317
0.8353629596480692
0.9488979278980593
0.9685065419492246
0.5595501958410882
0.980422907062408
0.8420544581229878
0.9419792980055917
0.6046131044000631
0.6255871981916099
0.8358589544627628
0.8674176071357672
0.7602336155427267
0.9919350396735248
0.7930909679223637
0.8446407018214696
0.6409509126055545
0.9453540091094312
0.9007211992972026
0.8069577999011327
0.5145093134290648
0.7933552505553487
0.7735563603427168
0.8220100435805712
0.5487271470783983
0.8631163526791885
0.7505723583228566
0.9621725096474052
0.8948204493965638
0.7972598836026247
0.8167547207151947
0.9441875427697218
0.871876612544937
0.953989818558302
0.8489681048018983
0.7424369314991673
0.7597470182708728
0.6359188438085599
0.9850247167035567
0.6025864032438437
0.9729753858741019
0.5938839150697659
0.7494642759608631
0.8443599483553265
0.9517571441483669
0.8313771694407656
0.7609740381806746
0.9313141672386925
0.8341506835471197
0.8683335825228218
0.918549533485605
0.6085577453160103
0.8876051239460119
0.7641592604261999
0.8075385465849911
0.9455468456039434
0.5233925305032155
0.8768309862951932
0.9526165575007962
0.6250046842993779
0.7015108123957815
0.798316886198719
0.7566879891561005
0.8640310010954455
0.8380736008561359
0.5975443471919794
0.542960816541211
0.6413802798369224
0.8036720561910129
0.8171871394462362
0.8649568384244161
0.7871787046688801
0.7630475357505321
0.837744157909232
0.891224979106979
0.5746551927223241
0.8785180874891123
0.7671856699288014
0.5440472987040905
0.5066426023081458
0.9002333130135054
0.902770719185096
0.9500292784419885
0.8563833322008316
0.5624655773594575
0.8583348869696912
0.6704900240251186
0.5400952402474193
0.5500560905976462
0.5402542926429856
0.6289801500510506
0.9237402554429732
0.5544997893220632
0.6459533318852565
0.712015883213368
0.5698554979890107
0.8390573896876421
0.9872225767131778
0.8694898069034823
0.9026798297967077
0.5068195401778156
0.5290523616766827
0.907015594786867
0.5877088353222745
0.9853444756325654
0.5094883453644651
0.730727797485858
0.5140301373501361
0.6658388408756457
0.5676712926493138
0.5304054078428584
0.5805728125186984
0.7332287635417423
0.544892625367613
0.510443273333462
0.7560888110613925
0.9164559991034018
0.7161169846899527
0.9477073963400655
0.7776171011342012
0.7058367434854232
0.8050034929300276
0.6871319038681722
0.8572236155882896
0.8631518286583479
0.7269204073827765
0.5177166449886625
0.8147192590078888
0.7680964300636302
0.8418286555912715
0.709218988602334
0.5754616534813038
0.5129995169240359
0.5698125894225049
0.6182707307201948
0.8146089907633036
0.9907918653663779
0.8444679048582568
0.5157152731547114
0.5849924011827438
0.6251503904774174
0.8251643391662726
0.9774852481010959
0.9046711924706594
0.7453686076847252
0.9118058818843658
0.9010795633073146
0.5285435702276149
0.8422805233130016
0.8128806795499043
0.515157423492649
0.5389992369526793
0.703356517700403
0.5792487050644095
0.5409077090301165
0.7759776023746257
0.6574464016977135
0.9221731697043232
0.6238547947842927
0.9337786813654866
0.6155518120540029
0.8190709201581257
0.6502569999231155
0.7803950008459442
0.810842666317629
0.8794795252131763
0.5200091905825979
0.8252422934280657
0.7633582428955217
0.9787021944112505
0.559768187720757
0.5057545567784184
0.5149836416514492
0.5494364833094294
0.5187063964126016
0.7044234722599807
0.646412224850933
0.5331641880990514
0.9128781036695558
0.7713085852747323
0.7739379078070256
0.9376877726763159
0.6947923047038422
0.5788543083464733
0.7172693521118721
0.8190733194955165
0.6168828360012595
0.9787344624420307
0.955571339541264
0.9489887673859948
0.881253884904469
0.7474623319635951
0.7029687694183272
0.6225757602403206
0.9800040628636245
0.7887778610487625
0.6173849743481367
0.7319624287180049
0.8013920500615522
0.7203142922410991
0.7683567092197411
0.9217454484419598
0.5062782624995886
0.5463955389595201
0.6969224771643753
0.6275250493482002
0.6686094475344637
0.683109476055099
0.8374012981160182
0.8318979976103039
0.7804149816054621
0.6953886266100167
0.7899692964803784
0.8041666222344136
0.9909853253044787
0.8761907472271837
0.6429887162305251
0.8384034517861363
0.941375167896672
0.7048250013333321
0.864231596806993
0.7058892101519751
0.9252042160868673
0.8144016971722224
0.6525605954396343
0.794817723121241
0.9891068745234105
0.7564659066926321
0.6036575112709662
0.8246767684774595
0.8525008935141667
0.7057566038836035
0.5099177493877592
0.7452179854891927
0.9493206994309646
0.7317898092714172
0.9058552911344541
0.5932424542283765
0.8752550837500196
0.8468859113235537
0.7140821121224709
0.6263974344213152
0.6209199393755699
0.9690310521336761
0.9891109866231463
0.5694012535280947
0.5258681512705932
0.6013054608976768
0.5397885201034561
0.8465807344074876
0.8568745923790642
0.53202008528665
0.7042540633209317
0.7050448806839448
0.6791556174575646
0.8997817492325009
0.9208197176317579
0.7977166697403539
0.7531603258194808
0.8211648603988918
0.5748886140846509
0.9510121591293974
0.7275543542537327
0.8939614670345276
0.5951424010240517
0.5446298447473585
0.5886841875706317
0.7563466498433793
0.5181370760090084
0.70406210547044
0.9614860696877513
0.8172587236243858
0.5374025389331542
0.8734846507874107
0.7724553217178235
0.5406818305870487
0.7516578695922354
0.6509879937202969
0.7547676266341372
0.7717495403295992
0.5851651446965342
0.6252374092755527
0.9005048267951169
0.8927989197746097
0.6876417255542057
0.789263278055165
0.6936494700800668
0.5730043801207625
0.7204319729523744
0.5743597264012765
0.6561252152879893
0.5484339192679668
0.8321092897296468
0.7025987343978827
0.8109796715961258
0.9584442385207479
0.8982290182239234
0.54970802591044
0.9091426169280713
0.6532978012773774
0.5557762711756071
0.6590859442725884
0.5191677465091523
0.7805142161876811
0.7355922244007674
0.8171926412989203
0.6572247004533868
0.9724663055530774
0.96850799351749
0.8024088521420272
0.8705674903973912
0.919707512613601
0.8714146716118014
0.7724884487983388
0.9677969921076337
0.8534374970772847
0.6103380858500982
0.6587457340653123
0.6629106354902056
0.8118740548435095
0.6746708152882877
0.5470480701265197
0.5734659550887644
0.5094589009273426
0.764247825340819
0.7268850667154121
0.8583843681678547
0.8119866422026772
0.9776528949264308
0.8387484271625915
0.9258436292619826
0.9662430183120448
0.7474637861464201
0.8645404380915063
0.7735517057524124
0.8701418161030161
0.8861064558207853
0.6600312972955321
0.7345550199293801
0.9671140433506205
0.7320222130674326
0.7259279251266259
0.6284355988121645
0.7444131098337609
0.8451760679076649
0.7454296300080172
0.7563968730911812
0.7272343132465768
0.8572376222119213
0.6540551452735491
0.876487902553209
0.7398685935586959
0.7185373368084272
0.6150807649125146
0.8534475672696765
0.9629816243253739
0.5479936052161322
0.6851275854096722
0.6852608796423102
0.5889669326781645
0.9664299712093194
0.9001495624799284
0.7273582124454985
0.5627813985782553
0.5750156256153307
0.7820321847679956
0.7609982346745535
0.6357886545655179
0.5895927212068617
0.7549918172836837
0.5342520331270846
0.9906475869894901
0.9782200819324746
0.6947037922531161
0.5948113690775764
0.8655474798885768
0.9334094211774673
0.9284457383475578
0.783968583772696
0.7911503559559244
0.6816817082046105
0.7505974511861363
0.9560150326845833
0.7656751147451211
0.5130031012868592
0.5390701146586067
0.656821846833682
0.7944773408955416
0.8431460171992805
0.5788364444923556
0.9933305441300083
0.9036716971815237
0.9930266792875637
0.993249470958468
0.7603586210500728
0.7851290713769805
0.8347643144959561
0.8270681769108543
0.6102343723824102
0.5129655810281266
0.8854386841547729
0.9067651569528914
0.815020576609384
0.9590516957014714
0.5856337627700997
0.9807935061895062
0.8860168528486762
0.5124944049890755
0.7581100333782881
0.7686506982817664
0.5630100397273534
0.6435246289710234
0.8259637548788068
0.5892666520838307
0.9545805935742865
0.982718163845283
0.7707117668439765
0.7341845734658631
0.8231202135235679
0.9838908601521555
0.5693375438860329
0.5210036569859283
0.9598664650425033
0.6028866376948103
0.584020446128647
0.8879379747949412
0.7829411463927384
0.5549088833779886
0.6341726493780608
0.6024800122669608
0.6248229688028355
0.6641070552355393
0.5879673095154415
0.6481309665892004
0.8517748435408755
0.8044641459024263
0.8595402453058737
0.6184553628692727
0.6281029329255036
0.7666904152037356
0.5241380636441505
0.9066879094701841
0.7097295631040997
0.9460655119919316
0.5347829679337982
0.8658670393000869
0.5962112747455416
0.7431734421443602
0.6834924523202731
0.5734863085659775
0.7764726091764114
0.8859941429121294
0.622952690328346
0.7433833885359512
0.7018724601006151
0.6217987917704827
0.5801945942750277
0.6748885159221255
0.639675579586144
0.8493225863320029
0.6271078521391549
0.9794912691982236
0.9151232501015516
0.6655820891506187
0.6108453492363433
0.788439259944606
0.888081277757634
0.7760479898422209
0.8157478043649965
0.6184640789606736
0.799870940216689
0.6464049502105128
0.8017062496254035
0.6061496224689837
0.9286556654735166
0.5404465861612558
0.7355560931832057
0.7770265362174791
0.9787822040211464
0.9926694196410686
0.5340934732545967
0.6595882351038617
0.831665504616532
0.8887398071714746
0.7968495568914069
0.7111367374373757
0.802415064206327
0.5462469858270708
0.7300836307002634
0.5354843810220266
0.6712451371933997
0.903377993092604
0.9279841583755748
0.7330793711662752
0.7669849793503136
0.9561388090065791
0.7495305749222811
0.8362878211200062
0.9274960127516414
0.9512948362072012
0.5604347903133688
0.7102686099876936
0.9361931879491452
0.6259724212752207
0.6330310436507441
0.5333518066370675
0.5361963650126141
0.73470845078245
0.6451413812814153
0.699311483239709
0.7517144681125087
0.8221784143101285
0.6444798218901577
0.6192005727900072
0.6226948175221151
0.5770510626448915
0.8906876232607487
0.8047720925157378
0.887540956482522
0.7894764800005318
0.9913033730480542
0.9693434122496325
0.8064723850073923
0.6330919527651792
0.5891865324874059
0.552192201778219
0.6313056866048513
0.6666259866654498
0.9274611686058382
0.8468332915403545
0.5038975506281996
0.8273805157353639
0.7809738586208365
0.5751782083493272
0.9506644020419603
0.8193428253877204
0.8418879443330677
0.7318918496130189
0.7867138966929095
0.6659001224139918
0.8104837051482889
0.5391870286238429
0.6493437816893309
0.677631883251123
0.9023187101275694
0.6579938313707138
0.9383601852317318
0.8886006404083581
0.5701638685529116
0.6416608725196554
0.9736095962211283
0.8566655287262853
0.9908044164342422
0.7058424942577163
0.9409227519840189
0.7923767011434593
0.735007605831013
0.5479741901592936
0.6672742933751745
0.6388260579917433
0.9600423957716088
0.7425136104605667
0.8470414617416756
0.6113065881037525
0.8499148103619937
0.9370035445928291
0.5782527436344752
0.9193414992320872
0.9777913762122953
0.613795501007394
0.9605782260225036
0.9729345191465713
0.5487131029676011
0.518438348053052
0.9002277271227078
0.8047305621493158
0.8668674346346991
0.7905270274042154
0.7566711016744782
0.7809357288888551
0.5820156853673719
0.7708640746713331
0.6754704695473288
0.9771117072133484
0.5919470347248809
0.8872739749427089
0.6487321096705075
0.6298463700747414
0.565785820078679
0.5581979742071344
0.7842236797439304
0.7889588473285557
0.5019179133826845
0.7634931659338571
0.7351517572697034
0.7290846184731016
0.5068676004387324
0.590546408875179
0.7781248801623227
0.5658168303645016
0.7660294912603779
0.9056877399983496
0.5577193971625724
0.9598196689441318
0.787321369474472
0.6574822058703454
0.7655976975396084
0.9724335134692089
0.8614398562504814
0.5392897055824485
0.5617075372643758
0.717983823258282
0.8715696586486164
0.60251931240109
0.8322969824274005
0.9856390840973643
0.9938000642620344
0.5774487048480201
0.8859159353973702
0.905957360498616
0.6837295865599512
0.7516972609211354
0.7784620612966442
0.5167653741067937
0.8169477696644986
0.9227768050657407
0.7787965485833807
0.9646474256801835
0.535573555733335
0.9062456681457993
0.9345012530817443
0.6254556713593226
0.896529518803138
0.6485402974176221
0.8353138280658582
0.8085561874660988
0.5516884849094993
0.7263796642783366
0.5536085392993851
0.6538548722152386
0.9436439562875318
0.7428112218401531
0.826555306738795
0.8190984682057022
0.9213156831233466
0.8798100297590408
0.5912985452353762
0.5307933543802464
0.7846217454874932
0.8816330486572652
0.832929480867599
0.5629951898754508
0.9156118592414769
0.7677258563854397
0.7251196112541635
0.8043792431272011
0.8358609995789783
0.8408600069465832
0.5468750991739528
0.8461399737551571
0.7332766884683466
0.7664144274206807
0.900180141059861
0.9813619476116618
0.6202337377728095
0.6889115197560515
0.8501039792004698
0.8985674541033069
0.6997731977074482
0.5837744480368405
0.8017526401277979
0.9031043415251413
0.6434611450672205
0.5603114634167985
0.6007299807278176
0.9005505987360954
0.8250356828704389
0.9884267457219764
0.9245971114711139
0.9853568331458304
0.7188223660429215
0.5492044164692534
0.8651757307556615
0.8870491252296262
0.9166148293666753
0.5221716438926459
0.5358554090380266
0.6486552104880519
0.9392403657502277
0.894351364021773
0.5640748242020891
0.8410680351501442
0.7458116586377354
0.8009740990969452
0.9654091123409994
0.5571639471968293
0.9740189630500362
0.8662264496751968
0.6345819815898662
0.5372894697325076
0.6952078555220783
0.9594987379350345
0.5210207455273363
0.6935148560102612
0.6298970382180452
0.8485804048933044
0.528537375870554
0.6236429422930553
0.6120685478459394
0.5228154286817057
0.8867692645281829
0.6709190165299063
0.9187824415162367
0.9939538513132267
0.5347112176267032
0.5258206811981909
0.8346101727909015
0.801209198196469
0.8137617501581171
0.5817805893341812
0.5577489558385038
0.8993350522667339
0.8754482120209368
0.6354045205563196
0.7674972151845867
0.5142002945058591
0.8817229731129452
0.6584413534618753
0.7178708414765081
0.9793029992046431
0.8687498954260247
0.7417839387404674
0.5233603838782003
0.5295510815438191
0.7279754179043505
0.6437303129712145
0.7085801415741061
0.6091417025501278
0.5213953497909982
0.7103003427592242
0.8825637481657946
0.7433464411655653
0.5760566215676124
0.8575807802498494
0.5644184358960661
0.9040849923118632
0.7599382529969679
0.8568760157662036
0.5942252559693753
0.6451943759915927
0.8920504310769228
0.5415362707220251
0.9436264681781432
0.6656678533407979
0.6597113576884572
0.89624637753763
0.6095722976818049
0.620116717096799
0.7002086426452372
0.9040247027568971
0.6214155237744605
0.6943555461173658
0.9052450667737498
0.736875440991813
0.8933869966721677
0.8201913738202605
0.777053795337734
0.7835827736993354
0.9619040395056292
0.6129491929774254
0.9101236898193671
0.7474412642577064
0.6659968335919655
0.9523205427820478
0.8895232954355088
0.6991111231264896
0.9135887487772871
0.7906860227089852
0.9088046250067278
0.7305008152323946
0.8522174271552732
0.7733998371013292
0.9576251500846693
0.5921021373618033
0.9078630457882275
0.8777383520115983
0.5231687970897371
0.9373534707399638
0.6362448822459225
0.8496030978604597
0.568388040117167
0.938379324353909
0.5892713688910294
0.8357822272011596
0.6732439857779664
0.8440131144527512
0.6608227978061375
0.5779089484778523
0.6319330040347335
0.9378989561770794
0.5520870081063829
0.5464702236961174
0.6314362538996783
0.6438615760926876
0.918822692267916
0.9784106964189487
0.6577458112099382
0.9700070569030184
0.50630331775442
0.8264798077217324
0.5199622056034606
0.8587059825367005
0.6616534932036382
0.5194345101123051
0.8880958105938365
0.5406278712426249
0.5088813179120315
0.7996384946091329
0.9009776147634219
0.7530425188108901
0.8765830449411957
0.5293954277315593
0.6958376876803984
0.9176927477382852
0.9753593917043026
0.8779335198206151
0.853122548661466
0.5235203843167985
0.5230831062756441
0.9849038952811666
0.8096826225164104
0.9103960065593015
0.5473524748661758
0.9675861170011382
0.710302227950796
0.8452392052921578
0.5862247722879044
0.5925620532735947
0.5498276316715954
0.5186820979283536
0.8052105768571356
0.8950115178782811
0.8814442555975996
0.8793560096420961
0.6066337350414301
0.6950373190071509
0.904774197261177
0.8284090354733941
0.8439536773873191
0.8530063347446288
0.8682362119551398
0.8065603271626999
0.9641343764353506
0.9493557961800584
0.965202298400434
0.7197600359593553
0.9284273258639829
0.6076047460527184
0.6210313143321688
0.9498453871506076
0.5125114083632987
0.690048856273941
0.9619848222272502
0.6251725832192868
0.6253912119873278
0.680629841751647
0.7895365703208842
0.9842055961250844
0.9338458841915516
0.592680725262651
0.6048763732113392
0.7463719801546083
0.5113176532473889
0.6336740621361598
0.8256745327589685
0.6779313044199022
0.502883045985902
0.8789033755003208
0.8388606714931337
0.7057470281592203
0.6602670769287483
0.693489135089497
0.9714006018949061
0.533742197547018
0.7896233986198913
0.908805063900842
0.8116565634814099
0.7464878392107882
0.5224630570139814
0.5163864670633597
0.8631992903806011
0.9811460341054704
0.833224481435948
0.7550433439306199
0.6347993286500692
0.7589120802996651
0.8673189845424696
0.7985936142823041
0.6398798179526504
0.6957363486364156
0.6308954997621582
0.5652867169722183
0.9261410667328782
0.7635730478019308
0.6592711799698122
0.8972645938195697
0.9060651026189573
0.9730263344094795
0.8903938201707177
0.7010904520623757
0.83378351845382
0.5607309920310815
0.9104796453627165
0.6080617907339336
0.5269546191434102
0.6951748314311751
0.9883112828733561
0.7512053571572349
0.9317118988415739
0.607992786843051
0.701250209070385
0.7763119944914251
0.5674507796254548
0.7992124858748589
0.7666396651201244
0.5634915197006806
0.9834572272868586
0.9661489022312443
0.8175021498126215
0.8127877361480317
0.6791894044124513
0.8330329902468863
0.9508491736336976
0.8587391115181657
0.94983522543425
0.7488635868547362
0.8475507519171716
0.7466794480858584
0.5640265379516562
0.8154146519163172
0.7400103793423589
0.7887388541295636
0.6439709266717082
0.7534419090326332
0.8838240748990339
0.5743849087014178
0.9521741429737388
0.8216421098177481
0.8998704397504199
0.927292852199052
0.5134276244666847
0.6624359010711852
0.6014242960490856
0.8527237197965633
0.8203296426664839
0.7383023199944136
0.665773418883506
0.9166046127756833
0.9339073235195645
0.9287737777270476
0.6400367583165749
0.9008376338983564
0.8517121034426393
0.7433650399916947
0.5901478025503688
0.8007597394455072
0.7280543673647831
0.5283331649909203
0.6817230027201787
0.7295273907261478
0.5701781989326258
0.8264247852442621
0.934668499021223
0.8678014899406506
0.8228529455353987
0.5620937569553662
0.6652131791636985
0.5515486991962621
0.7149220112980599
0.705525252239801
0.5104776273625771
0.7370274122966076
0.6296813451139418
0.5206424101167981
0.8141609761163526
0.6781393265674562
0.9031389965396764
0.6329295765005779
0.5105903419613862
0.8094057819867925
0.5545220288963046
0.7903300831930715
0.7766324075104521
0.8934549434003708
0.7352488137943153
0.6021361357591423
0.8771163736613862
0.6167028588210465
0.9378689321640963
0.9149419181905848
0.717229530915602
0.7267047674988643
0.9000812403034824
0.5830617914248787
0.9233452323442257
0.6285694300463769
0.8773160570762945
0.7363053490458457
0.5123922399422064
0.8320316664974307
0.8968161955043261
0.9312022691132668
0.9203760100601064
0.5347097961150193
0.8204141526152219
0.7118263153437757
0.6902450614642693
0.9897372336092615
0.8299722784481193
0.6859712115077283
0.6311568325044021
0.7782162616544602
0.5353970201177113
0.8581477337017434
0.9801700190692856
0.7185717003643309
0.8282129298569698
0.9101203810706935
0.5474337712210507
0.6645253628563265
0.7882071008029445
0.5338707530579477
0.9023194062613714
0.8239535423190743
0.806697392552876
0.729886406851951
0.5492159091164537
0.6580852279820533
0.9715699033223851
0.6090898174342829
0.8440910317933412
0.5403102831864112
0.7722196321530852
0.9913767127465816
0.918393354296212
0.7836216443046304
0.6048633088406394
0.5249669132314657
0.5691412207837738
0.9433797246075143
0.8770517419454321
0.6989120523226271
0.932141967108923
0.6838181133123723
0.8079016117311342
0.5578611972657862
0.784190689377519
0.9386154864925479
0.7607587892727194
0.862990180889869
0.8208052755433265
0.8118439992768712
0.5953355384776023
0.8618338532304585
0.7208034807352335
0.6633202870883761
0.7763613319093827
0.7373088261965881
0.9352772743789932
0.5796518475127362
0.5453105480897418
0.8851862946896196
0.8031869464004227
0.9781337790083838
0.9156166942829257
0.9472116503489262
0.6618290850324913
0.5265266969811895
0.6225853010359252
0.7150732538684164
0.967361329524733
0.9172623497385368
0.6885000218201629
0.7562027709249561
0.8159158007119872
0.8932725261201393
0.5984438628670897
0.9527966459718148
0.7078259212728885
0.6277732365899793
0.9883448017553182
0.6480038490652076
0.5335319730788757
0.6137933441974326
0.5196936520017114
0.9278718409208079
0.8491717138261672
0.9906744858918868
0.9198699485856526
0.6600294289417722
0.7539343974922948
0.7205617390620659
0.7871884772845166
0.8235664416937336
0.9184901714564786
0.9856655208337771
0.8045961468719484
0.8064559598288054
0.8004842911902577
0.8086549866764388
0.8106826161798586
0.5541934485800929
0.5213953341279203
0.857597870513449
0.5644862353992381
0.9224722299849212
0.6616417399979726
0.8997957344964427
0.6188169685137755
0.8535220686446551
0.8150013152184878
0.5154846709980212
0.5728756988226562
0.9918755795040116
0.7164358099193723
0.9328607326447976
0.8127494806354
0.8270962060257873
0.8388963284726322
0.6649539514479821
0.5635986422189476
0.8273372138466418
0.7828486682084733
0.5750610364877078
0.9124347687159378
0.5160080418851559
0.5975654969554413
0.507129793368464
0.5605110316847652
0.9431771726627938
0.6031815552165714
0.576505577043487
0.791411231949393
0.8026481285002313
0.8422088506260346
0.585301193278645
0.9357333171000708
0.728465676553105
0.549817263844181
0.9561816455127223
0.7465616509741998
0.9897205019463114
0.5057355737978793
0.7969559758004068
0.6369274545066345
0.7291161827341016
0.9562667113657484
0.6749958882961116
0.7216565861666175
0.8419591521468349
0.9259195004875467
0.8446962695218985
0.8127416955679969
0.55171795821882
0.8252185496101602
0.9306433885429825
0.5032862018084336
0.6885888117702021
0.8188862204763552
0.7488535532316861
0.6795939839386412
0.6864697025395763
0.7306888572937842
0.6443150605940327
0.5928805594132771
0.8808310007989021
0.8267412975971161
0.5677950021105173
0.5202027489469873
0.5359427298157604
0.7501559993505588
0.561210491701472
0.9847518689725122
0.5245006216899617
0.7115103627663123
0.8911996291902781
0.7624187643650899
0.730567177436663
0.8752218020262831
0.7730791651290362
0.812641046707085
0.9347335269227559
0.5638006437260519
0.7610229076961865
0.7046945760041079
0.8782184864090499
0.8728796898314508
0.8863396888413069
0.6803032314838143
0.6936056178625021
0.8963671276130033
0.7012434250915632
0.7988515061552537
0.8269187965725561
0.9662298771185088
0.8017839015014171
0.7339030077125306
0.9828359756828257
0.6735914883072377
0.9831842700644191
0.5588410446360743
0.8095467267807918
0.8887815052199298
0.8687385880999291
0.5859371511173298
0.7351835110689626
0.5066287535059125
0.5828104502043564
0.9554345025013408
0.92274906808329
0.5752774462208776
0.8941711551094651
0.7573521538380757
0.652294197267551
0.5947034966134598
0.7698083847392134
0.9085214046205342
0.9225804300450449
0.7729847209835505
0.5252318431633286
0.5210453833837322
0.5967158615404938
0.863234894677974
0.6784452984755706
0.8513182306388066
0.5370767744907466
0.546499982293026
0.8318635962318275
0.7206671217174194
0.968897734591995
0.7191238482811131
0.6106792578965399
0.5928837626596356
0.6622262027169016
0.7930219881260423
0.5068366485065499
0.9833191772272061
0.5583174136223356
0.7161740789992843
0.9854017332168544
0.7678500187501315
0.7135564933035221
0.9746776227877719
0.9499203634859885
0.7373744206660984
0.6899161274651141
0.5333518066370675
0.5291382267713184
0.9148548430871993
0.6560765979217686
0.9315019674948907
0.8463820808561637
0.8445062228870525
0.7783205743670627
0.9109934706956776
0.9919016876882182
0.5287330396633867
0.6858048456234384
0.6953333504149346
0.9312505785424112
0.512595723633025
0.7144223359631697
0.674631103300046
0.8913253734929214
0.6527562370991176
0.901713665748463
0.6510185398806576
0.8773994315483534
0.7467044322755468
0.626858206953751
0.9777831390940216
0.9470359340571137
0.9420375688996627
0.8727383102202483
0.6536723135761885
0.6834307528625649
0.5474508281674308
0.6617929421088401
0.699114196685314
0.7689355227751389
0.677627691859309
0.9350319034869863
0.8153308040808982
0.6838124829578137
0.6388709488557378
0.8026885519571055
0.9050979044916198
0.6424570098751204
0.5108063657881006
0.8844574793108191
0.5647980603680017
0.8713308869009985
0.6731635649817238
0.68273970222363
0.6120360505688053
0.8727615395722189
0.9714716093440374
0.5120185643735365
0.8164980359053022
0.8040617987447699
0.9106023262032912
0.9572573773080578
0.5944143087102814
0.5656059983152301
0.6854108815616862
0.6704052656251245
0.7614801194781845
0.6853085251648506
0.8117409771429728
0.561871462902684
0.7268301135057772
0.7399782043636417
0.7220965170708613
0.8172742474216249
0.7025181351264144
0.8970515699831733
0.9387368718440324
0.5691126057350072
0.5477832588710553
0.8699263388041208
0.9475075254288317
0.5770927866948625
0.7893072925355562
0.9703396352317614
0.5135345402829535
0.9148175134918557
0.6658567875126166
0.8110820212625676
0.8255317315052089
0.9870469470458547
0.5164532732942221
0.7238763853382768
0.8793819837316172
0.7390971769054251
0.7878118468513682
0.5749226646869107
0.9638444611929566
0.8682126739260266
0.5152075722093776
0.802406683632041
0.7815339296385179
0.6308997896954477
0.597016194613191
0.8421619408661472
0.904099321157595
0.5228680245326455
0.8035844531697546
0.6438554285384149
0.8045183007071046
0.542846038571834
0.9223255743200992
0.8696138697099378
0.8787304363029481
0.8922883728758308
0.6145062582103243
0.7133405687148703
0.9653383981841931
0.6323825640090391
0.6072381548696439
0.6289588044606191
0.8921169746985231
0.9676472181356961
0.8517569751802215
0.6371605722715974
0.8219673783903753
0.784152895040941
0.5950894632265049
0.5253512957268541
0.560693224346792
0.5497223730233775
0.8242692542346002
0.5489751690888941
0.8394705991554052
0.8838256639688151
0.8383113353654441
0.9673792536573452
0.8851475531341073
0.6022214049015399
0.9452115860941853
0.6192420212648494
0.9520434304448209
0.5765065587050665
0.5566799544763829
0.979721336688789
0.668695001968876
0.6554042555273142
0.5161750748034044
0.7939172028067223
0.6549362558413075
0.8128172544329895
0.7574173179376817
0.5697963536739664
0.6403203417309151
0.8417682565759712
0.5351427294072653
0.7772145192596548
0.9523111987465798
0.8539966237760394
0.5160777256479895
0.9327828956384552
0.8895209381105572
0.7116510150804943
0.8970862827923589
0.8400906665862068
0.904497397861132
0.9206709479063111
0.7908406273658773
0.852523340953104
0.6908720593798797
0.7059362165986589
0.9069830596694778
0.5955204726457812
0.6103473516651046
0.6742931364021808
0.980856641000878
0.7959700947983653
0.5607276750240412
0.8870249385622487
0.9241619184784678
0.9300523450873499
0.7610827583698
0.8682738056803467
0.5709055780035955
0.7733430309456654
0.882795849236935
0.5977693174197896
0.5129235285091934
0.6472029907465773
0.5253103186574868
0.8899740607837529
0.6903957118127245
0.6971729363748104
0.6099058944662419
0.8225153686355965
0.5342865456096934
0.8046839369061526
0.7674105348843315
0.9205169203498853
0.6136020426601129
0.808332412536822
0.8230669502623134
0.9082329861143547
0.8087857492839626
0.505033052662993
0.8975994602324907
0.8954789066117387
0.5942513084168943
0.5763202801015512
0.7243256611042382
0.5353887822768391
0.5624439453655973
0.5031080283781404
0.553006492285748
0.6964777792221555
0.533230826385447
0.53202008528665
0.6884466923515289
0.8735667043002071
0.849851116163529
0.8258534385007347
0.5198241682692375
0.7988962577752324
0.8766960068719234
0.8514092461150192
0.8999863805541446
0.9127425489412077
0.7706196825325506
0.8880002306886116
0.5660228293837306
0.6893717169322111
0.870383703179598
0.729076237886406
0.64111156108677
0.6526828841766195
0.9380782431172779
0.9455314405629215
0.5609762118192011
0.7516972609211354
0.5434470519495938
0.711344317167919
0.8863871098095162
0.5650750717380567
0.5136723467269724
0.7098872981574921
0.7335656968220339
0.7877837524964868
0.6036114661440556
0.6407055277157131
0.5997490655889022
0.9343453910046133
0.8946746953533037
0.7064896357396016
0.7809256201391084
0.9861409013674033
0.6285652987872724
0.9305256760170855
0.7389401428798947
0.666779673556264
0.608893900439984
0.555807618908378
0.7302957688332307
0.6455919461604986
0.7942978699880839
0.6085124734092501
0.7371543137189139
0.8687378796214484
0.7626980347852833
0.5454160862084737
0.58315234775459
0.8543929566758062
0.5656197520830174
0.5848043017805594
0.7420031003048888
0.8163263483999552
0.5925805977599089
0.8254707285486975
0.8715693023042651
0.519395404890804
0.8671487496179572
0.5458819012993071
0.6759042178448373
0.756801984999935
0.976494403574052
0.6867941083252584
0.514625369304278
0.6559937257725806
0.6878748107811895
0.5896921459181407
0.7446694410839321
0.6289004536919933
0.6040435781226351
0.7966174097212559
0.9535085672180599
0.7398223519893864
0.9148272517343449
0.6097200279129343
0.8140421147468212
0.6351540458576709
0.9789955856159277
0.8960381216282864
0.9110922856385842
0.8704039316697593
0.5305966499820319
0.677644300566494
0.6611735032434638
0.5418947363978924
0.8711846818233409
0.7727171477803239
0.7284641853393427
0.9443236048775131
0.5141799888780287
0.960239970459216
0.9634279623776586
0.6090705993227188
0.9468227870704445
0.9849337399448798
0.7151571471651067
0.9733644557153551
0.5859783795854971
0.9660659908682854
0.6317629519564073
0.9208927690057046
0.8331979801925645
0.9486905757086771
0.771335451630262
0.8520458890152424
0.5146975440240993
0.9512535520942844
0.8054304266165543
0.6618290850324913
0.6937151690225062
0.71406691474703
0.9934029302071391
0.8658059171043042
0.5666011256352388
0.8059487705014974
0.5573256661498037
0.8054650740422833
0.9197377404275406
0.5714066051997172
0.7265040915004254
0.8194572698583332
0.5458797432539052
0.5859014003100121
0.7359998829011034
0.8223911161003314
0.8158340997559832
0.6976339320627855
0.9363253435796575
0.9014579515768708
0.7463067809632636
0.5944994925827933
0.970924145871245
0.8560704797866105
0.8210938674783492
0.9041628014996115
0.6951718317785223
0.8298682389069724
0.7732534277542349
0.7972307433162525
0.9635420894683522
0.5485759168977402
0.9626265388803438
0.7493769273282641
0.7323376162839282
0.8484811138183278
0.9049393721155594
0.8557489482771871
0.8069696774446538
0.664626166773438
0.6548856423960566
0.682462041479031
0.706607497745027
0.5128833920927415
0.8311651451866123
0.7988881711408595
0.8564459775808605
0.930916954880847
0.5280716799458154
0.893171207591787
0.6406939679487016
0.7123547529789067
0.9627971893803995
0.9608536369431209
0.9006019714639498
0.7164003828636989
0.6312509815279048
0.7901466460245916
0.5054866355807155
0.8400131009639532
0.5345514854669066
0.7544515930817303
0.6604949487203999
0.7973864198305693
0.5122313927174232
0.8548902050260739
0.8834601345622334
0.5166168479398043
0.912033767876235
0.8574616184341189
0.717717256035045
0.6678381927925054
0.8969032449927774
0.6840075416890995
0.5132405619476654
0.8159209200349917
0.9571463009325638
0.5391711391370573
0.9961453345496663
0.6343410791556138
0.9060107253725923
0.9622238095639462
0.8761028414170792
0.7120294209171264
0.971178362881843
0.7352734061804579
0.734511512698178
0.6302178854042864
0.818616185807266
0.5227588890475434
0.972994711542465
0.7547691746703284
0.5331196749410433
0.9541692773784716
0.6472929465399738
0.5704282427655151
0.8872694174900339
0.5660536505941126
0.5972275884969294
0.8867963718525708
0.9791021811463203
0.6888204086969834
0.7648876734469582
0.9740781785527385
0.6230138236338912
0.5686784356250637
0.859091106118194
0.6533825571954711
0.8327932126229396
0.8986464411878377
0.5235996316343764
0.731862066977782
0.5663193226961365
0.7770525643111603
0.6467047770736828
0.5509394491904865
0.5207761245108575
0.6516325605890485
0.9659572293269334
0.869709796136312
0.5932488768602697
0.5677506395795715
0.7678479005711611
0.7715867138615481
0.5273362611224907
0.550379716814406
0.5542265822167631
0.8229194702029564
0.7110461344939046
0.6475690533802233
0.8865635902285467
0.8261608761353971
0.9144837761316513
0.888856038199977
0.6712957084841734
0.672135892597282
0.8162967860264048
0.5909432873919909
0.846780399080289
0.5739255950049822
0.5151016473785152
0.8067305532117327
0.9663345566796386
0.5260548509025802
0.6644860370099577
0.7653770417496977
0.967099426177977
0.8546369380550699
0.8023091192557991
0.6704329540974859
0.5652988972646764
0.6836713409754676
0.8152826031815343
0.6865042904974911
0.7873540721410532
0.6772691611179623
0.8305963726342873
0.620856827911355
0.5632108125483576
0.8851573776112356
0.6654831468969626
0.8461454182397534
0.7077801011476058
0.5657688972655652
0.8696711624917162
0.6350794629716151
0.6086303301488376
0.8741384992214184
0.6999953031974757
0.9377656888347711
0.8377521641450517
0.8557074092924053
0.8529259619154663
0.7892699918302556
0.827701174022175
0.6193795510564419
0.9701619617017769
0.5204677659212678
0.6811998749561209
0.9602167567513737
0.7829316203390948
0.7162489532288098
0.9561313229000971
0.9805826547763646
0.8155441772519699
0.7916588002464322
0.877035758965031
0.6497001014864972
0.9704055274589026
0.5670160361873721
0.6873027210285928
0.948930250171463
0.912493673499128
0.6249682608844613
0.6689146260622141
0.6704463936500152
0.9051826423789785
0.8307788458478841
0.9272841442981029
0.6030909957191738
0.8757825649851073
0.5264548721287156
0.6009965979440339
0.9661224585632039
0.897000635198455
0.6110819812129208
0.5680997853495338
0.5452530852636013
0.7223022464237917
0.8076620292617783
0.7022385655582033
0.7906323221977514
0.5842487854314778
0.8847249445656199
0.9002192373459359
0.955955051843443
0.6742043685882652
0.6636406673061179
0.5319283157181549
0.6526631422919192
0.8028489645883032
0.8029967306383967
0.8794220400862229
0.8202401338942943
0.8776521079417886
0.7111556349822185
0.7910598271061904
0.9343453910046133
0.6031325528296474
0.6621990132241601
0.5805418930115784
0.5509408177893267
0.9269628383891703
0.9037146998723751
0.5104034963947094
0.5428507803406312
0.9510400565120118
0.8280079315399259
0.9584419572042039
0.7894449887439368
0.6859228268175073
0.9649354912389191
0.9456067159760739
0.9826873803458203
0.969950872535286
0.9761476184283022
0.523390653770317
0.9845918214934251
0.7925053613929389
0.7547086991510514
0.550586236373858
0.7191225168519568
0.9340920673401832
0.8594688045566308
0.9574874393098028
0.8618433951457968
0.8843834830633375
0.7291538639498191
0.9953156196827083
0.5190360118662104
0.9388474003143481
0.8511147696809408
0.9435973165489194
0.7489466347704291
0.8462479937257439
0.8366762034002434
0.9768698349653774
0.5691956533741236
0.9284465682830828
0.8014954057796781
0.8904536370827872
0.9830921497772619
0.8577512575613643
0.8555115202458438
0.5477626659615374
0.8083673634651245
0.8263757211750281
0.8860705717706312
0.733525466195743
0.98153385696165
0.9215494810494389
0.8758903764167101
0.9364841426798937
0.7700060401520603
0.9007659015604649
0.7915588992678655
0.5239668599539478
0.750572635760772
0.6834436273827362
0.7019578370921583
0.5923850096090838
0.7274174486559174
0.6495232879692447
0.8993248546828411
0.8377361048373175
0.5312764235629892
0.5687240821543251
0.9886917107854422
0.9691485851773971
0.5597684282654062
0.970741227228108
0.9822404866611998
0.7924778418526058
0.6210217579793201
0.7464537476988968
0.8957829656573404
0.5204402397680837
0.9417142214603287
0.6880152513783532
0.9032307668866054
0.7320579018226172
0.5932505498332873
0.5117392577646322
0.7377675345777208
0.8934322315459365
0.5558325399590881
0.8061760289887919
0.5834767506634709
0.7042600995417944
0.7915414336213137
0.9833147374399972
0.912033767876235
0.8260021015844327
0.6995340081045076
0.9470607377125055
0.6815892909389009
0.590570565008092
0.6974749739550772
0.9478043167448967
0.5149749620605696
0.5666523085748358
0.5513630435001907
0.6419230369634653
0.5769913079942052
0.7373717022737113
0.5726122435540737
0.8226363415100443
0.9467490792814605
0.7911835332248272
0.6414255018860788
0.5193211485973721
0.5749356659030815
0.507943317358599
0.7798535337296576
0.7888152591631176
0.5256538766966837
0.8408197514946235
0.9141636393779674
0.9314770506913889
0.7767739954176729
0.7859090399804249
0.9093270989982687
0.7215044446643987
0.8775571266597583
0.7220714417300625
0.6082876721902943
0.5552671502276656
0.9462795883726131
0.5795570295823869
0.7462489295944457
0.8705330976648155
0.841596911457534
0.5275202942053657
0.5751747684952163
0.5124391320612237
0.6160058566940736
0.6781213468887647
0.5288737053433706
0.8704310462371039
0.6024869632389256
0.8726230418293885
0.5402897892076998
0.7666735152185867
0.9911192174114569
0.5070494620979715
0.7412245032708705
0.6719836583454728
0.509442270396503
0.7728752550179612
0.5999080274873118
0.9821592405998892
0.9294283216286822
0.6639384701254883
0.5173022390356603
0.5889964225282083
0.6780317246895274
0.9445596020750276
0.7618274506314218
0.6927092703599717
0.8139905696427261
0.8616830293783926
0.9929619103081755
0.7894795011119738
0.5862469414091969
0.6280951674826931
0.5654934309700349
0.6663167564690319
0.9132135359833521
0.540200461067903
0.8590753999381444
0.9152476308122446
0.5634261751222129
0.58607012732198
0.8515238543667921
0.6342599512651126
0.6465189665073481
0.6374538201096243
0.800682002023152
0.9927518869645491
0.8904683354469983
0.6775142265657145
0.8331949885196757
0.8137256960923732
0.8431460171992805
0.9628313761554592
0.6492026338481889
0.77238282704704
0.5561637610536879
0.5822190194321204
0.610291389918826
0.7880392236729106
0.7562844600643825
0.9293252968104432
0.8542873214298219
0.7852633789221437
0.5382016338408478
0.7705827015644598
0.5638483766135507
0.9653345874911916
0.7472785407706585
0.729048078421199
0.9430977723775011
0.5361587950489246
0.7910307813694003
0.9800525805623392
0.878685350851662
0.7315436002914886
0.8307914850671225
0.5547458538230441
0.574142724534248
0.8950594593427805
0.9789891012092645
0.8724065473463264
0.6562132061249648
0.5930255850905327
0.7087426130088407
0.7987242988590523
0.5900908258980574
0.8829486604408233
0.7902694725872356
0.7544535396554256
0.7049363620684153
0.6388709488557378
0.627332135009706
0.716920889861967
0.7103250487129776
0.5909079215608697
0.7278363892563552
0.5797299557029896
0.6141381095346405
0.5618577173422217
0.8986417308212709
0.9352663553607364
0.669083160394032
0.9422172528838794
0.8478810173952344
0.7357726292546424
0.9186880398506168
0.6644160037813561
0.9629851800232848
0.5345773558613047
0.733636049130156
0.713956897658805
0.9441522459505823
0.5121556381576512
0.804472577331564
0.5882117587250721
0.7330032492434618
0.69756446320408
0.6344133871328673
0.6521662658935002
0.878286160461382
0.7188620632536701
0.9540651388454906
0.5075441084551218
0.6304053689058307
0.5686125524856582
0.5105640060350879
0.5140186072922653
0.8475179702813457
0.6280666193878103
0.917514521641932
0.8760161694302477
0.9312646569445316
0.8974160725829885
0.9119642658798602
0.9696844707511074
0.9701402533026015
0.7901583663413914
0.5432286066578386
0.6723066656661622
0.6800934624176602
0.8151554239372308
0.602940990425086
0.6318264444191384
0.8089743265148114
0.8360258514946042
0.6621289397920294
0.5242077053353851
0.9038796125642868
0.9804925067823803
0.9895343633281587
0.7852215440875119
0.6180080969697365
0.8613304462595087
0.6563726479148985
0.5142561635646207
0.786023875237705
0.6921745274173421
0.6183233520160724
0.7853673304822291
0.9147061613127597
0.8609182923095591
0.7421394701354119
0.5246828591628622
0.9240629355198485
0.7601859537100351
0.7098735530410846
0.6810257328365262
0.8321093337173365
0.8302408475135443
0.8079719760432982
0.5367056210519502
0.8984506604309898
0.9858821052607308
0.568066038153664
0.9761268889447902
0.6046519672874584
0.848831436117981
0.7614480487350873
0.9804197398936354
0.5668953560151556
0.8420811164973636
0.8668595488105278
0.7738372707445144
0.6769963761504743
0.977528898216133
0.82245580166536
0.7181074577547271
0.9514641933885191
0.5058051980655917
0.5592405830836716
0.5103126437571623
0.7767171711750986
0.9504716535940204
0.7033011010115809
0.5786811389959996
0.5239978531113144
0.552996649581408
0.5346856680562665
0.6260627567485108
0.5037373538737754
0.6345596474484259
0.7771155794736851
0.8110375278040421
0.8262411138543099
0.8770890856581596
0.7019355764520274
0.7488017878880329
0.7864335477763975
0.713460358333072
0.9609251535817604
0.576427763104242
0.8965201426596877
0.8079462180575611
0.704158247561415
0.9107216829735801
0.5198085902952386
0.7054348762521383
0.561877666027753
0.8213660790344814
0.5989210950261418
0.7772591022023274
0.6577724897510383
0.5597472520404491
0.8427250738526337
0.9279400726836375
0.8169170814573603
0.6747408579450714
0.6012518057969994
0.8296510996469375
0.7320623723014121
0.7196891025511637
0.9381993894580904
0.9490017128532618
0.5141746979017121
0.9000416901437022
0.9360695804762441
0.8990253897956159
0.779001967139369
0.7267457714540481
0.7649754571386923
0.8656083101503983
0.8586603384638543
0.8537905185115462
0.6465657561608579
0.8024370076498919
0.5754865176557712
0.5382173954158811
0.9374286076856567
0.9781277577886867
0.9196146854995187
0.9052000814277362
0.7635694018739968
0.8856800779333571
0.5822999250392011
0.9709157262131358
0.8819520495101402
0.8193732095803486
0.6422842961486401
0.9918070022692901
0.5816802264748202
0.8823874998146167
0.7846272982198286
0.9568580100431755
0.7961273003192828
0.6989544195354511
0.607490452946692
0.5215414586188688
0.5381778227050591
0.6835924398355693
0.8223465783072033
0.5237936408674022
0.9632649471642382
0.6135234175597655
0.6650889084448178
0.9877233418810798
0.7856204773321318
0.9301418437638295
0.9333446102179691
0.7672017932845556
0.6459488554801363
0.5450540014356543
0.9090890858098478
0.9011339681593177
0.6244990623791148
0.6221843733713242
0.876679170232137
0.5854006674631063
0.8921036915378281
0.9256508065939513
0.7814370932735892
0.8136264321718788
0.9179240977368223
0.7976592203124799
0.5923433053948789
0.8702055544318873
0.5678481968191516
0.5230717779642075
0.5608295155884657
0.8011785189160671
0.603258878894302
0.5975569636651143
0.7211786775426695
0.9596980028798658
0.7111420176132923
0.7868905910866834
0.8903777582023871
0.8778068368837342
0.7551720459371558
0.585789003866875
0.8318776860226916
0.9846348785842131
0.9819481355275541
0.9597035674708032
0.8070781523563929
0.7747987521950034
0.7185503432645007
0.5125635979337971
0.5260902224336604
0.848362855978783
0.670580640294206
0.6271747902196062
0.7570395614275164
0.6614186913373128
0.9925393902594997
0.7246366795257568
0.6374034876598543
0.6302952686569046
0.5055686919642834
0.8160876949621688
0.5986451533952006
0.5850456435855332
0.8410239736632961
0.7554570217925721
0.7709871154712531
0.618214241747751
0.8008340578220872
0.5609253056366881
0.8487067583404978
0.7608439685971631
0.5484042723557297
0.7063918625846677
0.9945195419074477
0.794539589292232
0.8496339389968067
0.5599727950052851
0.8932510686877768
0.5557762711756071
0.7887612317515581
0.9184795032053623
0.8906270205899519
0.7197748320809119
0.8988073947636048
0.8066199420415782
0.8335183611927867
0.9479470672244933
0.6589747578556313
0.7268363968324645
0.5547827934200964
0.5135544618834597
0.5500362755182242
