0.5432402628042239
0.9042686364059784
0.8184342549284791
0.8153239892795143
0.7809324280833569
0.8283265940934048
0.8559995088230201
0.5154106697126624
0.8745452684239218
0.69994472783476
0.6297512762533433
0.9071743352769099
0.5701720514411448
0.5065970582529545
0.6921714394775641
0.8294980318962283
0.7507327164397917
0.7674302844235976
0.6718160871501968
0.8682508298956115
0.5255548315916869
0.6447588127938648
0.874196311285343
0.5052357165409064
0.8045301462069637
0.9372231508344285
0.7820219255938866
0.7011438940123562
0.9761934020468621
0.9219531251715147
0.6636675375340895
0.5259645960822177
0.8348470633283032
0.7445672480112834
0.7379303545278411
0.6905242095812013
0.696308124966809
0.6410767109216601
0.5976977707296415
0.7208838767316257
0.9629597203651702
0.9119087068719959
0.8982192902224083
0.6951395813924265
0.8481071166015872
0.6559045705574581
0.9820676773932534
0.9228172499891781
0.6834550712189297
0.8529782600668459
0.8766143277684765
0.5266479244500653
0.9213522466478564
0.9440380829654025
0.8927542031436595
0.9187933828637183
0.9304348870229135
0.8909940069247516
0.5522889593432208
0.6186729939275982
0.6017183101389791
0.7036215001525048
0.9759100189839333
0.8527134086074248
0.6947207141689661
0.6851932796305702
0.9358633082342976
0.9016347311281008
0.8457564213903304
0.7894620231112974
0.5653848288654306
0.5740909517846714
0.935609313964819
0.6931611355013243
0.9114880918010501
0.555588557700339
0.6656109416242534
0.8534833035010503
0.7893378967304814
0.5941432705000659
0.6722604000755217
0.5753924944251162
0.6103941689264107
0.9366952747889477
0.9441160163226057
0.7241279486907748
0.6382575920993725
0.6599592415471562
0.5506777509638108
0.8761460419859993
0.602557236191237
0.5554911371025443
0.7002836091341724
0.5706615218883441
0.6036653444668711
0.8236544733777369
0.5538402342929944
0.8429253425507833
0.6238546971976479
0.8933456617059673
0.7991579285922361
0.5258316014934019
0.6823791187448369
0.9484065887588098
0.6882382384583751
0.6273865730082642
0.6415446216658327
0.971554232297168
0.6864820161079583
0.8192495166637255
0.5952878331498577
0.8036528125652354
0.6821635413732442
0.7496157382313691
0.8512017749711753
0.6677812486620864
0.9792028301642541
0.596362567266384
0.5292430974060905
0.9156991487120453
0.5264907605572684
0.7777393222758189
0.7657717557186828
0.5372574273300754
0.9788075414455311
0.5305600110339203
0.9424673016652273
0.5745699454774853
0.6039011495582224
0.8478344333301586
0.8473971811085991
0.5507493887079717
0.8068421696991204
0.5648408791246193
0.7368698545658883
0.9496365599884563
0.7820933028441566
0.527215886712983
0.9981619695496042
0.7863957037262839
0.6759581309948883
0.6608659332887534
0.88432143022806
0.5745603604303744
0.5052952748459716
0.800186961027524
0.7832880929559539
0.7206316492279875
0.8052633780877939
0.9289565082543771
0.8369138973299701
0.5887268256719466
0.7201135292149854
0.9171010924304472
0.5414205537560602
0.6363075764844688
0.5538431777310573
0.8630289234738286
0.986907592565689
0.8831539842250457
0.7309719746517833
0.6128672889528215
0.9173233592947946
0.9035685460789094
0.976155868672098
0.5142388722534769
0.7502581818504959
0.8900798892192254
0.8302190776695295
0.7790830926826419
0.9007570381341913
0.5394170763078671
0.6521830493022405
0.7145406772447679
0.5878141287691272
0.9913490113792621
0.8441047043972212
0.76371750953094
0.6441631126959935
0.7109999900851592
0.5354071729367631
0.7335876337434754
0.7164350885055025
0.9545494601894524
0.8702642233271263
0.533524329251813
0.5462812063644517
0.5513086035304118
0.974022797354924
0.5108173611295044
0.7065178382570939
0.5189072620816259
0.7138118626596014
0.5990439664053044
0.7178269170340817
0.8156370401768822
0.8691600893736515
0.7574666532624739
0.5573378366596139
0.8353576127513702
0.9488026342181592
0.9677532333234814
0.559453060161039
0.9806524781846059
0.842090046362629
0.9421810855845106
0.6041967511415887
0.6261038701746074
0.8361465569475633
0.867192620987127
0.7615240498463802
0.9917823982370156
0.7928365992450809
0.8444554384124363
0.6417861779078463
0.9451153518283213
0.9005348473894124
0.807922608745449
0.5143625608818541
0.7936772209840046
0.7734083885362887
0.82199998466079
0.5476759648628798
0.8640849116494176
0.7511914384513035
0.9622929993417615
0.8947743407772674
0.797948651876198
0.8170191620291416
0.9441761938270159
0.8719146256889818
0.9537481781507569
0.8486930864664691
0.7420804841561415
0.7595785553236082
0.6357472466945586
0.9850318745035724
0.6018350670164356
0.9730138411938993
0.5943892137747306
0.7501422494064529
0.8441518057928594
0.9514931511359879
0.8311330041581769
0.7609230580015509
0.9314780192594457
0.8335863202425702
0.8690798585997574
0.9192391376432864
0.6092676781602535
0.88814283002002
0.7639589240774383
0.8074439713401629
0.9461956964394568
0.5233587027671268
0.8774321684794206
0.952312078072131
0.6259230162216733
0.7021268925618632
0.7975333032085737
0.7570955005696146
0.8646172445922736
0.8385368048701561
0.5974350799074603
0.5435796824091214
0.6415104053313632
0.802768429247352
0.8176468533551622
0.8642947326504519
0.7874791166601517
0.7634025171738813
0.8378561436672827
0.8911995875949206
0.5740201158317796
0.878422339182338
0.7681055006206784
0.543644269221623
0.5065033033401496
0.8998919694631176
0.9029415415201933
0.9503555630616393
0.8564270566891758
0.561872851506605
0.8585014127788684
0.6720079939226998
0.5410368135677861
0.5494535585140801
0.5405413217526945
0.6289845749967511
0.9236024896570157
0.5546115542658183
0.6501772837404564
0.7117531956669992
0.5695375360130341
0.8383330206944004
0.987487478717425
0.8695095553502361
0.9029486026578216
0.506557043662594
0.5289489162779439
0.907608693621858
0.5886134779827605
0.9855019244010882
0.50977708800636
0.7308228809173342
0.51432794831381
0.6660770624973676
0.5681965035668624
0.530567191569335
0.5793282647397209
0.732871528118974
0.5446367387435512
0.5104553000822102
0.7563714350359767
0.9163616881439075
0.716952441529678
0.9475243163027357
0.7774793920282101
0.7058271024724403
0.8045197203084651
0.6875481171151034
0.8576292792434498
0.8625915718716823
0.7271457200683169
0.5179750711636995
0.8141502279187444
0.7676417802353379
0.8418448328084259
0.7082253461966482
0.5751329664823529
0.5132790267601753
0.5696113594182745
0.6183254064180917
0.8141797587516566
0.9909800764844635
0.8445858884258085
0.515478247293628
0.585264361683011
0.6253787289416992
0.8250163892240979
0.9776226481937933
0.9044323175645235
0.7465807952102705
0.9120570829660393
0.9009171808914255
0.5287703641104401
0.8421848448519041
0.8121189767172345
0.5155186740414156
0.5388135907510123
0.7036044122801544
0.5792389193213833
0.5404320585072898
0.7755640258206877
0.6579694972595284
0.9223064878559618
0.623965431607244
0.93353619171375
0.615804657135221
0.8193430774697145
0.6481124603927914
0.7810004348280172
0.8116718821252709
0.8795290433679331
0.5193822987974037
0.8248375583529642
0.7633792622657715
0.9786924873663406
0.5599627858505198
0.5058247355755492
0.51490883466807
0.5493737047255094
0.5188707654325233
0.7043701826530504
0.6459819945947815
0.5336217849219155
0.9127408647658263
0.7715499618227863
0.7736621923609366
0.9380901124405908
0.6949882252861646
0.5792429139236014
0.7170361326812212
0.8188346524289474
0.6176809751945003
0.9792990607740496
0.9557642305707109
0.9487114427041916
0.8816217465302608
0.747174248386741
0.7030711553046503
0.6223877831222556
0.9802203029086979
0.78834513684493
0.6169013049744373
0.7327565042561386
0.8009571522293983
0.7206254294571891
0.7682798714487379
0.9217538329247795
0.5063892933315104
0.5463415196179743
0.6971942746300872
0.6302425537032872
0.6689188573985384
0.6795920437332252
0.8373104526115615
0.8313987395213669
0.7803625919078943
0.6954273829737185
0.7901120696724774
0.8045855025506428
0.991133293193449
0.8758499579113422
0.6442938824859977
0.8388947662758874
0.9409524763976683
0.7041211983795255
0.8644496764788047
0.7058722181364928
0.9246292525573987
0.8139794080410842
0.6527466233688247
0.7949500836307744
0.9894006945041404
0.7566663362041269
0.6037956282590747
0.8238474329683181
0.8530495600523125
0.705056505558218
0.5099120472333201
0.7452017930884743
0.9493342019948734
0.7315880932232993
0.905358808415129
0.5933752046205212
0.8752045518294193
0.8470991276652347
0.7142068647087811
0.6267273147985094
0.6208171786384247
0.9693709274304295
0.9888825500733549
0.5691480047618215
0.5254282258839773
0.6014006051063335
0.5403062673848549
0.8464783653065575
0.8569087491413787
0.5324330191855217
0.7035341605121304
0.7052236964291748
0.6795872992590408
0.8994187156842748
0.9205600008075636
0.7975763349661678
0.7536555650995078
0.8214603559622343
0.5750226913742008
0.9508856862932573
0.72663597463024
0.8943918516900892
0.5950899638885219
0.544709552930315
0.5886447806943471
0.7561629497380927
0.5183026767017833
0.7033962667283223
0.9618876892233965
0.816947437391735
0.5374044985653371
0.874938501635749
0.772296316301988
0.5416949691764323
0.7521684189260722
0.6513361605601213
0.755302577923989
0.7721011312887197
0.5854298372227987
0.6262132300965502
0.900393431527775
0.8914406219759281
0.6881675751982721
0.7895939645127736
0.6937097038855603
0.5712886614980185
0.7198960078800125
0.574109231801706
0.6567806842899224
0.547263200624802
0.8317730447164094
0.7035846282137224
0.8104898542935945
0.9587366859085567
0.8984996745442603
0.5495422644732277
0.9085263733243266
0.6530573447284725
0.5552664730470287
0.6592749736268706
0.5195399635139654
0.7808812822255888
0.7354861181157462
0.8174319686165684
0.6570916271115493
0.972367361647972
0.9684382188815422
0.8026611189247954
0.8704254537994596
0.9196221053165281
0.8722095920888444
0.7731906336445519
0.9678191486672177
0.8543799978280588
0.6101766064084605
0.6589561962077897
0.6637000003901279
0.8119308291954922
0.6754079390996492
0.5475939520652482
0.5739557942997683
0.5091712297201665
0.7643564552519712
0.7266376430935388
0.8583230757542167
0.8119772828235553
0.9777874705159091
0.8385267365545533
0.9255585385565859
0.9657219988960734
0.7477168365851997
0.8643430251419406
0.7741600038230495
0.870300133454056
0.8864040952763819
0.6599592415471562
0.7348199610940425
0.9670666258901547
0.7327960544920185
0.7259286344367167
0.6284312375795043
0.7439274929223253
0.8452368041116314
0.7454973561315558
0.7567196595662199
0.7270639305854331
0.8571503261755421
0.6538529559990076
0.8769254706268058
0.7400590397209702
0.7182019114509085
0.6149696452556637
0.8546376340915866
0.9639449316427537
0.547887548061522
0.6849630099510625
0.6854998049142147
0.5893045158259755
0.9667202439379649
0.9000754236964815
0.7274718896188744
0.5625166432951053
0.5736527102451804
0.7819807459483277
0.760900879385295
0.6351585419336316
0.5905419777342767
0.7544563634126223
0.5343907988102482
0.9904188979874589
0.9785307788095782
0.6944830818117752
0.5942913808024989
0.8652223335184993
0.9335503346498825
0.9287508099058686
0.7842794608165164
0.7907658295923278
0.6836045830699711
0.7496222926961781
0.955732164962022
0.7654298079262234
0.5133174617221594
0.5387233498928767
0.6566867379252754
0.7946305881059491
0.8431900128081036
0.5786509255623145
0.9935187270706156
0.903882419212368
0.9930207119014562
0.9932432032687633
0.7602312859294864
0.7849245002601511
0.8344612541402976
0.8274409664171082
0.6103494745634013
0.513129463132181
0.8853390222560213
0.9072533217009101
0.8147137750621991
0.9588634028706333
0.5864107023511639
0.9811507703617607
0.8859731975811822
0.5121364768428812
0.7578553272226665
0.7685095372396259
0.5628234000315842
0.6441366911262689
0.825682814491625
0.5894461520990762
0.9545711651656636
0.9825616981468133
0.7705035150692038
0.7340941478233793
0.8234089967783927
0.9828074707923947
0.5693721025246056
0.5211621124268264
0.9595866369349493
0.60275606379333
0.5839832997408817
0.8883752303245278
0.7838443453989015
0.5549634220849111
0.6348908138874728
0.6025830248781822
0.6246543395187434
0.6643435188774353
0.5880500704738344
0.6490618165326735
0.8516676936377918
0.8041859070577935
0.8598561717348321
0.6176942269817355
0.6278682671207253
0.7663817769959275
0.5241311119289107
0.9061374476815856
0.710117405810734
0.9461295960639164
0.5335925735555382
0.8663739450786259
0.5961216999890998
0.7434628696257782
0.6830625973411761
0.5741451578047163
0.7765710647404251
0.8858405519461997
0.6229247934895551
0.742863434484665
0.7019051969381259
0.6223456174075294
0.580019497250628
0.6701650682759147
0.6401662190640011
0.8496248109417096
0.6265678085093628
0.9794953228618871
0.9153729589945072
0.6658576384459362
0.6110827049605687
0.7875602179538606
0.8889225906166488
0.7765342000619013
0.8158972455884455
0.617990847458626
0.8001789353726547
0.6469439538989474
0.8015822483750601
0.6058662236178851
0.9288512329196144
0.5405757023500204
0.7339893052308964
0.7771802610000117
0.9784174450981553
0.9930060575782972
0.5345331695671157
0.659051042293959
0.8314650097575853
0.8884607696256478
0.7968382252591086
0.7104504115769508
0.8017805459438379
0.5471693682390082
0.7308367511619825
0.5361814544366883
0.6714993015116986
0.9042885526571175
0.927582300699069
0.7321162529847994
0.7674316409235371
0.9565040752852926
0.7492860603308507
0.8368670971978809
0.9273137641107366
0.9511349957133323
0.5608306023119684
0.7092378819876392
0.9363698448658172
0.6253598618066579
0.6325760801714226
0.5334930951757206
0.5363215474019134
0.7344145085746626
0.6448280939569402
0.6993853173380786
0.752112415791887
0.8231951450709878
0.6439064247664812
0.6193683170295854
0.622194007530364
0.5776556418144175
0.8903237112353516
0.8050055492007253
0.8871601765853229
0.7894588185244291
0.9910769435241198
0.9695465024821365
0.8065328197760384
0.6327035740838809
0.5892274700659077
0.5512336277054257
0.6305147351362004
0.6667664650186232
0.9274955422147667
0.8471426940430604
0.503664115553037
0.827624427808976
0.7813392341250437
0.575830981781332
0.9507260624125885
0.8194584347253717
0.8420109103746236
0.7312806966957205
0.7867721682568579
0.6654241781748218
0.8107451920878174
0.5392917694657006
0.6502104768359235
0.678233256241931
0.9022721233044687
0.6579535196925831
0.9384402278606451
0.8886909081155672
0.5699218579735175
0.6416803708986283
0.9739166828969682
0.8558090809493694
0.9911426271678688
0.7049641327158628
0.940495969899694
0.7925070303026291
0.7344304045068102
0.5483201660457913
0.6672364608338262
0.6377085213739073
0.9601111196632879
0.742212059132828
0.8463081164126417
0.6119982176518682
0.8495018523369094
0.9368347284984919
0.5799097049780151
0.9191424928315718
0.9781087758751633
0.6139567362909931
0.9599533664314857
0.9726253757290222
0.5486575963265109
0.5183752962505699
0.8991205506279932
0.8048496442817933
0.8671486068980202
0.7899938132740624
0.7570458541698522
0.7819928842636692
0.5820664739550787
0.7739345124891448
0.6754780426161192
0.9769017108815281
0.5918672878549743
0.8864814354134012
0.6482873611211144
0.6297872757037094
0.5652136764175234
0.5584679951811582
0.784979525264201
0.7889318335215517
0.5019439387158395
0.7645001005142806
0.7351660909280782
0.7293872728302367
0.5070880580329981
0.5904342172732111
0.7784531432729666
0.5662688399831948
0.7659821580195716
0.905845600138288
0.5576851363634753
0.9598822470273346
0.7872099279987482
0.6570222021897181
0.7652349284831624
0.9722525875518376
0.8620520871710563
0.5385776283370265
0.561262756071676
0.7184825390834821
0.8715776089624252
0.6024887043518823
0.8321881988485638
0.98568283615752
0.994192212059771
0.5780226072911584
0.8859918828369231
0.9061553210769766
0.6845331930655286
0.7515046551100685
0.7786867633928882
0.5164371137816466
0.8167334096446425
0.9228193140917971
0.7798779513807518
0.9646888479607729
0.535118897666691
0.9067629036711151
0.934964567341726
0.6254817609905231
0.8964056002067616
0.6487068789893808
0.8351772961478381
0.8085833610986218
0.5515564529409576
0.7265506691075533
0.5538357889377844
0.6532776308905692
0.9437193976586505
0.7430696149076219
0.8269213666645
0.8189819886250785
0.9212186953900012
0.8792204475290744
0.5923831328005054
0.5309383149097991
0.7839971276021146
0.8814863458063723
0.833649081675239
0.5631894366041299
0.9150853512712885
0.7671282251287723
0.7251290231311875
0.8039140424564358
0.8355422953978167
0.8413217771837147
0.5469220862067571
0.8461543956155659
0.7357363567570755
0.7658386124953295
0.900287797658249
0.981300781457685
0.6204593906278293
0.6897172898728893
0.8507504072341713
0.8984654281200177
0.7000196465219265
0.5835381724732001
0.8017326172515465
0.9034672603657058
0.6433496050600737
0.5598347169770599
0.6003168605611108
0.9002574836127376
0.8252284340368308
0.9881119627912351
0.9241778062492564
0.9849364470585619
0.7187226715257832
0.5481114144364736
0.8645845550119732
0.8868916451806966
0.9164560116251748
0.52228393756643
0.5358029369730055
0.6490708921673463
0.939479862604502
0.8942691280648395
0.563472975244015
0.840659364976278
0.7453015014001915
0.8004943661006306
0.9650920712735946
0.5569528543285638
0.9736313187884214
0.8660978503735196
0.6341889914514426
0.5370391633761642
0.6947170559758894
0.9593413994528689
0.5210434024839364
0.6908232216265842
0.6298955398050591
0.8485624089196407
0.5270170078168193
0.6232476496367192
0.6118662139204892
0.5223220175310461
0.8864201098034458
0.6704383413394043
0.9181852033292508
0.9941007648118242
0.5355728471360888
0.5265645452666887
0.8346171593059883
0.8012957859610801
0.814149356633592
0.5818307640896121
0.5581782533231702
0.899596923180225
0.8763663634031572
0.6361159199030892
0.7677536950820013
0.5144114917683553
0.8819395509107397
0.6571823082833567
0.716890556999498
0.9797292753194855
0.8690922676638765
0.7415645578644511
0.5235647028404001
0.5291110660359027
0.727253783843227
0.6435295644823524
0.7084254002722045
0.6090652288240666
0.5221200111762999
0.7099149924954026
0.8828258730986583
0.7437721504720726
0.576637917190875
0.8574861186401955
0.5643905694800154
0.9044450141043198
0.7600429806709788
0.8572642815911548
0.593894478574115
0.6457229032439724
0.8921407717323098
0.5416646919773386
0.9443813752006087
0.6661207472417441
0.6595727154492362
0.8961837339747282
0.609458457306475
0.6200139622805904
0.6999890739741289
0.9038030966022534
0.6220495249461282
0.6946124312114986
0.9054191177619447
0.7369461424288694
0.8932643152289563
0.819949696572604
0.7772892485811568
0.7841773073788407
0.9614831655356894
0.6120573189756378
0.9095967814320162
0.747608415635981
0.6661954660406354
0.952836627283842
0.8892517126951566
0.6993393096119553
0.9136948209315724
0.7907419951591327
0.9089311773727978
0.7309065742108712
0.8526459670651051
0.7736231112545631
0.9569636832303984
0.5925045835426584
0.9081698804698042
0.8778405462638157
0.522571076556954
0.9366346459711677
0.635862285455468
0.8499520852715462
0.567881823447041
0.93812454470554
0.5904535259040212
0.8355036828457477
0.6733127765090615
0.8435387893467157
0.6609476088282686
0.5781720102424963
0.6311321190742397
0.9375650131526133
0.5520883717287649
0.5466503842488918
0.6321225748114703
0.6438256181637048
0.9189726441780878
0.9785368040309953
0.6569034056099509
0.9695012364038005
0.5061006322969032
0.8268946927853076
0.5199865143927689
0.8592902023234873
0.6616740593482459
0.5185889065013619
0.8873047970899661
0.5407094268898093
0.5088583398170641
0.8005080351606737
0.9009117367664069
0.7526557195218795
0.8774829981414536
0.529705207173316
0.6952254744505917
0.9170848426342665
0.9751358356440559
0.8779416105340831
0.8533012300364958
0.5229772176413354
0.5232637417438656
0.984431990379865
0.8100211923874274
0.9104692785759
0.5475939278352482
0.9675197976312511
0.7096505864198843
0.8446077770404892
0.58608808605389
0.5927430511520618
0.549991842413153
0.517791561144175
0.8052907813512761
0.8948214699750531
0.8807965484535298
0.8793918424996738
0.6065866743415973
0.6960740084388941
0.9052188141107553
0.8282457140478149
0.8437505988543709
0.8524961482874959
0.8674938465615942
0.8070389294366589
0.9639535592131488
0.949133191377374
0.9658120446544333
0.7198763180805129
0.9289542426270305
0.60792015109536
0.6217369167406411
0.9496444603540343
0.5125251668936808
0.6900498356252678
0.9617546572898485
0.625252974673864
0.6246295268930938
0.6784667729980748
0.789862319114206
0.9845418861881672
0.9337835232580908
0.5923713774763631
0.6046475195845205
0.74585400649452
0.5110959947600523
0.6332928202546468
0.8257628621283228
0.6774823750769331
0.5032183214224516
0.8788020042758057
0.8385714456331204
0.7065030524319592
0.660758181308161
0.692950055930274
0.9713653812621403
0.5343335758080783
0.7897611113355623
0.9080502298979523
0.8114692376352868
0.7459028921626807
0.5222047450887174
0.5173066910432366
0.8623887117353827
0.9807524142053436
0.8337200330456447
0.754087956393886
0.6346074668859389
0.7595704402805713
0.8669759872024717
0.7984078867646334
0.6394280099220094
0.6967322916371143
0.6307847240280261
0.5651690799379505
0.9260923166324461
0.7634718302783471
0.6597032066950926
0.8969600329011682
0.9058703016207953
0.9726874619477841
0.8901021810500864
0.7017686884290865
0.8340435553391103
0.5609851829950627
0.9109539184749905
0.6093227107832473
0.5262506293925514
0.6948330878329079
0.9883065054827899
0.7514345959399342
0.9327260998691534
0.6071123592841643
0.7005744100386988
0.7767193560359168
0.5661191173365744
0.798236120173575
0.7667356601114538
0.5635523257050742
0.9833343668658399
0.9654958180485955
0.8172737151217752
0.8132174864273579
0.6784262012150305
0.832410161363373
0.950889758595818
0.8578679324898407
0.9496700486341245
0.7482016452464153
0.848125974914792
0.7460552559527572
0.5640988392162243
0.81482250530772
0.7399815929074431
0.7880195420439136
0.6437149996637156
0.7538632397191898
0.8842362832642816
0.5748684160877682
0.9516902215264732
0.820770465712244
0.9005757131267826
0.9268018409024005
0.5132353901665616
0.662871960737401
0.6013855788741074
0.8531825001096915
0.8195534572093464
0.7391474036163981
0.666506975158159
0.9149659850898694
0.9339949158552131
0.928945079406642
0.6402171252232395
0.9015463938758834
0.8515242274264769
0.7430403462497728
0.5899216884686674
0.8010344856166004
0.7272031530816309
0.5281643726360965
0.6819441898138654
0.7290527225159108
0.570363812243131
0.8265286544616942
0.9342118490786319
0.8680106098956524
0.8231495734317227
0.5625323745425139
0.6652014110415962
0.5521033036532765
0.7147825754342794
0.705713035816795
0.5107294635554791
0.737038334520188
0.6298072935992889
0.5203377458409627
0.8149879943332541
0.6777877377427345
0.9031080533114023
0.6313603359605368
0.5106314330723702
0.8095974466975857
0.5546971609439703
0.7906174539946879
0.7769687206118374
0.8931150327565072
0.735215961504727
0.6018763012950761
0.8768227044026208
0.6164171384856556
0.9380566810681056
0.9153328790690559
0.7170327400945926
0.7264746037996225
0.9002969065331674
0.5828742941024752
0.9238111944908979
0.6266803478829703
0.8767127738111523
0.7365549632450444
0.5121386128299164
0.8321110129410844
0.8978241987584012
0.9312044871445478
0.9197620853430867
0.5347896159174828
0.8202043927916323
0.7116106932242817
0.6912229086545767
0.9894222041468055
0.8297779483175312
0.6869327430865093
0.6306772606391496
0.7775711195102821
0.535840777912264
0.8588180971990417
0.9799445816253513
0.7180341196433758
0.8288169754684549
0.9095550810958482
0.5461759720745597
0.6647550365473315
0.7902068081112174
0.5336937581390687
0.9019626606625526
0.8248862699405562
0.805897559382377
0.7291994322482485
0.549105065422869
0.6582048064561168
0.9718559403224378
0.6084098320910386
0.8447916427422794
0.5398764920961914
0.7725960624950114
0.9911141704069428
0.9200605556267559
0.7836666028088498
0.6045490116757156
0.524893512944197
0.5678243580369572
0.9434986827071408
0.8768245019246825
0.6988305979738593
0.932602588458159
0.6838900030026865
0.8088985348627334
0.5577298418235358
0.7838236651975008
0.9378223566979199
0.7614069310127246
0.8629787717539614
0.8195954202577882
0.8124084902679403
0.5950700008294876
0.8616916791831724
0.7201882770962296
0.6631395709441298
0.7762938675280172
0.7367735920815577
0.9346248531764577
0.5798527439521652
0.5452404511520427
0.8856147063149201
0.8034034906472081
0.9781244709509147
0.9153401343789871
0.9469782846373563
0.6618646536696433
0.5253760202102058
0.6219684160907477
0.7139000286355786
0.9670690784634922
0.9164343970161112
0.6883558224269564
0.7559362493954738
0.8158987686781783
0.8936328916859578
0.59820125765196
0.952425172425415
0.7080378568735725
0.627783721112754
0.9882925772053509
0.6478743773389631
0.5334242214993631
0.6138443754681047
0.5202921279437174
0.9278799633174044
0.8493995677243562
0.9907681864297739
0.9197403187630747
0.6599725002959677
0.7535317787367641
0.7208329610152066
0.7869433232657298
0.8233807905393487
0.9181245714324144
0.9853071018305527
0.8041992296888488
0.806419121105014
0.8002570733418574
0.8092691991868274
0.8106709861971908
0.5537624744342972
0.5211816478125086
0.8577033150806878
0.5649858028933641
0.9232276435409451
0.662620035213012
0.9004596119640239
0.6183323004279075
0.8537129931996789
0.8153244508223513
0.5147740367691465
0.5727852140854264
0.9919248689854916
0.7165576358021666
0.9326731715411899
0.8128075669771976
0.82762387404508
0.8387911792915962
0.6646680026871495
0.5630694711778168
0.8275684072448819
0.7828249572284562
0.5749291737827472
0.9128449654821809
0.517053157314803
0.5977280816667242
0.5073441033301584
0.561208747677941
0.9427140083897426
0.6039135801238927
0.5766662457480384
0.7911682771991949
0.8022829189638051
0.8417825963470278
0.5856294148841572
0.9351727278222842
0.7286309754232182
0.5496239981407106
0.956210293892839
0.7464211112390922
0.989746066745859
0.5057865433185891
0.7970763239605
0.636884279816896
0.7287821237051892
0.9563400925740292
0.6757976813782788
0.7216679942642549
0.8417412254184434
0.9261627563394285
0.8446280212840499
0.8127887161768494
0.5517144578541776
0.8249962580696688
0.9303565508670556
0.5033180488975216
0.6878081606538723
0.8189569108291764
0.7492095043573185
0.679586412201281
0.6872122916741068
0.7302475646003734
0.644293322550238
0.5933436212007186
0.8805782557644068
0.8265870714790905
0.5675668770179575
0.5196627284071755
0.535244954746733
0.7514836296702214
0.561532589962218
0.9846316804841583
0.5238164200813442
0.7112153721132805
0.8910960511750508
0.7622197132492969
0.7307156368264511
0.8745964561713746
0.7727310121103115
0.8131253189050495
0.934719878425523
0.5639393251646058
0.7609666149622434
0.7053580055372659
0.8777969416755032
0.8730730729233928
0.8869704962503074
0.6802582156987187
0.693310187796583
0.8953697494374845
0.7010208625429643
0.7991888926693733
0.827296628935686
0.9657117129638181
0.7998908384130987
0.7336062805654026
0.9827641683872661
0.6737828549812493
0.9829005300917549
0.5586605012982152
0.809893157252072
0.8886124769140935
0.8677982652722527
0.5857969725025491
0.7353519882898943
0.5065874994159445
0.5827703229846164
0.9552508819343957
0.9228846572465644
0.5758166876173704
0.8924000906005725
0.7571105332690135
0.6515168057252692
0.594821334274377
0.7698314298676939
0.9086220113573632
0.9219549259759724
0.7730713483869401
0.5248249869188165
0.5208122505725631
0.5965892885515017
0.862947763881812
0.6784753422285614
0.8511535725829454
0.5370264985422
0.5476077962307876
0.8323380850026458
0.7207345139334843
0.9691195142860249
0.7183421889512531
0.6108362242580778
0.5934746976547931
0.6618616435000755
0.7934427097828387
0.5070037294584389
0.9831146414295983
0.5586831143808787
0.7155597083145299
0.9854078498917926
0.7673623744729169
0.7123677820508143
0.974165440119526
0.9496410719651334
0.7372520269050974
0.6900065646981122
0.5334930951757206
0.529158887444678
0.9147727478854432
0.6559037354844595
0.932164215804439
0.8463408261910578
0.8447473760963811
0.7781660114168126
0.9110234082491259
0.991484480955166
0.5287245709878671
0.6856190104040019
0.6950542012833179
0.9310756808104877
0.5124531683552896
0.714348543948456
0.6757363779096958
0.8913590646236313
0.6533676168327134
0.9014519379711662
0.6508829897027002
0.8773986390637298
0.7459934690057883
0.6267393587102085
0.9778507550353187
0.946736593640289
0.9421091552829439
0.8728230570712514
0.6541613504481283
0.6835158098882609
0.5478138477402047
0.6608796273361675
0.6984999726717117
0.7696890067147425
0.6766005606998228
0.9361069229286774
0.8154456402890382
0.6836507633977638
0.6391052434021324
0.8026774454060389
0.9049244819748185
0.6426232090923586
0.5110813457791006
0.8845610797329646
0.5645112819131511
0.8717325720426043
0.6724448741350083
0.6838919253970974
0.6109685097902208
0.8730112874079899
0.9718935212222172
0.5116361537204072
0.8165550735415701
0.8036944558060761
0.9110585958972399
0.9575636357415807
0.5941204139422368
0.5648531896068901
0.6853208804600766
0.6706457867471708
0.7612089629224845
0.6857369475452335
0.8120697300546035
0.561072889840506
0.7268936892864947
0.739502273402282
0.7223009447215495
0.8172376086961021
0.7021715465773727
0.89727000070008
0.9393368472780491
0.5680539736480594
0.5478416767500489
0.8696679717981063
0.9469569054774478
0.5771330485731923
0.7900396302421945
0.970299495252074
0.5133991279734992
0.9144986691073062
0.665840172955273
0.8115735098601622
0.8257554598737485
0.9870710659141166
0.5167819241913562
0.723596771105731
0.8791082121710464
0.7393811772920628
0.7878460697799567
0.575004073043121
0.9634638293144728
0.8687504945295694
0.5153214263239234
0.801835795554141
0.7814248372434437
0.6318743660948953
0.5968426601101305
0.8423155786801383
0.9041475107769333
0.5233997825890553
0.8038564686164875
0.6430743725648774
0.8046518323883158
0.543084687259926
0.9223766228455585
0.8692520951627646
0.8787628265337394
0.8919076670506757
0.6146754057128297
0.7133461475474416
0.9652691908909891
0.6319501837982507
0.6072412326684592
0.6287719368888718
0.8911760341449791
0.9676244079031399
0.8515853502645581
0.6373427613598835
0.8224074769454143
0.7845045782850167
0.5956196240070338
0.5247816444138358
0.5618339259619125
0.5498725400137296
0.8223583243361455
0.5487855886471079
0.8394416055458503
0.8837498237868139
0.8373966741070727
0.9671676979123932
0.884186112050293
0.6018517402377225
0.9447826129005509
0.6193076605746476
0.9519930412823099
0.5765715560996937
0.5566572452233702
0.9799584016446778
0.6686851024780324
0.6557420749222556
0.5156316266167026
0.7937652171201457
0.6550371995168265
0.8132024710011857
0.7569563445003022
0.5714108650233104
0.6404029006170485
0.8424474819873572
0.534950329419596
0.7773764633705206
0.9516648335206447
0.8537344444328785
0.5163084851132597
0.9321584051316969
0.8896267943258013
0.7115996326492859
0.8967577480867137
0.8403666459452249
0.9056684857311166
0.9203844945878321
0.7904902132942074
0.8527688304949239
0.6904303477759636
0.7067177951800931
0.9072107944568519
0.5959574066534999
0.6109267351390778
0.6743892296669962
0.9813497068160416
0.7959364774294804
0.5605484664335338
0.8881509401809775
0.9242674803786263
0.9301716127727818
0.7619719965147553
0.868156061370499
0.5707615718679012
0.7733390821736633
0.8827896799079583
0.5983590974828336
0.5131816769576855
0.6471884352582629
0.5249584013260069
0.8903624333898761
0.6904711255858333
0.6975296627307673
0.610130498135789
0.8221768407842224
0.5329468957506301
0.8043383801019798
0.766999172372976
0.9212109743682046
0.6135190628211205
0.8086905041471525
0.8232682948776471
0.9083034830158769
0.8084168553603865
0.5052423536793729
0.8966369423111398
0.8950038083371827
0.5940490990496884
0.5768284234149956
0.7244082423618772
0.5352043292294792
0.5618648208096765
0.5034748588968948
0.5532914412235644
0.6967385672322244
0.5335065490059436
0.5324330191855217
0.6887615745474683
0.8733909925363218
0.8498059173885824
0.8256563110940116
0.5195764066347371
0.79941082172543
0.8772913048898944
0.8512454267106946
0.8999226757079369
0.9128840684298043
0.7703188522934296
0.8883432535609578
0.5658419679020655
0.6895754449543846
0.8715390059575657
0.7286823088941417
0.6413887278255557
0.6535741770428541
0.9378263209058479
0.94563599953185
0.5613764336630461
0.7515046551100685
0.5431380971574705
0.7116186081194751
0.8861843546923144
0.5661626991320065
0.5136277142708101
0.709471840336241
0.7336826168922528
0.7883037536934187
0.6041393098689148
0.6403589858155617
0.5999057502617615
0.9336512470464119
0.8941085497442437
0.7068927231834315
0.7819455173342225
0.9860983155783415
0.627592575649729
0.9303965688958112
0.7384099516986282
0.6661266942014262
0.6087978176951121
0.5559067100077911
0.7302157756715217
0.6456206088707687
0.7943501063443368
0.6079380125712921
0.7372527369645885
0.8687565153079553
0.7621500912760985
0.5459042189671139
0.5831859167104849
0.8536741822180531
0.5660603562012514
0.5880010144620563
0.7411820965606969
0.8172025711263174
0.592430450542225
0.8251484239350246
0.8713771713818762
0.5194158747076264
0.8672303183418762
0.5467587413871545
0.6754004116552216
0.7570128271052998
0.9763438406564279
0.6861676893277553
0.5149450443470186
0.6557508390691146
0.6880496789825078
0.5889203926823339
0.7440243389823089
0.6298370506263896
0.6043937677850788
0.7960403192960307
0.953457630336054
0.7399378787143851
0.9146672953737042
0.6094663222544167
0.8137397813817393
0.6347682154133419
0.9782125417981349
0.8950418182152604
0.9112586968547164
0.870480701863472
0.5306539530077314
0.6777349279572051
0.660622474012571
0.542363863386589
0.8716009677606668
0.7724400685789271
0.7279425359604123
0.9444451872439905
0.5139808863123481
0.959582872548664
0.9628788592671611
0.6088353237949662
0.9467470146411006
0.9857236755299638
0.7148777450628273
0.9730516493856226
0.5864112446681042
0.966182423911832
0.6311102689414966
0.9205094947214938
0.8325055635503039
0.9494652446736381
0.7709323556892946
0.852420144171749
0.5143868226515498
0.9513628247659577
0.8049331479362288
0.6618646536696433
0.6945227688911207
0.7147293329439338
0.9934851309457619
0.8660595414254313
0.5666387282457203
0.8070220322572724
0.5570333837237008
0.8055060988309785
0.9192306497054257
0.5709725572198614
0.7270553532451781
0.8211018190738083
0.5460339559400024
0.5858210519661219
0.736676411577313
0.8224131399040981
0.8154204350089904
0.6977586257709766
0.9362280251176872
0.9008202308336857
0.746705971576225
0.5942021746323867
0.9712507395661926
0.8575189414500083
0.8201971453930941
0.9047054588399187
0.6951053317150822
0.8304044410926607
0.7724686971774588
0.7978612959044494
0.963673825178459
0.5489349799365745
0.962476989956897
0.7494627645008037
0.7322853291555875
0.8486377901947466
0.9047542780601187
0.8560429832916907
0.8071333543466583
0.6645420581296007
0.6552717563876337
0.6829971186602662
0.7065477222396708
0.512338539586326
0.8312968736471092
0.7984938364827491
0.8561418202385552
0.9309093207736681
0.5284711891978828
0.8934749730944805
0.641114751634939
0.7102316118756496
0.9626815478904045
0.9608480322564712
0.900532080438202
0.716405230033898
0.6305416598724207
0.7897891577921364
0.5054073892968278
0.8405873831485455
0.5344188498164805
0.7543235392081088
0.6607842175280867
0.7970117029475287
0.5127306587320268
0.8552402627839395
0.8844273307085759
0.5166322556630866
0.9116204636069979
0.8570920763151267
0.7186358830149078
0.6690195006052759
0.8961522649487282
0.6835829155639548
0.5133533199167675
0.8155284732533441
0.9570918868444405
0.5387620534782303
0.9958867175068071
0.6341067885376501
0.9055723419099793
0.9622910606906255
0.8759632317507151
0.711402242477625
0.9715774247122206
0.7354633395012621
0.7338455412058216
0.6296747990284591
0.8192347884981054
0.5229669333852491
0.9730166627268878
0.7545567119366412
0.5325825259899669
0.9537017328401409
0.6472222279502358
0.5702526664201176
0.886687796337421
0.5662740015926969
0.5976643255313734
0.887274982743249
0.9787259146461723
0.6886159111651132
0.7650824586309954
0.974836361182534
0.6223683951922004
0.5689719940596527
0.8588781991999793
0.6534782092390907
0.832016555645419
0.8990608739191444
0.5236880404540143
0.7316607411066922
0.5667078224978224
0.7767774826842822
0.6469159903622987
0.5507899586594537
0.5203890366974743
0.6518227627398007
0.9660043395079934
0.87000580881671
0.5937281365527416
0.5677248076425662
0.7685469151045867
0.770959052024976
0.5275394899026739
0.5510273792608696
0.554681633936721
0.8227410457246335
0.709633145045015
0.6475042642135103
0.8868221192079517
0.8266363672800745
0.9143728521675533
0.8893590761012878
0.6717783196746082
0.6719936595296441
0.8160947949567213
0.5910772125280181
0.846908835686604
0.5733293602349538
0.5151163612748523
0.8069432218485971
0.9663792936671362
0.525962239690609
0.6650214520603028
0.7655257383372795
0.9672390682069185
0.8546420616150814
0.802398367378752
0.6700537428504989
0.5651726632152954
0.6832034398774897
0.8145108208556168
0.6854373898790583
0.787059048885284
0.6774027174928827
0.8312561592636253
0.6205996567692595
0.5632688225908268
0.8855305900892424
0.6649174877848736
0.8463081700687269
0.7078367200295189
0.5652070605219335
0.8693540284183557
0.6340470433373879
0.6070403220643587
0.8740403956658233
0.7000279841173291
0.9380610709678909
0.8373739720933285
0.8560234178525468
0.8522343740878919
0.7889275231863162
0.8279860819777681
0.6192331509623549
0.9697821482867475
0.5204134170103997
0.6824456194068115
0.9595546565228954
0.7826519748593843
0.7175516286582286
0.9565691239993391
0.9805492573270149
0.8153570218996429
0.7913002007621677
0.8763984651744704
0.6494621630019344
0.9705392900109154
0.5677703571915604
0.6867275091673949
0.948605583113212
0.9121380951848208
0.6246895802835545
0.668884286530019
0.6708292065187365
0.9046444123762009
0.8310687606886505
0.9278990348692446
0.6028221938914549
0.8757213353858327
0.5258639236687884
0.6011809789714095
0.9662928663563728
0.8972198377061157
0.6101030080320151
0.5683528563139483
0.5455475655841935
0.7223546201284059
0.8061269440958667
0.7017152379976677
0.79039976594963
0.5842631727627894
0.8845446088388015
0.9003401417650493
0.9563527065005945
0.6741329167626854
0.6632823865184229
0.5322256628699067
0.6527078589263482
0.8026053175591403
0.8021913038386196
0.8794382602659213
0.8191355905625785
0.8771870880020527
0.7112292856189208
0.7906301537057686
0.9336512470464119
0.6035090315437839
0.6621170391266789
0.5804583682374604
0.549594715390826
0.9273921146942999
0.9038987791818809
0.51026442923022
0.5424507829844251
0.9506642159769169
0.828352445244665
0.9584516749123677
0.7896068519191523
0.686100862044363
0.9657269192446705
0.9462073703733707
0.9828411741216441
0.9698285322939744
0.975651226292715
0.5234491515670228
0.9844795506968068
0.7933443954904755
0.7551109459372461
0.5504469432620096
0.7190960878398357
0.9343104967301376
0.8606083134257784
0.9575002860220311
0.8628887233736712
0.8840768802385609
0.7295011557147771
0.9957659662720241
0.5189678446134642
0.9384203451519324
0.8511575178881382
0.9442081224959596
0.7483608867470782
0.8471560921529913
0.8365556719964277
0.977774574018679
0.569398524934439
0.9281440222382501
0.8015838928644814
0.8906067915672055
0.9832765547080009
0.8576189273947958
0.8556448662518994
0.5476382808636863
0.8082688384396367
0.8258249504716657
0.8851790185335741
0.7333977871745595
0.9814474257480483
0.9220366905715058
0.8755002554231088
0.9359675929355402
0.7701478762159589
0.9007264891156564
0.7913711099245456
0.5244687009201493
0.7508557049484702
0.6837483072618454
0.7021582306560838
0.5921832200089845
0.726448138981022
0.6496718286419377
0.8993178237222087
0.8390525216625422
0.5323749895787303
0.5696901456267341
0.9887686138025519
0.9700503307747866
0.5596618297245132
0.9706790425068922
0.9822314970691095
0.7923273289250059
0.6205016530778511
0.7476513529656094
0.8955823774828321
0.5197985008537739
0.9417900604014566
0.6878798642879808
0.9041453022907566
0.7319697895227476
0.5928040959297215
0.5113244947260358
0.7374236900249977
0.8934779713773833
0.5556261049414817
0.8061314121167088
0.5848970050324614
0.7045931446730658
0.7916639995288499
0.9830730251265929
0.9116204636069979
0.8253866941366053
0.6981740681631895
0.9464087624793478
0.6814519887509064
0.5899590840393859
0.6980419451714378
0.9470866067439089
0.5151127313422312
0.5664300031427941
0.553560363454715
0.6417470592793693
0.5796643867826452
0.7371298951793888
0.5715029626387124
0.8232382608431056
0.9467640118340709
0.7906366670452937
0.6415786991232268
0.5192852947277059
0.5748993048302408
0.5078716746262054
0.7806231873596581
0.7893270306745138
0.5255307144718151
0.8400231488017698
0.9133499771171587
0.9309210189359961
0.7744571022968925
0.785888753864473
0.9088599482747726
0.7219362633840632
0.8769886264564568
0.7224217551913307
0.6085208950777394
0.5559403372485957
0.9465007938436412
0.5799316975653556
0.7455826655876059
0.8705945212523495
0.8409127417010606
0.5276063402921286
0.5759177238704016
0.512331996522997
0.6158715182210318
0.6775349173627168
0.529155010057059
0.8701667527026241
0.6022324793128428
0.8732718262376489
0.5402836324459859
0.7666084437386609
0.9910448344376919
0.5080261479048969
0.742421928640239
0.6726113240140689
0.5091597784142754
0.7731604443454048
0.5998145867290322
0.9822045025884771
0.9291773749694643
0.6637687586771642
0.517369571875608
0.5887027401547541
0.6779838581280538
0.9448562279831256
0.7617852251849315
0.6922908042489663
0.8139995184568183
0.8617557087925551
0.9927624700393077
0.790889586938806
0.5858365599747697
0.6281322491430568
0.5660084179285638
0.666289689959412
0.9136235757045335
0.5402291739783703
0.8597180981637335
0.9150764797740146
0.5634344603818233
0.5868241443912948
0.8507766254059566
0.6347529633369559
0.6469675666174102
0.6368913598771776
0.8010388750800407
0.9928459814194546
0.8884806075031514
0.6776939382641085
0.8334845415415009
0.8138340167612863
0.8431900128081036
0.9627798948847048
0.6484558232014147
0.7740481102708562
0.5564825723813888
0.5815843876344191
0.6107094006424882
0.7885035597409774
0.7563305968273272
0.9290122176916755
0.8544835913257418
0.7850017897192458
0.5379913545367234
0.7701766218615235
0.5641229599420949
0.9649846935024965
0.7480366908326865
0.7277794680342741
0.9430947764103378
0.5357252308678362
0.7911451237765516
0.9801154268526908
0.8785426209987532
0.7325840232290882
0.8300096768539826
0.5548419227641856
0.575086676842538
0.8952017045374564
0.9793009856558681
0.8721399191908128
0.6559105883369728
0.5943576740444306
0.7081770582823289
0.7990603334787466
0.5908372893900369
0.8825692879326599
0.7907427184881294
0.7547666168175465
0.7034975918457017
0.6391052434021324
0.6273703406934621
0.7171315133573117
0.7102577936321091
0.5914041969595862
0.7277346238051202
0.5806759824679031
0.6120125555032205
0.5616841947372933
0.8987176459507957
0.9351360547970665
0.6690000219024189
0.9423686153350614
0.8483692759279131
0.7361415220683639
0.918781187242738
0.6642939972993869
0.9644490937144219
0.5348797865802573
0.7338583466735132
0.713875437844978
0.9449126959403272
0.5119611367344593
0.8045526483708202
0.5879296532423514
0.7332736123771291
0.6969053719917888
0.6351357900938853
0.6521697828828934
0.8780181772117936
0.7194785558679712
0.9555385751681464
0.507741443274335
0.6303398320867433
0.5683441500597286
0.5104979633170702
0.5147856924465515
0.8473459541414442
0.6278100623575653
0.9172798420798228
0.8756958609286083
0.9312444496882794
0.8973605805764052
0.912455571497853
0.9699826605236344
0.9701078442001704
0.7899078829027789
0.5435692170542301
0.6716654608029445
0.6807220985697252
0.8157420182248738
0.6026777282870708
0.6311069123539139
0.8088893803164394
0.8366759576736595
0.6627733977141724
0.5236128287913292
0.9036179424866427
0.9807451814109754
0.9893002706119366
0.7850387235218454
0.6181798688522703
0.8616534184017484
0.6561192908041839
0.5135394232105815
0.7861328080067287
0.6917768337529382
0.6180259129196835
0.7852886254590222
0.9145246869701347
0.8603189657872259
0.7424369724477893
0.5247629509581542
0.9236336632914268
0.7618558956166526
0.7101169190824482
0.6807261200465219
0.8319075743588467
0.8308186344233701
0.8078833954203708
0.536238320416224
0.898739070416807
0.9861055327757343
0.5672310415982258
0.9764679429293965
0.6049311221446019
0.8491659476483714
0.7605866976612295
0.9810632245685955
0.5676046401029372
0.8424336587813624
0.8663296189408258
0.7749225457253407
0.6772317314409233
0.977665549681832
0.8222611744773362
0.718022305790882
0.9508786091660506
0.5055466959248972
0.5589983352085152
0.5102642690462704
0.7763902868294771
0.9506651315118654
0.7037546575595951
0.5790753680672156
0.5245881353087072
0.5524175002025848
0.5350316594407221
0.6270471048371414
0.5038697680556301
0.6340771346124163
0.7770615453287958
0.8102897008647119
0.8270901766878307
0.8769294213964857
0.702243032862902
0.7490588662123067
0.786452123415533
0.7132704697986502
0.9628518741414707
0.5774597027701054
0.8955097915515375
0.8085786372552601
0.7038235441537114
0.9105275709943663
0.5199501474683443
0.7044966926106317
0.5616899247288958
0.8217295145145834
0.5992397202986214
0.777140626480591
0.657735184042258
0.5598574763215934
0.8433415551938122
0.926764665330736
0.8158762183213124
0.6739810489279557
0.6009474357454683
0.8292428403210064
0.7312979015404852
0.7181850316955042
0.9383666270527776
0.9478826731153325
0.5148429105737741
0.9004240421039558
0.9354361428349868
0.8990026898260851
0.7792824298089018
0.7268556697024033
0.7653240754038836
0.8661519135376936
0.8589314830564827
0.8539954210492124
0.6462232330405467
0.8025288174632853
0.5756330218139201
0.538452939152412
0.9372906030425566
0.9779932817071654
0.9200167372728001
0.9054055217463811
0.763347888964843
0.8869935153193123
0.5825865251344594
0.970687471329009
0.8830420215102441
0.8188595383586319
0.6422090554795116
0.9913875102066985
0.5819848354246252
0.8831573285551643
0.7842666623937922
0.956716992098376
0.7965224961570956
0.6995231985851551
0.6075346021929937
0.5218563109198373
0.5390471034914108
0.6836258922289775
0.8226685880438401
0.5236608457826809
0.9633722606962435
0.6127138503913883
0.6650644164096321
0.9876363659140653
0.7856054573445445
0.930759240465938
0.9328544348646035
0.767115984768099
0.6452703934376788
0.5447786683233692
0.9089606150105722
0.9019204051272607
0.6248355812422127
0.6211733963339124
0.8771234409017841
0.5853648282869721
0.8918927787854039
0.9250404884405437
0.7807641269680985
0.814789361893925
0.917980383933153
0.7971995770446273
0.5929638003630724
0.8692956778097701
0.5677299264050981
0.5233670292550124
0.5611740074217124
0.8009878454017824
0.6033446088573376
0.5964428567402268
0.7213132571164379
0.9593788602990362
0.7115545133604403
0.787152600026878
0.890106918448053
0.877738888505767
0.7547971241327674
0.5857169902665011
0.8323323064268108
0.9845175419050819
0.982303356632794
0.9600359677060669
0.8069940567148194
0.7755746900993274
0.7184315553121454
0.5133272209185348
0.5264670923059367
0.8474854338028206
0.6705468596321746
0.6271883608309436
0.7571664788725977
0.6621115284800108
0.9926362452489383
0.7249809106494853
0.6377637532269549
0.6306000082828619
0.5062090632265551
0.8165731227661072
0.5985809724294456
0.5848396362157257
0.8407293592681397
0.7552592878925566
0.7708854985978301
0.618408076561456
0.8006808107162519
0.5609986293444578
0.8481124793394866
0.7608089037006691
0.5487754605745316
0.7066981317119251
0.9943445859013652
0.7940160018682715
0.8500448779086945
0.5604985438406409
0.8924154979108899
0.5552664730470287
0.7885167402126504
0.9179053510627511
0.8902165084833839
0.7200911593480933
0.8984220396203975
0.8067617421007998
0.8334158194070115
0.9475340589343185
0.6577865663508332
0.7264145341502676
0.5547688984492993
0.5136426840158462
0.5502604762808408
