0.5432361810436362
0.904735314055263
0.8182134869515845
0.8153314999886561
0.7808711787577458
0.8276423507408512
0.8560227033339228
0.5154445652424186
0.8749349344365167
0.6997728051846889
0.6292659721922899
0.906588631190278
0.5692719318555435
0.5059823000508894
0.6919950640144302
0.8296953294916362
0.7515591175285753
0.7675911367225207
0.6717837114143328
0.8682957582996247
0.5254503139656809
0.6462980197041042
0.8740709207849227
0.505468012584619
0.8043111196105206
0.9371028167721025
0.7826433273508844
0.7011304532574215
0.9767088942522657
0.9220036040450992
0.6631728625412349
0.5261917274588185
0.834833342682582
0.7452467149986953
0.7385281232257517
0.6904853456563866
0.6957940825572474
0.6400323624811258
0.5980220719087701
0.7211573412252178
0.9632202412776597
0.9115605908233609
0.8982911737190646
0.6946701004629483
0.8477814990885324
0.6560168629812662
0.982208619761612
0.9227057143418937
0.6838279609250173
0.8538330483536057
0.8769088514065556
0.5269382366994514
0.9205645745151922
0.9444513449354038
0.8924239419807606
0.9193126538675173
0.9295338006186104
0.8889859688847561
0.5523882053330277
0.619583543450955
0.6019974828942606
0.7028362343094676
0.9759209122369373
0.8524563024938603
0.6944622591545183
0.6849037112670673
0.9360106609276267
0.9018452039811419
0.8455560337627509
0.7897902794171124
0.5661987128028472
0.5735017505674772
0.934951189343228
0.6940881587580123
0.9116724195959102
0.5547822934799853
0.6641560612651258
0.8533917283999093
0.7891784796399097
0.5946547132802319
0.6723043762486091
0.5753507060515473
0.6097422356220691
0.9365543327142373
0.9447703382704496
0.7241967996579664
0.6385822507932307
0.6599560100096417
0.5488076007822814
0.8767463300642637
0.6023317338976788
0.5558886640526027
0.70041898334778
0.5702528670386436
0.6029977698604178
0.8238981026395041
0.5535391629469911
0.8425158730869341
0.6240414025587282
0.893389604357703
0.7985330951607061
0.5260391621302551
0.6824228544401235
0.9487533726750181
0.68827720275177
0.6275316263565028
0.6413015811007773
0.9712692481842352
0.6860305123786704
0.8192863350703524
0.5951839635370224
0.8050768347154685
0.6819566388106227
0.75005725528719
0.8512375732701873
0.665701250121495
0.9784735382210935
0.5958431507494747
0.528713547971154
0.9161466654365426
0.5260117213444783
0.7779888392173693
0.7657369951496238
0.5376546757656249
0.9783861330379832
0.529870822630089
0.9428252630235059
0.5751605619251815
0.6036472703641076
0.8479089451078826
0.8474229703418136
0.5507824252053332
0.8072282708039389
0.5650533067646895
0.7366391551093874
0.9495864621692208
0.7814424790739245
0.5270779842422073
0.9981310244834466
0.7860857885253124
0.6754458817872514
0.660343530168714
0.8842651864317945
0.5747556062757596
0.5051084740827594
0.800661975904467
0.7832431706635135
0.7202674654525172
0.8050029124650597
0.9288086315765658
0.8360426290766556
0.5888901711337416
0.7201375961996357
0.916938906124936
0.541798453903767
0.6363551838798782
0.5539065374025601
0.8637284264388829
0.9874214361554028
0.8825999361696715
0.731581081451921
0.6125397550200622
0.9176202816227513
0.9040386798059192
0.976329300129131
0.513560860318192
0.7500997971744799
0.8902491252758604
0.8305504757780179
0.7791369223720309
0.9017307299282907
0.5400464007725962
0.6522339582480011
0.7136325222727398
0.5879494461092897
0.9918733487885554
0.8442380271036372
0.7637198654716525
0.6437328498868703
0.7093920115421726
0.5349286424408914
0.7335758286823854
0.716526755120961
0.9542925561104827
0.8694703922917283
0.5326629184263151
0.5460724403594912
0.5513341297831936
0.9747017259578564
0.5108942707852758
0.7060172514786592
0.5190671531476935
0.7136043543746224
0.5992593208206095
0.717972842752146
0.8150849917092029
0.8694143807063799
0.7574447857069496
0.5572703437813513
0.8353012491355286
0.9483645813653093
0.96815048438454
0.5586175745031656
0.980321185112723
0.8423188686095098
0.9421913999038749
0.6038911555277758
0.6257897383037184
0.8357753050550096
0.8669245680772371
0.7607276190160304
0.9917847609844287
0.7927711835473318
0.8445693292803473
0.6411665125753975
0.9450329261775066
0.9013498465837015
0.8073523914011453
0.5145829088098853
0.7932865195781837
0.7734631726298131
0.8211811850957874
0.5477608356327555
0.8627929486133648
0.7506857069505968
0.9624868784635134
0.895035681310431
0.7979492243212012
0.816642236524426
0.9435279643172519
0.8706653173314234
0.9542994352898906
0.848667930984958
0.7425811346847748
0.759916605167122
0.6368846328368477
0.9848279855039355
0.6016777383299505
0.9730909839777449
0.5928198147197605
0.7515075649570273
0.8443923900775205
0.9519456036331808
0.8315543055916
0.7610187274597927
0.9309821804126365
0.8344102659158448
0.8684320885065174
0.919814309363509
0.6086841571010048
0.8877702450256106
0.7639798751305681
0.8077016751223859
0.9462318856621086
0.5234929188941949
0.8775645558240269
0.9522679868738743
0.6262044294120442
0.7016600293279818
0.7976567163874594
0.7568450935802071
0.8648804583551397
0.8385872518118536
0.5975768212661409
0.5433794159819959
0.6412132842585087
0.8035501148723929
0.8178843770118778
0.8645532504885876
0.7877116227794947
0.7628513592182347
0.837347304979692
0.8912444668956144
0.5743781046037303
0.8787669144035939
0.7677683275918177
0.5440526517685852
0.5068298295713679
0.8998464582710626
0.9030774034405242
0.9503383974927717
0.856902874655159
0.5624393388691715
0.8587644403140171
0.6720460260528522
0.5414310419263679
0.5502191459881797
0.5399246307864745
0.6287623043727743
0.9238349791675002
0.5547867477317995
0.6480128645468094
0.71150372873447
0.5695065438285211
0.8379588360531653
0.9871208289971433
0.8701070692576208
0.9032710615226323
0.5065130783646442
0.5290841615327326
0.9070713023772106
0.5881025780152844
0.9857995266744318
0.5098815616149356
0.7310405487076607
0.5141839024703756
0.6660273625845058
0.5680783338623607
0.5298822168435473
0.5800124797497274
0.7329067602641314
0.5448973792382792
0.5107216316866661
0.7559740616925539
0.9167256945731849
0.7165454090390331
0.9476229232895382
0.7772464869242791
0.7054144894678428
0.8047341105621106
0.6869287212585151
0.8572150080417066
0.8633912559396915
0.7267550631036005
0.5179449975494724
0.8147895021981209
0.7677397703319623
0.8417357965641428
0.709090963080628
0.5753652155408159
0.5135723993086383
0.5697038330395013
0.6182709808876694
0.8143798279912635
0.9906603964069955
0.8438055453609556
0.5153639328199923
0.5851480982424634
0.6253759360178153
0.825430945453655
0.9779261025195845
0.9048969430671266
0.746069097905732
0.911287440402432
0.9010639034174276
0.5286873997532521
0.8426929616277565
0.8127469336321534
0.5160332397009693
0.5394122087730114
0.7035848099971009
0.579568908123389
0.5412263133377622
0.7759822585343994
0.6580862890698455
0.9221571878618076
0.6244870989304182
0.9343473990916727
0.6155458021104268
0.8194376674329786
0.6496635672599845
0.7807478499949229
0.8117140518253744
0.8798455329652993
0.520065218039149
0.8254626619782912
0.7638850779898484
0.9786788347947979
0.5611322254154478
0.506126704964877
0.5146001493573639
0.5496854540887619
0.519098006222932
0.7043408271216252
0.6466477546013587
0.5344238504393793
0.912270073966224
0.7711495919522743
0.7738005962605041
0.9379550977231578
0.6947559621757383
0.5790251298936689
0.71729628419191
0.8194153857147439
0.6175653658488814
0.9797579863365847
0.9557083887733855
0.9489054203899243
0.8810697979892129
0.7472988751841123
0.7022495346987349
0.6229335695799056
0.9805296864947505
0.7891010521949122
0.617024300015017
0.7321921873301311
0.8012105572957243
0.7206240772257203
0.7682899342970616
0.9212787435902965
0.5066624705469142
0.5463746262723291
0.6974230226760264
0.6286325186483663
0.6688068308755784
0.6811666168300529
0.836967902392861
0.8315726701089622
0.7803012238872895
0.69562675669589
0.7905295402324987
0.8049951617041627
0.9909985272195194
0.8756824986774092
0.6436403271278958
0.8384936485551644
0.9412261997062937
0.7044001473975288
0.8642189927476533
0.7056610568953625
0.9251049129402251
0.8137434684401919
0.6527727047138246
0.7942476440861522
0.9893990206391464
0.756307389261347
0.6035628581718064
0.8241775430774736
0.8530815569594417
0.7053687917722088
0.5094549526689277
0.7451217411931107
0.9490076079021614
0.7316318142280974
0.9052370650169588
0.5936629633393177
0.8757125554028116
0.8456765887853163
0.7140421564081073
0.6267409654471395
0.6207242412872593
0.9686936235900445
0.9888983557341967
0.5687364679588343
0.5254943581754363
0.6011818662618912
0.5397826137503661
0.8464642373905613
0.8569427031095298
0.5328913849181869
0.7026034814562112
0.7040862544227205
0.6791451690686335
0.8996826746367818
0.9199957343775277
0.7974465258755922
0.7530187015202346
0.8211278558333039
0.5755380010339874
0.9507294014060191
0.7268927633052757
0.8934305591093012
0.5951302400234836
0.545332576364926
0.5882944336345454
0.7561774620044759
0.5182180571891876
0.7033722910803456
0.9612197964013512
0.8162317872132223
0.5377316268330945
0.8740625393475728
0.7722248158111977
0.5416479556086257
0.7516042901284129
0.6503732642832336
0.7552144408786583
0.7722124491969092
0.5852371261467422
0.6256701714265246
0.9006425777644633
0.8919422499933556
0.6879525208436725
0.7888500219447481
0.6935603458785874
0.5724296891138393
0.7206758148135405
0.574243672125286
0.6567209178807875
0.5489915309030757
0.8315992862981367
0.7039875702450403
0.8105477000623579
0.9585874187509338
0.8985455752852257
0.5493837026370494
0.9083222912910621
0.6536340019991845
0.5560003270493429
0.6586127416673678
0.5195690318408847
0.7801365196003559
0.7353550606939345
0.8180850390450777
0.6566656266003622
0.9725536949029424
0.9683954840476695
0.8029433921807737
0.8700654322506982
0.9196550146630215
0.872034548333974
0.773993229224966
0.9683051758983009
0.8541483023713035
0.6102461446036022
0.659008483456898
0.6632104470216357
0.8118925607288209
0.6745657659054821
0.5473557053383589
0.5738486371649113
0.5091202545039158
0.7643566483128992
0.7267290352258812
0.8579388471305568
0.8119850095700887
0.9776325620694296
0.8384683645121614
0.9257769931920762
0.966037416330392
0.7483210783348145
0.8638437065388715
0.7743325734913387
0.8698289610833152
0.8862897160356067
0.6599560100096417
0.7343801360874399
0.9664846740819303
0.7319765992622096
0.7260379546787743
0.6275310765959573
0.7445491776431106
0.8450880006622642
0.7449596885772186
0.7565794178622818
0.7271546566553823
0.8569215459619501
0.6541935484671985
0.8763736583231649
0.739958063630307
0.7180553234225869
0.6143890107674335
0.8540401824147829
0.9637432986703289
0.5486262382976216
0.6854944062192074
0.6854512887280911
0.5893902300858052
0.9666222806212325
0.9006450649853649
0.726878879266633
0.5628781515003993
0.5745223503954783
0.7818485484813344
0.7607193991810168
0.6351956881779247
0.5900239004283199
0.7554357158431599
0.5340566507647265
0.9907625003470648
0.9778840190301866
0.6954398154105189
0.5946039888025644
0.8650525326552589
0.9333785386806711
0.9287698424707288
0.7840818907915221
0.7915200531227977
0.6843949093873506
0.7497773269136123
0.9555402378168066
0.7654609868736465
0.5132506302746255
0.5389160494105959
0.6576517525308166
0.7947851900794861
0.843183673661227
0.5785036811046861
0.993271246772491
0.9036636043882743
0.9931536416767328
0.9933023580558435
0.7601676162642717
0.7848957836018466
0.8349448539372586
0.8276703138945865
0.6104529432597966
0.512883296852455
0.8853194952300429
0.9069882494955434
0.8153472249968968
0.9589122619552705
0.5859893417220647
0.9812385744600198
0.885970593901843
0.5122257889422048
0.7579775459009134
0.7683862437084304
0.5632159426406343
0.6444611879396189
0.8256303326258817
0.5889359369544558
0.9547928415786884
0.9825810747376693
0.7706199631540742
0.7338164977768535
0.8229318407157968
0.9831802012161931
0.5689679430329139
0.5210298627923671
0.9602548643455641
0.602310805780115
0.5835010609801833
0.8882984493023457
0.7838103862344512
0.5549293121230989
0.6344679929624832
0.6018105972023738
0.6248331638222362
0.6646276168711608
0.58768381403434
0.6488325247976832
0.8525260471541061
0.8047236469318007
0.8597439322297341
0.6182466073117102
0.6276634173861347
0.7663940207587105
0.5242362409260418
0.9064257181437999
0.7107375402694743
0.9461785941914382
0.5345903390161714
0.8656770279493452
0.5967401556575714
0.7435478691305559
0.6836646949956433
0.5739969977286491
0.7760791083996401
0.8860655271306209
0.6228659130568983
0.7436164992916053
0.702180326529678
0.6215970782502336
0.5800232917555519
0.6735085903695975
0.6390744115805631
0.8506663998067511
0.6271358343263177
0.9798831251362597
0.915456634167192
0.6659912634548492
0.6112985615915932
0.7872770162483262
0.888883386607058
0.7765963090935233
0.8160219833903898
0.6183098278592786
0.7996614931899921
0.6464439428541542
0.801413950956635
0.6058132146555544
0.9289469307647683
0.5412165104459026
0.7348227498488149
0.7766264613701556
0.9781631135918651
0.9931725929976043
0.5343325569747908
0.6592799227387731
0.8321585728673049
0.8882796155586866
0.7973850084835006
0.7109845731460923
0.8027908613362291
0.5469449390504123
0.7298081747648255
0.5360405317883042
0.6712364391238979
0.9037633026085334
0.928040953835631
0.7325093936255259
0.7674672774044012
0.9564655693009453
0.7493737837198073
0.8351598078471909
0.9278002499244973
0.9510597411445447
0.5608170285441672
0.7107555253390679
0.936482612834928
0.6256196909277807
0.6324843760480441
0.5338136669904886
0.5361466778126921
0.7343640799694864
0.6454675857814302
0.6989991014639169
0.7511937440461446
0.8223396588687552
0.6439964152394276
0.6192232774391914
0.6226501563453383
0.5771419976498019
0.8905132516640686
0.8047782045116492
0.8875028633200078
0.7891278007928177
0.9912553736354316
0.969176847063082
0.806690873254278
0.6328396506777048
0.5884722801203561
0.551646599029756
0.6309034503266632
0.6663459788120851
0.9272539099393334
0.8471483070432232
0.5040940917962291
0.8282210471945383
0.7808623202189621
0.5747723663819508
0.9503477326597167
0.8194969427508612
0.8422812512914736
0.7313794625824972
0.7863592613217498
0.6648503777499842
0.8100037744806933
0.5390396812577097
0.6491875855729272
0.6772524197050707
0.9025014139461545
0.657717794796593
0.9384809585465117
0.8886034707823696
0.5696746744462386
0.641961882472132
0.9736778066215027
0.8560873184613574
0.9908541874390188
0.7049218430470541
0.9402771481655626
0.7910276668048486
0.7345308225629966
0.5480661074687324
0.6676896285969446
0.6388033053525024
0.9599519236504728
0.7430061300213702
0.8471700662330042
0.6125249953294996
0.8490540193021777
0.9363624767549388
0.5797204945262194
0.9194679076815124
0.9775220788086957
0.6141381874374102
0.9604204555186872
0.9727194144787548
0.548966935088902
0.5179353651250286
0.899863631902491
0.8048563090588752
0.8677132929163005
0.7911193613358205
0.7564981540622744
0.7816613303035298
0.5824581287758158
0.772699592021117
0.6756625270211429
0.9768782230301842
0.5925529512012175
0.8870680688741555
0.6480411100220936
0.6292570255626055
0.5655333771279797
0.5582431934898326
0.7843320509317423
0.7886105468479864
0.5018477907025274
0.7644127046413585
0.7349898260736686
0.7291473023029119
0.5070606468171759
0.5905033452680406
0.7778893167462358
0.5656768500568962
0.7657325011143609
0.9060087709172305
0.5557920386251047
0.959442864877016
0.7871473041859637
0.6569656511699701
0.7654203765883
0.972567687006696
0.8619533967711337
0.5383590209756477
0.5614729336906366
0.717611598427924
0.8711817073490777
0.6026393245257219
0.8322978392358327
0.9857468357571748
0.9941107102851658
0.5775123886338325
0.8859169370212303
0.9064483320777943
0.6843847275457097
0.7511677136119874
0.7786176014345356
0.5163880460274112
0.8165133651718068
0.9214044621436156
0.7794077892577052
0.9642861563631906
0.534761612781487
0.9064896324027149
0.9345080189260265
0.6254204918930584
0.8964796015780618
0.648494817368519
0.8358024388146326
0.8091473054317734
0.5514711845181895
0.7269937273020283
0.5544577025984958
0.6535471234969431
0.9435951294160388
0.7429966474265645
0.8267686924000317
0.8191757203931044
0.9213016059849263
0.8796093233710754
0.589512477539122
0.5303395448231198
0.7841016099778061
0.8816552720451898
0.833225840052538
0.5630076119467313
0.9154102391234142
0.7675231611692653
0.72527375693684
0.8039335822364538
0.8356696828991974
0.8408788979538772
0.5467562474540055
0.8457212257858735
0.734519631410444
0.7657672705339132
0.9004316411442274
0.9811735589898005
0.6200853722880814
0.6895659596288289
0.8502858812429434
0.8985279794236548
0.6993681242169121
0.5847004927692506
0.8027675304335952
0.9026776197810279
0.6434046680116047
0.5593119009366492
0.6005560114819984
0.9003761691142046
0.8245721848305221
0.9880617404630387
0.9243388387720967
0.98479155968229
0.7185134448014423
0.5492582649692112
0.8651684312387171
0.8871607370226021
0.9162576381749531
0.5230452422980703
0.5353637134234689
0.6491644442645665
0.9395093118931023
0.8961916511262322
0.5637231017380177
0.8409458765294151
0.7457775989146478
0.8006523090916636
0.9656716547296209
0.557015037686352
0.9739909744026799
0.8656886528014703
0.6344982839385649
0.5375236342949127
0.695058985471833
0.959629229050364
0.5211821973007438
0.6927384204904068
0.6293028754078414
0.8477238760166906
0.5277896836989175
0.623249162416044
0.6115100295106386
0.5226505913254245
0.8865100077611947
0.6705209423593191
0.9186982732131762
0.9940323991090155
0.5346171632981689
0.5261164062009975
0.8345830908564367
0.8012684455140242
0.8137414092626624
0.5823128642376794
0.5578723856658941
0.8995115221355017
0.8762194890521883
0.6355972690776521
0.7671005863517266
0.5144656281884706
0.881731442596064
0.659431021209603
0.7180849811017148
0.9791549371886936
0.8701378881226518
0.7414317342079122
0.5232610287547107
0.5298724722902298
0.7277963228651629
0.6434673936967606
0.7087136295540326
0.6098081681430767
0.5218433225135933
0.7099107424971305
0.8831410469893624
0.7438432497286411
0.576603014024111
0.856898798138197
0.56433648174044
0.9046778419432857
0.759861427341488
0.8566462767789876
0.5942392215342521
0.6453883934871774
0.8922342627880833
0.5419812899415282
0.9434079804402791
0.6658905326863018
0.6598245346979092
0.8960971797221069
0.609170113369266
0.6196050674566752
0.7000294059739652
0.9043663126867977
0.6218239261571079
0.6941407239652289
0.9052243304654595
0.737584652576007
0.8932452272566991
0.8201926682275352
0.7775110405632639
0.7839365551872399
0.960977153196723
0.6128935593550188
0.9096707818166937
0.7474244064576137
0.6661883402124765
0.9519472244298065
0.8890902464472944
0.6988821924946303
0.9131656113941786
0.7902248240154334
0.9086928391540221
0.7306810503186336
0.8525589717581459
0.7739931027546446
0.9571264239845052
0.5920969788748472
0.9078382063836334
0.8775990388789962
0.5236944566317686
0.9370240654673916
0.6368063801787094
0.8495065608839215
0.5681095151543673
0.938797195646966
0.5902188898011967
0.8355793298032305
0.6733092295369099
0.8431338161708206
0.6606950974966241
0.5784680223688607
0.6320432282268255
0.9380387675383479
0.5514952091011809
0.5470106922369563
0.6318898902862983
0.6436389228153611
0.9187275496465317
0.9784261417216019
0.6561146384542785
0.9692487177103909
0.5063518118717771
0.8271587157888101
0.5199562570029658
0.8585661525663641
0.6617542077954293
0.5189257373314975
0.8879418107104183
0.5408706289556264
0.5086542770297882
0.7994142838977435
0.9014574480427006
0.7529817012173051
0.8778203203218504
0.5290530522962363
0.6953562253017234
0.9174264332196483
0.9752167505052715
0.8779378609304208
0.8530615120633489
0.5231518462567302
0.5230120578880242
0.9846249048840868
0.8095537627600854
0.9106517809991929
0.5476508691184709
0.967323551631907
0.7094004851479829
0.8451860326746653
0.5861751308830193
0.5926970152627001
0.5495828706592586
0.5173272910739055
0.8055343221469347
0.8945589777946051
0.880515003691524
0.8798286227851683
0.6058161484375283
0.6953443662946126
0.9050062683412454
0.8284249823734108
0.843880691316557
0.8524579247103554
0.8684041285687879
0.8065204149390117
0.9636806286190354
0.9493916155971838
0.965147296489172
0.7199710222279178
0.9283460292765344
0.6080589546477146
0.6223195762516641
0.9497048834308789
0.512473814189935
0.69033406831571
0.9618403292451361
0.6253004884600301
0.6248097964153163
0.6793405857297491
0.7896690399662513
0.9844390713031539
0.9340015343086636
0.5920610456966894
0.6048055871815913
0.746300772974077
0.5112480233308192
0.6334872207643768
0.825560803339617
0.6776556511216595
0.5030821626135026
0.8788794928557329
0.8385450437679455
0.7063939798473311
0.6605421701497902
0.6928307097403578
0.971557561910482
0.5351879378044757
0.7889578960549899
0.9085678285645918
0.8118728596902512
0.7463449802550178
0.5223146457211697
0.5171766393772009
0.8623324443587231
0.9804341911678671
0.8333420090131318
0.7543531429877388
0.6349012177135425
0.7584191675814842
0.8673721979960283
0.7987666011907711
0.6387713537916777
0.695101866612108
0.6306836975373822
0.5651628651709646
0.9265538573317842
0.7638029006592635
0.6594504855595786
0.8968896420536617
0.9056538835759431
0.9728939902501911
0.8903349373278989
0.701256610401117
0.8343579852154024
0.5608354870144506
0.910709490078635
0.6083764255780578
0.5270743990972618
0.694800980053174
0.9883720133045709
0.7509649242192394
0.932828123714122
0.6076173139858828
0.7009501700909097
0.776148177118924
0.5679713457074331
0.7992208712537565
0.7662324882136374
0.563540731812465
0.9835357382563985
0.9656320655516617
0.817538722545468
0.8133343088697396
0.679010341884898
0.8320867049267949
0.95054068915357
0.8589340050869483
0.9499649804904655
0.7480585280941973
0.8475731704671629
0.7472577379026691
0.5641950290532352
0.8148995417464967
0.7401727907068077
0.787711615348714
0.644153875105869
0.7535304696668887
0.883771079474161
0.5741842059814235
0.9518345109973511
0.8211736636390848
0.8998184897520828
0.927046951391158
0.5131633011733159
0.6623811283965411
0.6014481357530801
0.8526579532653495
0.8200047523060744
0.7388886915421584
0.6663746440536695
0.9156445651909422
0.9337465368891621
0.9287644565771357
0.639648279663378
0.9015730929952356
0.8517358416440858
0.7436702758646752
0.5898826746206332
0.8006156155238614
0.7273173026211623
0.5288930969909011
0.6815260794633919
0.7291339605653253
0.5700983257132467
0.8263487745147938
0.934400398423559
0.8677057955201304
0.8228317072978183
0.5619704832175804
0.6659525166304924
0.5515955045479386
0.7146148386851001
0.7045242155481835
0.5108072396782278
0.7369895586216647
0.6298217993474046
0.520563474340951
0.8144409168685675
0.6775780398616825
0.9031775388370392
0.6320503982447245
0.5103237040339306
0.8096242084686971
0.5549273469430039
0.7906589834907355
0.7763147464374848
0.8930507266484315
0.7355144143934285
0.6018506505822151
0.8771543381262914
0.6167115417850446
0.9379526121874553
0.915062016555235
0.716530675359816
0.7267451067207318
0.8999190014338214
0.5831235971550175
0.923815137583924
0.6284400368874404
0.8767494179802761
0.7359178806591438
0.5121764763477394
0.8313081328289784
0.8976515332368457
0.9306330359639587
0.9203681713550644
0.5354590267996093
0.8206386804950965
0.7117867615299155
0.690265646312565
0.9893572508164608
0.8305837555305025
0.6847464144328513
0.6307747541640703
0.7772040052843249
0.5359340206388048
0.8591898027872545
0.9803798919224459
0.7180755818886211
0.8282431043430725
0.9098217644981423
0.5470096430392564
0.6657217574560281
0.7883380731263698
0.533885451155617
0.9021002962438647
0.8240742432572261
0.8059353260657632
0.7292320631416463
0.5492737360121865
0.6582881311910689
0.9719795897515208
0.608607994689098
0.8447504645750236
0.5394965895864818
0.7725483057267974
0.9912086119233122
0.9199461629426638
0.7834596808642378
0.6048234732469537
0.5254516288192225
0.5698486029186038
0.9433411034671377
0.8768086252905647
0.6989880564224623
0.9322837509971809
0.6842019778634226
0.808721053717731
0.558046066392642
0.7840116988895454
0.937463458493625
0.7606896692091789
0.8634007151268334
0.8208163864820895
0.8123575917363491
0.5952965476736047
0.8619922666541597
0.720439362869621
0.6630849532859615
0.7764975249092845
0.7363518942172187
0.9351268060343938
0.5794408199760596
0.544231475811886
0.8852601061103677
0.803578561046598
0.9782210398498856
0.9156132449023471
0.9475049185543957
0.6613461013002475
0.5260755797292841
0.6228739239715847
0.7136454930756952
0.9672766933179616
0.9168195892347292
0.6883655150371468
0.7562941177840773
0.8160598967565784
0.8936980682169849
0.5989764887942823
0.9528762812416661
0.708307265892982
0.6276733890449017
0.9884877058601048
0.6477287919779449
0.5334552375103636
0.6143074993363308
0.5198842133029461
0.9286823201874275
0.8493769938937714
0.9905100115264035
0.9198160755023198
0.6598217956131981
0.7536986673973182
0.7205457981720367
0.7870259389956489
0.8231189906728252
0.9191107648016928
0.9856214313702039
0.8053566742942005
0.806785253276984
0.8006357820828879
0.8087641773834127
0.8113668483396659
0.5541338763898972
0.5209274252131855
0.8576036696674939
0.5644584088740923
0.923328088006983
0.6622221899949557
0.900195955571422
0.618444920608448
0.8537877596670534
0.8147607063032074
0.5147477968538907
0.5733287444218164
0.9917894166154062
0.7174629296956155
0.9325252935590254
0.8126293552002389
0.8274298600952353
0.8393705600209647
0.6649596439194858
0.5631755258984554
0.8272856363396186
0.7825052902584659
0.575061141267749
0.9129486854540515
0.5170830930902091
0.5986433552926115
0.507394756385946
0.5603845293555314
0.9434552943058575
0.6033811347728095
0.5762221876756342
0.7910593494110292
0.8027312264963875
0.8419734736862325
0.5854717817390245
0.9347137850667592
0.7290130150617813
0.5496401621360871
0.956798544756261
0.7465369634527459
0.9895654039055448
0.5055201557784719
0.7972419061047997
0.6367354960540144
0.7290109106128927
0.9564025638446708
0.6753377325669843
0.7212226520758678
0.8417051171995382
0.9261137134363258
0.8443852128942193
0.8128572319460848
0.5516524640491841
0.825140118370903
0.93001180767429
0.5031579901504964
0.6888481242956516
0.8201371506009814
0.7481389158246373
0.6796037527638323
0.6858853982884331
0.7304211428309929
0.6441138390239147
0.5915968125758336
0.8808218879184356
0.8267264974701687
0.5674343877192176
0.5201669239552931
0.5351982267657887
0.7497452012004361
0.5619326729887214
0.9846225330333941
0.5242459424002339
0.7109669482884163
0.8913558948879209
0.7619992006582716
0.7308869236146864
0.8749265710109113
0.7730962276560073
0.8128400482843672
0.9344213900430939
0.5637951953151225
0.7608342426111503
0.7045983283956141
0.8775983573699574
0.8731692788331558
0.8865490815974213
0.6806867934811865
0.6935457272205324
0.8959360901254647
0.7003285006711631
0.7987041140273353
0.827288819441941
0.9660563021315597
0.801519777187741
0.7340420316577
0.982812703766347
0.6735476695814558
0.9828129794073983
0.5593363207532016
0.8102380627082838
0.8879575625376427
0.8683543949317615
0.5861405618867325
0.7348070880823637
0.5064259591539474
0.5833524749447926
0.9552789030167312
0.922851746234993
0.575722719270584
0.8929731368623633
0.7567003869692487
0.6510106063269953
0.5946926097935169
0.7702092786918866
0.9086309410302617
0.9232008783406709
0.7730199957517032
0.5249559243483943
0.5208525110958789
0.5968851284231592
0.8627450039528429
0.6777640137044516
0.8509412789580952
0.5377317481277223
0.5475191108653099
0.8322983328820278
0.7209763852034142
0.9690814851281687
0.7181890563101139
0.6104153188618362
0.5930361763422154
0.6621524773639698
0.7933480282009353
0.506818295127398
0.9833722665150235
0.5585701039342827
0.7167496187631451
0.9853257400772052
0.7679136977125453
0.7137776781442049
0.9745758589359488
0.9497470036722762
0.7365950070252165
0.6903299813004591
0.5338136669904886
0.5294404533748657
0.914746526383465
0.6555583070670082
0.9312687465434523
0.84763144121342
0.8445481166335647
0.7789681960939393
0.9113364951002271
0.9921680797537916
0.5272576285392095
0.6864194283570229
0.6959612000126807
0.9310730551361421
0.512558223117073
0.7143764013621507
0.6757688157928515
0.8910316581786443
0.6532561963986795
0.9022788249578105
0.6509588384632722
0.8774519053999686
0.7451092371412367
0.6271502590474495
0.9781154520192413
0.9472374370452993
0.9422246606114993
0.87292233589576
0.6547518280837404
0.6839678604265493
0.5473847280356897
0.6609471176518021
0.6986153638373294
0.7686545140596165
0.6769968386815406
0.9353678677245526
0.8154994362903012
0.6839926010755246
0.6391436429632043
0.8025551606935594
0.904767249428373
0.6426886199463949
0.5111034331856112
0.8853076582221845
0.5647351376533654
0.8714628017580388
0.673043526692477
0.6833759145888121
0.6119301838953832
0.873401544511882
0.9720895833029024
0.5119736713700636
0.8169131297962564
0.803845859476602
0.9110216624921571
0.9573396609412308
0.5939677214712997
0.565464146316997
0.6856777904169414
0.6710103304264065
0.7607851777056309
0.685882625644511
0.8117898919898924
0.5618132752038705
0.7268546337623725
0.739734353096577
0.721921579823607
0.817157810923209
0.7014020230598226
0.897438404987879
0.9389807194791949
0.5685288200714546
0.5479104469928558
0.8703962757886062
0.9472071843683696
0.5767719980681703
0.7896656322757378
0.9707625232376579
0.5135001819417755
0.9132800835363868
0.6651093512504483
0.8117730543550196
0.8258113079052398
0.9873631848980021
0.5165798411481863
0.7239884064321613
0.8793358331092416
0.7390895357373704
0.7884393662818513
0.5745704408180202
0.9634801749707568
0.8690439217527113
0.5151126720647745
0.8019627152062714
0.7813202418660838
0.6315752694385243
0.5967411935511936
0.8422426325850877
0.9039512177108449
0.5234768767108849
0.8032471002120242
0.6433621069400708
0.8044049407335946
0.5417763703521352
0.9226608196576257
0.868787874669793
0.8787875160302021
0.8919685640798359
0.6144454491907448
0.7133309638996005
0.9654631769841483
0.6321183373843193
0.6069170980998448
0.6288706792808543
0.8916807435990713
0.9681285388446291
0.8518604485452616
0.6372884465319627
0.8221747542596264
0.7838910443807441
0.5952566698317238
0.5246048257346506
0.5616436580432557
0.5504050325784321
0.8239836419157698
0.5488234758445013
0.8393942941777178
0.8836424644563952
0.8381457185233598
0.9674157058207518
0.8839037475907592
0.6022435103618765
0.9456354091076697
0.6191338095930264
0.9516347721201743
0.5763956270073126
0.556966220308686
0.9793652917555542
0.6689010800665192
0.6556614392697245
0.5161613490345551
0.7939426010670065
0.6546188974698243
0.8126225957699137
0.757395146639031
0.5702395297178532
0.6409413157075743
0.841764490589057
0.5353548277470167
0.7767464336199226
0.9520397528035364
0.8541413207211498
0.51647806256607
0.9320971744631146
0.8890359566433512
0.7124994178713802
0.8967628782709595
0.839603167153272
0.904870703657252
0.9203448733035834
0.7903660890465403
0.8526141044210894
0.6905807764355582
0.7058284170455277
0.9073863529009656
0.5954583295232873
0.6112573661812173
0.6741330322848608
0.981086728035904
0.795683846320018
0.5606202961433159
0.8873048657996401
0.9245255700205361
0.9303558273612977
0.7611944938748498
0.8683748707755343
0.5710431291834165
0.7734794919375192
0.8825157148557237
0.5983158827250222
0.5129369010627985
0.6474442499607247
0.5243286765025644
0.8899145673852498
0.6909784494300075
0.6972280896329384
0.6101454828791518
0.8222871505395851
0.5343066732013425
0.8045920414408455
0.7671876328968923
0.920764099574027
0.6135165349486842
0.8089884626476568
0.8233862482472771
0.9081437524773488
0.808891287533775
0.5050710286488296
0.8975836078471606
0.8951181912045955
0.5941108018102926
0.5763734398373312
0.725024800453638
0.5362147670626458
0.5610784932987453
0.5033698366384488
0.5533450407328154
0.6967816368676298
0.5334671550728893
0.5328913849181869
0.6892883094012293
0.8736560860035306
0.8501634805492091
0.8257942306769089
0.5200135832209059
0.7991298913942086
0.8771216994298895
0.8509991175808881
0.8996125433737558
0.9135716703695048
0.770201048355569
0.8881798578435329
0.5656864700958718
0.6899940533941696
0.870678622754159
0.7290517148438612
0.6416167737583158
0.6530727172665016
0.937942093241954
0.9463688271386017
0.5605876885100929
0.7511677136119874
0.5439333490115156
0.7113625379946521
0.8868547782345869
0.5653577585090681
0.513407713780205
0.7099205058851198
0.7341602427184963
0.7885468663854794
0.6043298091087457
0.6403125429614551
0.6000617144105256
0.9338194303000751
0.8946197697338353
0.7065933541786173
0.780346750271051
0.9858257816394704
0.6283965670110221
0.9306203415286366
0.7388325178597567
0.6665797752690962
0.6088064719172294
0.5562454574970804
0.7303595294454843
0.6459056661937131
0.793567025194392
0.6085106030822713
0.7368179618725493
0.8689214055848867
0.762840068162749
0.5457762406544453
0.583183306256924
0.8541283172874924
0.5663738604234156
0.585413585038105
0.7414507467207444
0.8166560544338252
0.5929589422182835
0.8252688319549886
0.8709696143862369
0.5199234846545888
0.8667416416856136
0.5451888896088454
0.6754986158530756
0.7571742394419979
0.9761138324043761
0.6862036982055206
0.5148330372082183
0.6559337214674437
0.688434484094908
0.5892149708614969
0.7442022228994919
0.6295578875392984
0.6040241909258771
0.7961455071733089
0.9535560205854811
0.7399855626185294
0.9145518456478373
0.6100289988104968
0.8135312240499029
0.6348891657944467
0.9786209379684951
0.8953453755502355
0.9108236576093125
0.8697359770276498
0.5307050747889378
0.6768130859900349
0.6619367432559572
0.5413462892536207
0.8713677257712948
0.7720513633074482
0.7280718785614833
0.9452286298599855
0.5140371281023597
0.9604168994880637
0.9633263955620136
0.6091795935051582
0.9467589344958426
0.9845476667839784
0.7149857696137637
0.9729789951830221
0.586543998912856
0.9660098986974047
0.631037897491467
0.9208093841022279
0.8326055123272507
0.9494690052267697
0.7699693915978698
0.852405936089454
0.5141913164122208
0.9513542804362783
0.8051758663969095
0.6613461013002475
0.6936770803843925
0.7146154744506236
0.9938343681321741
0.8652997636143168
0.5672973898621003
0.8063653477430907
0.5567804208209187
0.8051408360052815
0.9196403342019488
0.5710543817748464
0.7267267448917475
0.8222395275527329
0.5467375437777751
0.586160656630232
0.7356661516123506
0.8224437190502993
0.815601533610276
0.6976551129346974
0.9364354220113597
0.9009537080753914
0.746579190744602
0.5958852847234488
0.9705568793752359
0.8567766881566773
0.8211349702053699
0.9040780312711854
0.6952232924898719
0.8302781400998346
0.7726376391761097
0.7974836856205276
0.9637015615830234
0.5485539702181128
0.9625796826559617
0.7484440247219368
0.7322171007318068
0.8485635729782387
0.9051152131810077
0.8556369847431118
0.8080426381857435
0.665190205374231
0.6551824049681195
0.682678590270855
0.7060866591197575
0.5129165317653446
0.8315588347956869
0.7988277648547699
0.8559763994595364
0.9309370426815641
0.5284653878613702
0.8930744749896113
0.6407864748193965
0.710292792556069
0.9622961257745091
0.9606506825832186
0.9004614533181985
0.7170685528909555
0.6317105523944966
0.7903650106013884
0.5052770883300524
0.8399335606430809
0.534455701600339
0.7546998409815848
0.6602441005592408
0.7973875633303108
0.5127923179422431
0.8553110820183347
0.8835805381271867
0.5166299847484683
0.9115191009323114
0.8575598416818762
0.7175240832489712
0.6681379284390364
0.8965064728032952
0.6834893886797843
0.5135548919401414
0.8162718078809912
0.9565608077011768
0.5390955495302538
0.9961334053289658
0.6343645897904854
0.9056414669395182
0.9621982613855432
0.8753942880029859
0.7112798292236431
0.9719179538137678
0.735412498669604
0.7332862847603716
0.6300350745768055
0.8191121597455893
0.5226703252899153
0.972914585155488
0.7546009316348627
0.5329783925609901
0.9537851868300349
0.6477539255099801
0.5709133763101027
0.8870719685306628
0.5661493922949545
0.5975562308691685
0.8867170593310753
0.9791527554852936
0.6879071428089975
0.7646071351990247
0.9748882973794918
0.6222700519789612
0.5688924503785273
0.8591015786249232
0.6539422773516927
0.832878608622067
0.8988098747352773
0.5232429338764779
0.7325239537268083
0.5665578501782225
0.7777189501359625
0.6465942239156748
0.551269167416927
0.5204301019018989
0.6517586823700892
0.965641423124379
0.869493572658409
0.5928526761387236
0.5677269358287842
0.7682273633867885
0.7713229978832128
0.526454486828541
0.5518113915247373
0.5535259634628941
0.8223058041360067
0.7107838934590395
0.6471269579675031
0.8867376180395857
0.8269231088233978
0.9150124982806961
0.8893495629039523
0.671340223940684
0.6717177906244894
0.8164075936476233
0.5912400963643579
0.8474797992002313
0.5733687181482886
0.5154077119174117
0.8066070728627314
0.9663151705195301
0.525382336659438
0.6668664203048118
0.7658142101241477
0.9671880580040609
0.8548699700642479
0.802783123933069
0.6701658682689524
0.5652757551522964
0.6834570427489821
0.8145498351081986
0.6848954557841038
0.7872200516340415
0.6776143880109172
0.8309191003759622
0.6210278313188994
0.5625382781037073
0.885146900190979
0.6649402492317601
0.8464606106196886
0.707328146929557
0.5653658757632338
0.8697004443104278
0.6352849961616504
0.6068157205351988
0.8740330563678523
0.7006146380055508
0.9384697816489139
0.8379544759620045
0.8558809438471623
0.8524890075005235
0.7889046795883871
0.8280588981170618
0.6189743458086014
0.970397409275335
0.5203624917943169
0.6817037461115103
0.9602579977504605
0.7813560668619947
0.7159750657077706
0.95615697417762
0.9805379546991712
0.8149949720879462
0.7916304268338715
0.8763596402801223
0.6495006567361988
0.9705744584025268
0.5673400692728704
0.6871005182771474
0.9487280649096527
0.9124816651066068
0.6249494571133001
0.6693768163056026
0.6702917459246612
0.904949262577187
0.831035882354483
0.9271537683837626
0.6031217630989173
0.8760946952299098
0.526326298886868
0.6005932855250198
0.9665685790385126
0.8975052689209057
0.6111213032505614
0.5679151503888041
0.5449086009891643
0.722442179830203
0.8069179918749826
0.702224424398381
0.7909675819962905
0.5835265784917909
0.8847385183587237
0.9000436068383223
0.9560464491199812
0.6740228786459506
0.6633307842045509
0.5322966736679837
0.6527815850016032
0.8023174493365408
0.8026560763349541
0.8794100534916908
0.8201545318957039
0.8769072241665731
0.7112234847268174
0.7907021950546035
0.9338194303000751
0.6032224447320609
0.6621668289632467
0.5807742475270217
0.5492924313584966
0.927161577739036
0.9038438383057922
0.5103530431635471
0.5427324160621309
0.950651868266633
0.828492932685985
0.9585557617795529
0.790167981262523
0.6858982645955624
0.965706750091062
0.9462008331401343
0.9826659892345811
0.9701623821470063
0.97602820056804
0.5236118771153416
0.984753166084489
0.7934345056752016
0.7554405195628913
0.550318581222109
0.7188456539356726
0.9345719993312975
0.8598811665554346
0.9573259107975841
0.8631486500483236
0.8845772240053995
0.7296682741046424
0.9958092584490789
0.5189114297017483
0.9387804497637936
0.851399847232918
0.9442454348687496
0.7482717994181575
0.8468218056296561
0.8367995719609282
0.9771890803653986
0.5692524727784856
0.9283328764175065
0.80130840627309
0.8901555141436158
0.9834772136951093
0.8577100782192586
0.8552977584864432
0.5480814579101477
0.8081483435863772
0.8260647965976639
0.8840354520454778
0.73277359341232
0.9810950859141909
0.9215132554696773
0.874729164794819
0.9362174143294528
0.7699392020773168
0.9010292095308219
0.7918045783685644
0.5244405981009955
0.7504227595135874
0.6833632814593645
0.7018730286927235
0.5926760547853575
0.7267352965141567
0.6493354835037148
0.8992245093122448
0.8388043193556755
0.532016245585639
0.569745471709579
0.9886963698921599
0.9695513429759138
0.5595167183506283
0.9712445163860586
0.9821846095608173
0.7920388123095129
0.6206856660575012
0.7476949255762083
0.8957417012250398
0.5205504837139512
0.941810133620899
0.6879876890095192
0.9036328891813049
0.7321962709973712
0.5922033745807538
0.511466994815933
0.7370291481207117
0.8937605101429064
0.55648206511557
0.8069845133843446
0.5852117461093014
0.7043119947215244
0.7913752353798217
0.9831857462482794
0.9115191009323114
0.8250197946825414
0.6988325427476183
0.9466435481570511
0.6806142185139665
0.58976069639584
0.6978518772595693
0.9475354394873035
0.5153193374523511
0.5668339465606329
0.5526751199598479
0.6418749096016008
0.5772854767742793
0.7373043499501997
0.5713985240140222
0.8233202704647888
0.9470385762834095
0.790788052563568
0.6416054807008027
0.5184298565988207
0.5747052172059042
0.5078559296300676
0.7798833993177006
0.7892314075926395
0.5256916963151967
0.8400352758593281
0.9137556711041883
0.9312044843522159
0.7754064351400437
0.7852473639519221
0.9087921678132144
0.7217467471444963
0.8770471146474682
0.7228933734525546
0.6079750561149047
0.5558312683171144
0.9467401694477511
0.5794304417062062
0.7467862762314009
0.8701591578205855
0.841453268461531
0.5276709520896766
0.5751360563871168
0.5125754241539393
0.6157374922267423
0.6776388042360179
0.5288608150427312
0.8693377099197674
0.6019598953631766
0.8729209159764512
0.5392726889573608
0.7676487622639788
0.9912455311377387
0.5078245353100106
0.7417004291260219
0.6717476046467484
0.5094778380061744
0.7737913872763355
0.6001498415417101
0.9822141841157234
0.9290472889767512
0.6640006046771835
0.5174344092956971
0.588897503156952
0.6766868698144459
0.9440202063647477
0.7612150064957534
0.6927532059820557
0.8147640288703277
0.8619648979584047
0.9929303954804825
0.7913965947694882
0.585479805985236
0.627990366167753
0.565676656138136
0.6665759198355283
0.9136195284652705
0.5402223812516608
0.8589464650677302
0.9154625911985621
0.5634521486134689
0.585652142887082
0.8508126240985703
0.6344140921168049
0.6464743200074561
0.6373824112852398
0.8008955423524944
0.9924772096677545
0.8896945970263236
0.6770668794995469
0.8327154095519715
0.8141766820907093
0.843183673661227
0.9627374877663976
0.6495066339902823
0.7739490395268944
0.5565400396090087
0.5820898275021279
0.6107825953823738
0.788477122560479
0.7563485438570673
0.9293948874864211
0.854500936616655
0.7853840913929336
0.5393222688879699
0.7709081878752702
0.5642415628772818
0.9652200899656359
0.7474539966561973
0.7288685554549311
0.9432836672874763
0.5354668799758975
0.7909569414905252
0.979592404792401
0.8788741084929399
0.7319573352688828
0.8299966401440809
0.5550041317591413
0.5749934702006302
0.8956258137029961
0.9789222423070142
0.8722495418326048
0.6556522293945095
0.5927538394074922
0.7098631011067261
0.7995155624492629
0.5899875653992217
0.8827375351715376
0.7905840012006575
0.7548282354715834
0.7062433154940523
0.6391436429632043
0.627814875708948
0.7170779609373709
0.709760552970996
0.5898689228921482
0.7276199134619088
0.580185826158597
0.6133583174970015
0.5616542515301247
0.8990168848484889
0.9351510073233572
0.668780528582588
0.9421465949874894
0.8480314005736183
0.7359500711109068
0.9189497582367212
0.6642628743528818
0.9636302913729071
0.5349214089856371
0.7328495468163749
0.7136618069094021
0.9441153771527481
0.5120158380831114
0.8047633269623897
0.5879889334056595
0.7317986830381472
0.6975962650933544
0.6341084782397217
0.6523651490975415
0.8786140532618024
0.719275142218693
0.9544549091869711
0.5077652590558025
0.6302836634618046
0.5684792764865753
0.51081423929271
0.5140551522882963
0.8470434972298784
0.6278792234216014
0.9172877468411271
0.8757882495260383
0.9312273552697989
0.8978836390396121
0.9123529912733754
0.9696126765693962
0.9700368708161945
0.7899825924432498
0.5424923874371711
0.6726637372890502
0.6805494390016178
0.8155254642009847
0.6030501665043662
0.6305058866578147
0.8084352385237195
0.8365849928283713
0.6621023554136787
0.5237039369098482
0.9025931787176609
0.9812229439399026
0.9893629426398415
0.784795776694997
0.618350314943798
0.8615965982018172
0.6566341485083451
0.5138422355396314
0.7854953515088593
0.6920131473647779
0.6187650896815137
0.785851465234708
0.9144663215261644
0.8609666184354269
0.7423849124239337
0.5243655502332087
0.9236983568475126
0.7602122413586517
0.7092927434072598
0.6811553785629595
0.8320866847931376
0.8302617804394832
0.8080012695705923
0.5369597317732147
0.8984674792348903
0.9863818377615982
0.5664951821254471
0.9765472561668899
0.6052671117097508
0.8488568764320086
0.7620077397851274
0.9805123556744058
0.5665989387961952
0.8420685475645443
0.8662719645433156
0.7739131969682523
0.6776846496473362
0.9783056106723488
0.8221236799176583
0.7184419915546589
0.9511024783903073
0.5055079742204066
0.5584233375428046
0.5105473638600395
0.7758389632100026
0.9505640379701424
0.7037040758463046
0.5790782060925499
0.5239025291189553
0.552603588629463
0.5347015234729849
0.6255395902620853
0.5037996693700324
0.634116743306901
0.7766060352619952
0.8102842308506275
0.8266365374095337
0.877283656953032
0.7024253094873107
0.7490621469243609
0.7866035746906171
0.7130149642250899
0.9622129665883952
0.5765228139017059
0.8961496947967735
0.806867489806294
0.7037464148956774
0.9105844121320165
0.5202475530007205
0.7040418352849727
0.5621354681958173
0.8215124221826728
0.5991796834901261
0.7780700218331047
0.6576873548777837
0.5602342527689995
0.8433050749099921
0.9274804607391052
0.8162137382694833
0.674087365507793
0.600936858332406
0.8292639397765501
0.7308246407901172
0.7199435529435008
0.9382353999367671
0.9481869300024338
0.515091208915922
0.900125331081776
0.9356014949390085
0.8983786734180923
0.7792068255138618
0.726450846533585
0.7651004676039986
0.866440591937222
0.8586275805663116
0.8539644217333835
0.64653480989316
0.8028372885351523
0.5755642770005002
0.5385356467852361
0.9375204238399971
0.9782206003899914
0.920169844224789
0.9051874929037459
0.7628491342989153
0.8860856010958009
0.5828841889586878
0.9710210334296663
0.8833105694608604
0.8192691379005136
0.6416811545276142
0.9918395499935544
0.5807646880811905
0.8824234372049067
0.7842707546346249
0.9564895430228907
0.7955938474830141
0.6997123085712907
0.6072825720472658
0.5215304920921024
0.5382150227904904
0.683056719145881
0.8228226309798019
0.5239037747797864
0.9624426674996052
0.6130207301412484
0.6648290520517207
0.9874953953870734
0.7850154564611308
0.9303993716521634
0.9332492618783542
0.766705438618815
0.6456613597279715
0.5450786728768977
0.9095923860644234
0.9016733136240682
0.6242892170079573
0.6208241381293114
0.8767495077216821
0.5859645847671543
0.8920466580152152
0.9248602397240472
0.7810702750177276
0.814122744132953
0.9180732584987946
0.7976931300914122
0.5928556858262316
0.8698105790170108
0.568540035229713
0.5230645078797779
0.5610149220094908
0.8010871720784543
0.6034473560715727
0.5968123800197188
0.7214596267991673
0.9596519842075522
0.7116110351723328
0.7869899938199088
0.8906038916574633
0.8778886069836811
0.7547722512139271
0.5858172582669927
0.8324876925910453
0.9842298387423238
0.9823528064222442
0.9595862341729438
0.8067377791850873
0.7754470521837973
0.7183058452300124
0.5131089197303252
0.5268660333537597
0.8478700587101946
0.6708910755585302
0.6268491038706813
0.7567039141976992
0.6615985924889164
0.9927577626572748
0.7247785199746234
0.637939230151876
0.6300850030582674
0.5057514896493436
0.8166431384581864
0.5988576065897823
0.5854287718468136
0.8407458542526376
0.755573180818585
0.7707818996476542
0.6185678198237852
0.8011264556592668
0.5610307958037922
0.8487002683891973
0.7609135655913472
0.5489264100862247
0.7065508830524125
0.9943836525601117
0.7941254745584129
0.8496771519929347
0.5604382281035373
0.8940850639489931
0.5560003270493429
0.7889530240114312
0.9187711527272219
0.8910783554597783
0.7196028184518853
0.8985654869253052
0.806181861796774
0.8335851163872119
0.9480598690840766
0.6590777875550177
0.7265112502298697
0.5548854677440479
0.513204662776446
0.5503350565412991
