0.5419936415322765
0.904697490107768
0.818680851970051
0.8154054739005916
0.7811175548898709
0.8280545168662803
0.8564912455304688
0.5146510834211129
0.8752776998569709
0.6987258205648751
0.6296684264849232
0.906669326528873
0.569658737095213
0.5060411820922472
0.691533078412032
0.8294291940648708
0.7510415645518184
0.7678488691029345
0.6717735371101452
0.8684841901149716
0.5258199698615517
0.645717768155704
0.8745374050822655
0.5054750291852478
0.8041972362403905
0.9372286852947576
0.7823546267085816
0.7006667812909372
0.9766451661497619
0.9216254019087379
0.6632952331790568
0.5257242136565962
0.8354330411770129
0.7449260316593449
0.7380840355519921
0.6907303466308796
0.6955277950027731
0.6404279042042137
0.5976102020197585
0.7214648723863462
0.9629234777612736
0.911992852485405
0.898734625297228
0.6948760664125321
0.847883741360391
0.6554086282221295
0.9820523801244685
0.9231337334289499
0.687945800145748
0.8532241683911874
0.8767000307267944
0.5268312969907737
0.921161151869276
0.9445284106423598
0.8925247032816267
0.9187543535748307
0.9299912315179634
0.8906013832671601
0.5517343263571219
0.6196451258164282
0.6010683728212994
0.7038639614175539
0.975928036128191
0.8530183795266933
0.695243517743667
0.6853818040814394
0.9358570804454247
0.9018490499504702
0.8458942408244942
0.7895923519734351
0.564405973659763
0.5736382454998556
0.9353815961567105
0.6948880553149724
0.9118525625045523
0.5560251161263001
0.6648764463162322
0.8535965411314087
0.7893465895699218
0.5955949153474978
0.6716593915111989
0.575215144362476
0.6100959261108051
0.936580392829041
0.9435392595540726
0.7238412813914251
0.6386615449941506
0.6601865919793032
0.5504377356646052
0.8762253391573754
0.6022066641218096
0.5548358187769016
0.7004306638961901
0.5700268677907102
0.602496082527474
0.8235803618717915
0.5533399669404159
0.8433230378934863
0.6246358028616127
0.8937057545537225
0.7985323421398625
0.526305488418443
0.6828021444753132
0.9485850347960778
0.6879904643024574
0.6282745862843584
0.6416066867051871
0.9714234693691707
0.6853777365627298
0.8188025964272574
0.5953358311942669
0.8040609379568036
0.6844948525109579
0.7497659735538776
0.8512881240609749
0.6665481464153487
0.979174563183869
0.5959534485376413
0.5293898915151042
0.9158658938628476
0.5262507746681258
0.7778622254620577
0.7651099737881134
0.5379635164649069
0.9780091267292094
0.5305123822880295
0.9422613421286383
0.5745694059557875
0.6038890736568603
0.8461183124310981
0.8482169415686795
0.5508799642392412
0.8061767156456391
0.5653706207532602
0.7368127799399972
0.9494162453775802
0.7808070069462478
0.5267913503851259
0.9979973233732965
0.7866085028069273
0.675417682506543
0.6607975345990219
0.8839507374305691
0.5747797932494341
0.5053136744725586
0.800162140231529
0.7832108418163194
0.7195441899594202
0.8050690721429844
0.9288907812515412
0.8366847210171836
0.5893629392687957
0.7213276236151501
0.9170972645918832
0.5420717209068693
0.6368929972899924
0.5539183948186294
0.864413840353211
0.9873596415252222
0.882285201770513
0.7316317583363563
0.6127378946525249
0.9175033714521795
0.9037991513394087
0.9764180010250786
0.5143847898729486
0.749667869022168
0.8905555932107325
0.8299340679403575
0.7788402206186466
0.9013215137780387
0.5395215497198502
0.6523059311513127
0.7133041485416418
0.5879480876893864
0.9921416741868345
0.8459642066004767
0.7638796850140164
0.6432485685400064
0.7108161397986453
0.5344194908468789
0.7335395537387307
0.7162616623647192
0.9549873960893512
0.8705021661882333
0.5329276545727908
0.5452486787598443
0.5516422140921301
0.9743775060287528
0.5110393164814716
0.7061160440513509
0.5190634573011909
0.7140082855213828
0.5995723766113349
0.7176034858730359
0.8157204473596662
0.8691568601445867
0.757095841734723
0.5571670294868298
0.8350656264073828
0.9488672107192451
0.9685366893160731
0.5598922875208053
0.9807163226640571
0.8417283657144924
0.9417635471794611
0.6041179956063919
0.6256295709613011
0.8363152275423094
0.8670983663575965
0.7620846849129765
0.9919375261133291
0.7926806556336857
0.844602235659677
0.6418046172188777
0.9450261317272131
0.900655812484514
0.8070638885651568
0.5147053417528306
0.7935730559980645
0.7733583362085605
0.8222274643469717
0.5484582386369075
0.8636875408261034
0.7501875698921032
0.961889899981618
0.8944328010853785
0.7980500804135068
0.8169239253128315
0.9441130418461227
0.8719529100821415
0.9535088705146036
0.8487042737624494
0.7419305726113375
0.7597210884042267
0.6354476693580153
0.9846592177891067
0.6024632084602178
0.9731723468286477
0.593360609366748
0.7505714241182313
0.8447506935011823
0.9518207215707694
0.8312262502873257
0.7601581862512385
0.9312240875586425
0.8339064918157975
0.8688360545871369
0.9199148843372743
0.6083833126444816
0.8877865736113254
0.7643554218712585
0.8079309558727761
0.9457168839722966
0.5230456735023276
0.8766697971952525
0.9518780805420018
0.6261182218530613
0.7022795731637833
0.797335960983483
0.756529565449379
0.8636878206948216
0.8384127452301291
0.597987587402293
0.5426386463967361
0.6417305027953806
0.8037578494680983
0.8171446557065131
0.8646628755796779
0.7874259937136524
0.763900027318059
0.8379850755024602
0.891465813774388
0.5743733110330667
0.8789986738611794
0.7682940112369842
0.5437947556191567
0.5070821873808028
0.9000020803016989
0.9033912176937601
0.9501873316758993
0.8565680281299652
0.5618296938813532
0.8585865423714144
0.6711294343246041
0.5408867810388807
0.5498171996209928
0.5397243479592708
0.6287632539586905
0.9241044051079074
0.5548645437586455
0.6472495016221711
0.7121730639285881
0.5700028551159158
0.8391004420229523
0.9876990671658897
0.8690601183095712
0.9029526572244346
0.5063834973324673
0.5290061298387623
0.9078059518770957
0.5879265195354321
0.9851780225594763
0.5096038152320436
0.7308295634621125
0.5144428642450602
0.6670563880689432
0.567853551885113
0.5297978771209937
0.579666145218499
0.7329568666037602
0.544978435062082
0.5103765258374505
0.7567742833812013
0.9165080432307664
0.7165082637491162
0.9475036785772293
0.7776786057235742
0.7057509978428702
0.8049661829930745
0.6874838314397664
0.8573762802124247
0.8629486295045886
0.7274069824685008
0.5180041349466223
0.8136501899618274
0.7677086248837026
0.8416123056338639
0.7092207947649001
0.5745182869500274
0.5129002419053953
0.5696740690215701
0.6182980984305054
0.8145877435882148
0.9908632850269129
0.8444083789918592
0.5154794629758274
0.5848606400339899
0.624908869974972
0.8244556626549152
0.9779926116855819
0.9049764321271629
0.7463607580606899
0.911229214661583
0.9008141596963178
0.5285536241909837
0.8420986829946423
0.8129860337424696
0.5159416192089616
0.5393484456043283
0.7038439735385592
0.5791383362209521
0.5406989522617643
0.7760356400375114
0.657705412785261
0.9223803660629054
0.6245257407915202
0.9335172501166495
0.6159213073027858
0.8196364608426504
0.6498940968389421
0.7806205230017176
0.8113834019163755
0.8800810700106332
0.5195632363497225
0.8247958934186574
0.7633898126414977
0.9793649213127739
0.5592742698685009
0.5059505252664267
0.514904877634892
0.5492970747761898
0.518926319312322
0.7045565373708172
0.6460692080265187
0.5344939326258005
0.9132541081581689
0.770431946090604
0.7732522648177903
0.9381927936133958
0.694967051645042
0.5793109557659718
0.7169567344680703
0.8191130111351942
0.6173435015585236
0.9788377938774776
0.9557297926383955
0.9484727169957617
0.8813532192806592
0.7469343626699254
0.7028119349702496
0.6226078233616903
0.9798593448903928
0.7899173641189406
0.6171231928977571
0.7322848541909586
0.8014837963717073
0.7202060467261908
0.768337640762174
0.9221330826510266
0.5063502945874007
0.5452567407622982
0.6970622097684898
0.628956451795317
0.6689655180346185
0.6825595754559175
0.8370737507301174
0.8319575000259275
0.7801707280662894
0.6947403712359852
0.7899901125975769
0.8042731120720784
0.9911469522314782
0.8766272555457941
0.6439385944841739
0.8387213232443812
0.9413395989075604
0.7047060071628234
0.8646722782727222
0.7059095863849102
0.9243104307603474
0.8136938110879176
0.6537434400295472
0.7945781694208582
0.9894848471935446
0.7564154065297778
0.6037128426431122
0.8243291200535219
0.8529996059154455
0.7054328680279657
0.5098002853866931
0.7450234566091025
0.949059429233951
0.7323850886704918
0.9059311818875627
0.5930877407377118
0.8757547118982868
0.8470183006851915
0.7141948238509531
0.6268103399099817
0.6207396204525804
0.9691212546811073
0.9888403891620269
0.5694381538854747
0.5252852044460907
0.6013015050000423
0.5394818115215397
0.8460067221268825
0.8566571586934942
0.5323517083497198
0.7049959628281024
0.7043132127217209
0.6791773165039271
0.8993637678759565
0.9207640931852525
0.7968727087195574
0.7527166035718078
0.8211336322609996
0.575390155098277
0.9510963576644769
0.7266534070842244
0.893842403573054
0.5949818652814429
0.5444436805081461
0.5885927866544951
0.7567158037670736
0.5178273139619367
0.7030209365935768
0.9617568127108787
0.8173598490404712
0.5371699470169802
0.8741287820287811
0.7724526620455834
0.5403051107235498
0.7515559218367202
0.6515070645468419
0.7546894512952877
0.771881995760096
0.5859378902744096
0.6256875079018275
0.8996573354194529
0.8914140722256473
0.6883544386540351
0.7895937119619373
0.6930225325652442
0.571979176925675
0.720220277292365
0.5751292496473528
0.6567692213152261
0.5497095049281013
0.8327173136819581
0.7042222158540659
0.8107143135798885
0.9587648913185882
0.8984548719695074
0.5501807458396352
0.9086780245851772
0.6533960735152147
0.555698502731261
0.6591802787725524
0.5194886083389352
0.7800997620283168
0.7353019333858287
0.817581277582779
0.656945643612044
0.9726168040594309
0.9688467690690112
0.8028157358226685
0.8708162206410558
0.9200034144554842
0.8721779985053213
0.7733838225036432
0.9677403791393444
0.8537343896798908
0.6101433759471395
0.6589507894987551
0.6632995987503763
0.8115880630163755
0.6745040515650885
0.547376412728157
0.5743345743115384
0.509269014318002
0.7641062544266507
0.7268990075751409
0.8580881500347575
0.8117885896708041
0.9768268850777555
0.8384201157287144
0.9251910908551964
0.9658758458929676
0.7477793369229513
0.8644077559182576
0.7741003761718106
0.8696877267291637
0.886623804284189
0.6601865919793032
0.734476492813488
0.9675650971078348
0.7320216198024574
0.7258035011319814
0.6271033453430152
0.7440973434864213
0.8454047741808044
0.7452446559359286
0.7568187428094441
0.7269543876586263
0.8571508160870832
0.6542182288659782
0.8763866599141936
0.7398699573925863
0.7185064396254282
0.614739987777937
0.8539630330992417
0.962983369012192
0.5481322481154307
0.6852403173619562
0.6855525282696644
0.5895527313621131
0.966431721368612
0.9001135297581072
0.7273666585894328
0.562762444782075
0.5746116342089325
0.7823913358959628
0.76096615268854
0.6351139709922794
0.5906946179872213
0.7547985836684687
0.5340175195818493
0.9907100730885808
0.978458735408969
0.6958211922947074
0.59476300561892
0.8649836882990614
0.9339345981372903
0.9284730164923527
0.7848795875603988
0.7908700511516478
0.6838781050886593
0.7501074930371581
0.9560577052918209
0.7651997553859767
0.5132350503554456
0.5386348941548439
0.6572123691297884
0.7947677591837748
0.8436303321076557
0.5786635400938476
0.9933017421729925
0.9046654960620487
0.9932389372284266
0.993370336943569
0.7596759294486879
0.7846007653845812
0.8349099725319634
0.8278759095826632
0.6096515753176149
0.5132479316709444
0.8853995289382774
0.9075557186845098
0.8144609612848138
0.95894912273246
0.58591647843766
0.981129334682963
0.8859077001872553
0.511820135920537
0.7580462282115349
0.7685050031246388
0.563095426498454
0.64391414345157
0.826344932017537
0.5878973252881591
0.9546458625028948
0.9824927806260181
0.7703789816105688
0.7334216506963716
0.8232557016460921
0.9828245721418366
0.5690927775806663
0.5209312506466448
0.9595233979226461
0.6025627486413951
0.5840227894413285
0.8886912842859321
0.7835039162342948
0.5550264270220148
0.6345784783453255
0.6023149572248558
0.6253204170818595
0.6647247152392098
0.5877198769252302
0.649003736301192
0.8521397070030985
0.8043063213496761
0.8597072195728329
0.6180063367023035
0.6280273407294678
0.766630549751929
0.5236648604244112
0.9065956255353316
0.7100213328651485
0.9458935350446059
0.5368598244511993
0.8656074485603784
0.596230784789493
0.743319197270397
0.6838823238804581
0.5742474776165355
0.7762267836587711
0.8862112598495079
0.6226986756169149
0.7429584307750436
0.7011002171644727
0.6216418237218257
0.5803585596280574
0.6730933517104568
0.6397205548714512
0.8499092742691369
0.6275332212024984
0.9793068968969123
0.915796963216217
0.6658466204433336
0.6109998909227097
0.7869127545679209
0.8874867628944949
0.7761494042526347
0.8160391874514934
0.618294595250712
0.7999681475587125
0.6461041122046777
0.8016733645855002
0.6057344539243972
0.9284857507743955
0.5409332244516574
0.7341366054459052
0.7762537277334653
0.9788232153223075
0.9927861926785523
0.534614922124916
0.659115630097213
0.8319303427751813
0.8885826982566393
0.797014406852224
0.7106751423361212
0.8023145268930459
0.5461293734110534
0.729934646753819
0.5359180459030156
0.6711391932052496
0.9038796919077813
0.928568041046795
0.7324946659100248
0.7682494913859403
0.95641527688708
0.749096126474975
0.8364606834446972
0.9275276701994555
0.9509203412751451
0.5607553261153074
0.7093648853021478
0.9362641184627661
0.6258975220786556
0.6324581196971603
0.533750356019977
0.5363467209337679
0.7353711595716685
0.6458669671395911
0.6995257713591377
0.7518803606895137
0.8206573649988035
0.6440513611419233
0.6192956118632751
0.6223241642508656
0.5776475653017018
0.8909706669789513
0.8052624141867257
0.8867717831990762
0.7894349413133377
0.9910825158773499
0.9695900074813752
0.8064664272868105
0.6331045086391501
0.5891038682869058
0.5516594717010804
0.6311994801231932
0.6665059189586195
0.926792374941623
0.846662311397061
0.5041276061427797
0.8278720265480471
0.7809010878099358
0.5752306102827558
0.9506164799183932
0.8196322179042231
0.8420912998634302
0.7309140324803971
0.7862919212914717
0.6652262909911475
0.8109974849210366
0.5391490604341815
0.6491880042437718
0.677801637114644
0.9023147790730941
0.6581391376536555
0.9383446394785697
0.8885842497515953
0.5701760543865461
0.641846998665767
0.9733775032881862
0.8559268097395822
0.9910859001121909
0.705754928362639
0.9407029755940657
0.7919638452836761
0.7352545811299543
0.5483800471262519
0.6666094823751313
0.6392799542125644
0.9596362135667195
0.7417864980293168
0.8474184759145499
0.6121583880162182
0.8498137989902834
0.9360094943410171
0.5781691049373762
0.9194508474690797
0.9777489221783425
0.6137411611353686
0.9604673554198877
0.9727422207817357
0.5486039637246807
0.5186767727002596
0.8999239865897947
0.8052133543920592
0.866407297941134
0.7908317155398877
0.7566582926926001
0.7807316671685055
0.5822342900296109
0.771315752062375
0.6756574129853772
0.9769803942650892
0.5922936383728229
0.8866498912655185
0.6488916451755994
0.6295305786557425
0.5649886256057961
0.5587132723753544
0.7832671077139898
0.7887374085741673
0.5018393839461288
0.764807132657162
0.7350464487572058
0.729253657448721
0.5067691656073506
0.5903779374681202
0.777510637057243
0.5662879214754367
0.7664260364570415
0.9058430967573676
0.5575833486886875
0.9590532157715315
0.7873993854952854
0.6562862593034549
0.7649188809099089
0.9727400877883531
0.8617304726177427
0.5392296950485014
0.5614496087704555
0.7180523480673559
0.8718301152274764
0.6023059326023431
0.8322074431241228
0.9857291302494877
0.9937309615957535
0.5782268017794064
0.8862293115547277
0.906288282495824
0.6842164059742367
0.7518778391840089
0.7786665663407808
0.5169505672295678
0.816564438102361
0.9231472841258797
0.7790084945429613
0.9647344755859424
0.5353539223570783
0.9063739484819653
0.9349699706469412
0.625387685852007
0.8963262949409802
0.6485044900375388
0.834817702510509
0.8086344186447176
0.5517914251362012
0.7270269557348967
0.5544630428711232
0.6531945988149906
0.9439488865992525
0.7429914384633771
0.8264909257048813
0.8189771163456859
0.921051106931923
0.8799632308502106
0.5913130575669739
0.53086736830859
0.7846759214624964
0.881815145622386
0.8336410472916714
0.5625023951576277
0.9157627947539394
0.767886813941692
0.7252795984671782
0.8065413297633022
0.8358099758146808
0.8404639771511798
0.5474041966275601
0.8466603231049693
0.7345929372705976
0.7664134899731737
0.9003232858136383
0.9820532111179996
0.6195256118824393
0.689756670956199
0.8502171413069783
0.8983322235387602
0.6990250294960028
0.5828043328808052
0.8021778218467264
0.9031447629344732
0.6426841769111958
0.560210654962867
0.6001471919653507
0.9003603006645222
0.8246448501669059
0.9878736296251244
0.9244040578754483
0.9847561591420074
0.7186956486775686
0.5483105210325596
0.8651102571834829
0.8871723844806799
0.9162061042391024
0.5216637681834975
0.5356830179001073
0.6493006283758339
0.9393860300965352
0.894746147400591
0.5639779379103442
0.8406504534373829
0.7454892457760715
0.8001981214362571
0.9652255707653401
0.5569527837921323
0.973671678721403
0.8665594285158773
0.6344062414621354
0.5369139205374227
0.6954191948971528
0.9597367148563599
0.5211653985360154
0.6901441313774925
0.6295994780507582
0.8480663882618857
0.526397226215895
0.6232972372244981
0.6124303717562478
0.5226291522738402
0.8864906928524298
0.6709410740536388
0.919055620591382
0.9940881389070206
0.5355293771009573
0.5265067189164138
0.8349640301505996
0.8013391948728293
0.8135310396007704
0.5817357883122526
0.5581574099128208
0.8990315665307698
0.8758200225468918
0.6352289238573762
0.7673327555897573
0.5144509831693631
0.881621130690448
0.6580932253515493
0.7159765116058081
0.9792553667536463
0.8693201466929334
0.7419176087426433
0.5231926776692779
0.5296889898132627
0.7276408980155369
0.6435364203019136
0.7087073422940797
0.6101132789167559
0.5210367006009285
0.7095917299706729
0.8831955084220056
0.7441459421057606
0.5761489506065253
0.857662297452066
0.5643303560989513
0.904014133874198
0.7600102344885769
0.8575088406597426
0.5935844553522778
0.6451251829588008
0.8922434579367721
0.5412770514412306
0.9439249226930941
0.6662342704362931
0.6601458078676695
0.8964536550288772
0.6090972055003703
0.6197947120261155
0.6998873728207218
0.9040334177133211
0.6219253741965307
0.6938684099779542
0.906310284320276
0.7380586463534792
0.8927638590277892
0.8202154094194412
0.7775064102928241
0.7832552911774486
0.9618609888180261
0.612783595750464
0.9093529585064165
0.7467523253101037
0.6661677127415145
0.9528589867831695
0.8894691207011626
0.6987954385403913
0.913399388143003
0.7908155821023132
0.909021579771142
0.7301868810149919
0.8519985343309482
0.7734289075590242
0.9577107895257267
0.592544911968335
0.9075283393679038
0.8775378503157907
0.5233211262090955
0.937038649413736
0.6353041571957145
0.850203602335659
0.5688201979736414
0.9385595384748743
0.5906682351180851
0.8360095013640275
0.673583290707615
0.8440465622270934
0.6605687607392966
0.5784182273635201
0.6318812384916437
0.9376274396100297
0.550967116641232
0.5465429979545822
0.6318246422551383
0.6437772225361418
0.9190190005834614
0.9789211895635364
0.6573953274537072
0.9695071689271357
0.5064909927706608
0.8273351756216218
0.5201397591172273
0.8581699017706722
0.6612832564297443
0.5190582146741012
0.8878880407537448
0.5402594901533853
0.5086296629141717
0.7991570434346282
0.9016193640552963
0.752832389730465
0.8776977340635944
0.5292456090766391
0.695745708477477
0.916206395591284
0.9754410162329977
0.8774233083937987
0.8531712909488572
0.5239033099695012
0.5225104970682588
0.9848746054886481
0.8090629904404513
0.9104522762814758
0.5476555260591535
0.9677485886888896
0.7101863816310601
0.8455311833797231
0.5861410731304667
0.5925605419500595
0.5493358998330599
0.519066723361331
0.8054457825231612
0.8943699284507604
0.8812452112915551
0.8793609455355906
0.6061119164527384
0.6955279741802687
0.9045518056973387
0.828784902852453
0.8440668716754883
0.8526648869076325
0.8680436570496246
0.8077088359364448
0.9636640224421623
0.9492747040864079
0.9649022145576678
0.7196993048918986
0.9282605060402845
0.6070053305942034
0.6202403177827864
0.949502859282741
0.5125602199940191
0.6897077105870104
0.9616178975099787
0.6250203096872265
0.6248300244017604
0.6806394967291997
0.7895367494461568
0.9845151535432302
0.933714025085629
0.5926080871105772
0.6053978785135964
0.7463800123629045
0.5113619747063781
0.6334779801009321
0.8256923987254223
0.677784217652953
0.5030850141237063
0.8783904085266699
0.8384475297121132
0.7066814472952108
0.6597980536322897
0.6931281155511315
0.9717632593322628
0.5345943582056458
0.7898651478643333
0.9084516260322377
0.8126330251133026
0.7466797914907217
0.5224343529414656
0.5166796273063252
0.8627117592568385
0.9810484413700707
0.8331756623924781
0.7546950508417124
0.6333339101531433
0.7584467043418962
0.8672474172600336
0.7986986442403226
0.6393649306463001
0.6961620559139535
0.6305843830290501
0.5651299776917124
0.9262199600332651
0.7634557037124199
0.6598818147948398
0.8974206739415269
0.9062545897231323
0.9727583931270181
0.8906718214699565
0.7012797988224374
0.8347006846735106
0.5611411599986406
0.9104152396329744
0.6085839714129548
0.526400726721504
0.695598581881908
0.9880132773080786
0.751744757141664
0.9324924420901177
0.6077685368812606
0.6999353507148103
0.7765090873776619
0.5667553875770605
0.7984446648872986
0.7660541153724084
0.5634626742464596
0.9830214059180848
0.9659491193680656
0.8173615261763681
0.8130844345711034
0.6784486178330452
0.8328378427305809
0.9504282904445924
0.8582716080714946
0.9495385398030621
0.7476843064810041
0.8481258003382668
0.7472480933291736
0.5640147484044853
0.8145770537801061
0.7402534163128002
0.7884913740055075
0.6449669319969517
0.7531248460285898
0.884329959752123
0.5745381416750559
0.952018347544308
0.8203657704048847
0.8999215756228311
0.9270653260294823
0.5130789576125625
0.6621060353373988
0.6011287238812527
0.8529486181558328
0.819413819851218
0.7379756981659233
0.6669013766423206
0.9160352359362371
0.9332042340216004
0.9292685224494478
0.6399500324190113
0.9023875997194076
0.8508180390350084
0.7435602842228287
0.5900392610148149
0.8012752747330835
0.7280662773809012
0.5295901588890906
0.6818152364295924
0.7291081303537138
0.569878905846284
0.826176091857607
0.9340822452760842
0.8679342041411754
0.8230811000389602
0.5619808145780884
0.6653471969238506
0.5523381986209785
0.7150574520514708
0.7054097918776251
0.5107539609038326
0.7374031633264947
0.6303455551240478
0.5202103607655264
0.8139357576793439
0.6774665449965026
0.9036861315337502
0.6326552197632768
0.5104935339706771
0.8094382646720777
0.5547407150166048
0.7902695083947997
0.7763819711925102
0.8936070632917917
0.7356506118744262
0.6020610263502281
0.8767459342575445
0.6165036516277931
0.9384037799696416
0.915450262506338
0.7176296258017297
0.7268795382806486
0.8998783460481824
0.5833062562502748
0.923775425885366
0.6267273694575893
0.8766787688702575
0.7363505140571062
0.5123000486529407
0.8319607416347128
0.8971114914760356
0.9309441467958585
0.9196564112184553
0.5349830693116928
0.8208651925943147
0.7121784848994386
0.6903319408929406
0.9892984605337868
0.8303000177461545
0.6862893727885457
0.630620490035678
0.7769215815128377
0.5364522363028499
0.8587162876179834
0.9803137653409802
0.7169198809707138
0.8291420454476316
0.9099469338686521
0.547028761950373
0.6667938452337098
0.7874962151642505
0.5334995106415645
0.9021352204699192
0.824103559208076
0.8060212139731278
0.7298305469013393
0.5492971473106829
0.6584077026868577
0.9718467376323544
0.6087648446344401
0.8443583897067634
0.538769638125103
0.7724677067269479
0.9914391858334964
0.9196580029590025
0.7834011958958303
0.6047556183978681
0.5247689475293887
0.5692303863199556
0.9435386865992392
0.8763503879140093
0.698381666865602
0.9318847308612725
0.6841621070067505
0.8081797043874159
0.5580464279286442
0.7834275583033443
0.937822789907953
0.7608654963836357
0.8619504828869144
0.8197048034895636
0.8119458176778833
0.5960501168830795
0.8623062662398013
0.7203993881869034
0.663097835188469
0.776317407005943
0.7366337923762659
0.9350699684075021
0.5798734411231581
0.5451337964407319
0.885356353424007
0.8028630431519933
0.9783962550799898
0.9155473489324645
0.9468912893931339
0.6612757239034766
0.525724571082697
0.6219135659609563
0.7150069173942055
0.9677749517356632
0.9168260582387449
0.6884717129973218
0.7563034543137486
0.8157533317703637
0.8933266554504489
0.5986857800782599
0.9529061476411075
0.7078938130995812
0.6276402299025226
0.9883645309958213
0.6480459571256392
0.5337540890300726
0.6140159725074632
0.5199189049714622
0.928505339614553
0.8499284641932047
0.9909668753717733
0.919672318972449
0.6597557999109853
0.7539843190320343
0.7205445186078859
0.7868048731300286
0.8232343266457073
0.9189979637344711
0.98561905105796
0.8043130898750005
0.8073487249548502
0.8006827744381684
0.8088661847690994
0.811028975454052
0.5543520300839458
0.5214373352145969
0.8573902177296534
0.5644284076876181
0.9232166266164658
0.6632907251424826
0.9000356868719422
0.6186823862450794
0.8532088237871783
0.8137781831793435
0.5149676682321049
0.5731202337414286
0.9917372597428624
0.7167691946253516
0.9326665495127324
0.8124785268807259
0.8270855866257192
0.8395115144813599
0.6651387272996793
0.5620314475115269
0.8278480529396463
0.7825236008854809
0.5752705970085373
0.9128444776203894
0.5167071151061529
0.5977280878159761
0.5071068292065728
0.5607973851694258
0.9430461204732952
0.6033884827115068
0.5767377470081428
0.7911948492823262
0.8027700571316708
0.8419682471245067
0.5852798966939079
0.9356337848540199
0.7287268741165392
0.5495762857086349
0.9565683078897804
0.7464973881939937
0.9899129228222371
0.5056921459810637
0.7976419203096156
0.6368520361467868
0.728894929933468
0.9563188707865693
0.6757188591959143
0.7213395576884338
0.8420352875001496
0.9260230883844034
0.844568206161108
0.8125035442719563
0.551637382895724
0.8249070452994212
0.9309810014914476
0.5031836443904137
0.6882268238796205
0.8192429281775643
0.7497291419679426
0.6794464559680984
0.6864312725265288
0.7305572192212545
0.6442192063949301
0.5924115526703225
0.8815459662728006
0.8265257516004704
0.5679431411228679
0.5203369300810599
0.5354838866660767
0.7510445402395199
0.5611556772412604
0.985083480990442
0.5245881794514481
0.7115862556240842
0.8914864690600928
0.7625130646406657
0.730871519233925
0.8749656159346713
0.7732842337121734
0.8132166636205479
0.9339132258175878
0.56397694312111
0.7601252595456504
0.7050354268831753
0.878307511087316
0.8735263340317808
0.8863245892628347
0.6806923519454515
0.6938200416126831
0.8960283312910191
0.7006416721092402
0.7981822002678757
0.8268343395920211
0.9662748141571459
0.8009990688733307
0.733934748044187
0.9828052486293344
0.673599763712849
0.982787550474118
0.5594271742863508
0.809513909835673
0.8884812484923932
0.8686133614283269
0.5862728519344397
0.7350764185019566
0.506578159569001
0.5827523522668826
0.9552998407831403
0.9233525019070711
0.5760023316067431
0.89343614423712
0.7567497686250052
0.6517926127575684
0.594883313585134
0.7699837823474209
0.9091063195297937
0.92325879194288
0.7730015890504776
0.5248448145188817
0.5206636827043103
0.5969457694885093
0.8622110080211012
0.6777207429211144
0.8514863787776733
0.5374835398414015
0.5475400292131007
0.8320632286802263
0.720876446527335
0.9689786966874288
0.7182935894884452
0.6107827860810184
0.5944610202758769
0.6616948437895035
0.7929280867692134
0.5071020134484634
0.983568553913208
0.5590146669857977
0.7166588767415751
0.9852662732838838
0.7679222119592161
0.7128499947040265
0.9747069552922617
0.9501185235591095
0.7372666284316984
0.6901400567522354
0.533750356019977
0.5293383587822477
0.9137687772113441
0.6560317754832193
0.9317074726499733
0.8457183666702054
0.8443758432484916
0.7784804019715401
0.9108188831174039
0.9918005708124465
0.5279000284912462
0.6862127554019914
0.6952092549404724
0.9313005308993708
0.5123433276450843
0.7129259662279084
0.6749623854992876
0.8912604126079926
0.6535352925033492
0.9013341670940647
0.6507585223305405
0.8774681374828222
0.7456054248690873
0.6266835573581855
0.9778984130055423
0.9468591024156967
0.9417924102842485
0.87258549823113
0.653625330170887
0.6841585852000304
0.5479777580290816
0.6616987377117254
0.6987870294546671
0.7691516064471213
0.6771276956008234
0.9355768860233072
0.8149243161624937
0.6835584842432062
0.6385219139408777
0.802659668415869
0.9048963970913146
0.6421883856100933
0.5108595417318412
0.8843229783753997
0.5648797045699328
0.8713869655324338
0.6726476104182962
0.683415414734237
0.6124622933213736
0.8723650722252871
0.9717895090707656
0.511825504791504
0.8169915205415287
0.803425019122576
0.910122845555268
0.9575748945846692
0.5938240840354502
0.5658066836953144
0.6867304549353304
0.670424551147376
0.7608867745282347
0.6859119027580717
0.8108165202744888
0.5610648390433688
0.7264907503089644
0.7396433240563223
0.7224552449390064
0.816538622836014
0.7022306554797577
0.8976856390485997
0.9393341388949493
0.56933004611542
0.5480183712263685
0.8693090515801823
0.9478704950673287
0.5764510546827281
0.7897282782495034
0.9696853577125352
0.513045075448253
0.9136695256701368
0.666093700674958
0.8119226874654333
0.826223618197778
0.9873289141159299
0.5162292223859568
0.7239581017858644
0.8796826629560196
0.7390115010985437
0.7882411596771878
0.5754873320200611
0.9638515646165401
0.8681668239200976
0.5152108317292791
0.8024636989910794
0.7821268371002497
0.6320174163165546
0.5970321423748246
0.8420108804594875
0.9039481401114476
0.52305708311941
0.803562249190089
0.6439560242434852
0.8048469720972805
0.542778039134527
0.9224411957099697
0.8690170054557781
0.878357260080812
0.8917772319418963
0.6146742384426848
0.7128480658078437
0.9653020422905552
0.63231902997674
0.6076095609208616
0.6288162700476122
0.8907760472571659
0.9681258960810006
0.8515169152607447
0.6366015399815904
0.8218447539808378
0.7839060530359478
0.5950319274087915
0.5255459839792099
0.5624966204930718
0.5495423144248603
0.821916435896544
0.5488392188063174
0.8394782892443898
0.8838158694462325
0.8377252051672458
0.96725507591612
0.8847928106962856
0.6004615447882568
0.9454006257181439
0.6196127415664604
0.9518352911981787
0.5765238063794748
0.5566165899986454
0.9799888257616793
0.6689618828081235
0.6562721599609024
0.5160665360876512
0.793712952556011
0.654998891756079
0.8116773680465735
0.7575988765387053
0.5711828563076147
0.6402302415601953
0.8419270477099898
0.5348089166605856
0.7773573214098163
0.9519031008568337
0.8540944521023572
0.5160192011901472
0.9322063523617461
0.8895070955334815
0.7119645390579232
0.8968537315165508
0.8399235526245351
0.904813289538854
0.9198411154128645
0.790646402638153
0.8529025727664626
0.6908132616144829
0.7066760504396414
0.9076773761357152
0.5947353709755319
0.6113173351053104
0.6757928033073508
0.9808615969972314
0.7960132501496049
0.5608635787278589
0.887795351801136
0.9239274310317053
0.9301708677104815
0.7616473786175292
0.868516363993452
0.57203420321445
0.7736367588239567
0.8829689629236636
0.5976973318169355
0.5132771655109276
0.6474770951869072
0.5244039673894744
0.8900471346316077
0.6906067539750227
0.6967275560511587
0.6099018088122949
0.8207330930117087
0.5340447781422842
0.8047153856720836
0.7666708733140783
0.9199934120172835
0.6138662997089467
0.808715929618856
0.8224969434456985
0.9080154386068444
0.8079046222145084
0.505261233637714
0.8968749102490697
0.8951030894778597
0.5938501469473658
0.5760981078121871
0.7243808670630705
0.536008909642408
0.5616204569086134
0.5032799313306493
0.5534119728052153
0.6965195048714834
0.5332940279821397
0.5323517083497198
0.6888255450554421
0.8738226536548388
0.8501324133314473
0.8261272667515999
0.5190580341542593
0.7992372167041933
0.8764602553990822
0.8510344121999547
0.8993730282592887
0.9128964622043411
0.7703209377168684
0.8877364892332724
0.5660452099936374
0.6900541183459898
0.8706547592303088
0.7292218492859314
0.6408908419628577
0.6521317055438718
0.9377346024521539
0.946209776862658
0.5607757667052465
0.7518778391840089
0.5434638670362428
0.7113602907404333
0.8866338027268483
0.5654296887717283
0.5131591436600892
0.7110340097234075
0.73428603811389
0.7875318059329866
0.6039713470839154
0.6403807902241333
0.6000755913229803
0.9332870369293552
0.894841798903845
0.7069804109383453
0.7814181333887339
0.9859432074679365
0.6280832426710605
0.9307025102465893
0.7390126843920289
0.6664342156350866
0.608408454443884
0.5558648940009477
0.7304047771009397
0.6458915272611214
0.7941051967154192
0.6087521641034443
0.7372019954672299
0.8695413259048
0.7625952591224902
0.545659903639984
0.583343556696243
0.8542868846513114
0.5662136384991205
0.5863840517188443
0.7413916542243916
0.8167818821982088
0.5930863784333407
0.8254488055253484
0.8713215392392758
0.5194611385422027
0.8675247238727322
0.545543740982374
0.6756903112210569
0.7572907828249953
0.9762142499859984
0.6861066811405471
0.5151331662215145
0.655134102142222
0.6880992405576932
0.5892254357564561
0.7445318440655967
0.6299786326485324
0.6043577300932571
0.7961036816654432
0.9537965774064623
0.7400002584570698
0.9137367293929136
0.6098094857754731
0.8133544187363093
0.6350558422669851
0.9790850164286677
0.8954673983584894
0.9106242943412715
0.8701101649226314
0.5310820943085671
0.6774829856121038
0.6608733529755222
0.5415081105144721
0.8718482144018673
0.7728163022693132
0.7280464105468532
0.9445743259305274
0.5141616150037439
0.9603072342265274
0.9630850753209161
0.6081057687491267
0.9468126569856077
0.9845473045756702
0.7146413032982817
0.9729442487291203
0.586004083642496
0.9661417031100943
0.6317244622812945
0.9203328366769039
0.8326225341689291
0.9487323263163908
0.7706560180688031
0.852227673341534
0.5138730811019341
0.9517384564546757
0.8058746433205723
0.6612757239034766
0.6932941169831782
0.7145140056312574
0.9939389785841295
0.8646432084296316
0.5661107360710106
0.8064658891120822
0.5564598115199513
0.805042931436713
0.9197704189330997
0.5714693713056509
0.7263749599652098
0.821167184716322
0.545977052488017
0.5859318054326982
0.7360758748127811
0.8222014727137931
0.8164196091466217
0.6976734016147927
0.9364164408741859
0.9013655732033287
0.746534403634754
0.5954097936042271
0.9711135351473906
0.8570240086092072
0.8197781760767922
0.9045412186066408
0.6954510145555457
0.8306000482829703
0.7728159639840968
0.7973329944178276
0.9636961169850059
0.5484102465027315
0.9626553152158677
0.7492357618314259
0.7327542611695221
0.8480585710026637
0.9049911358223819
0.8555101317521525
0.8070939739934653
0.6648799548736798
0.6553054926985634
0.682775966273644
0.7062441818277273
0.5124737459645228
0.8310420540487274
0.7987513650372887
0.8559061583282974
0.9310002761428192
0.5279155926185644
0.8929371373708954
0.6409259161331237
0.7111746589650653
0.9618565438289391
0.9608667647538898
0.9012676200003631
0.7161998996031474
0.631352854368403
0.7902020588982901
0.5052364946718634
0.8391940928189441
0.534445955643846
0.7546516688783544
0.6605114969538081
0.7970491926020943
0.5128582396921096
0.8550528538401138
0.884304597564984
0.5163125024809729
0.9113250386927264
0.8577047216431642
0.7180703310615254
0.668458926963601
0.8970540016126901
0.6837009124122562
0.5133491476459586
0.8157133184415252
0.9566657567930004
0.53915866673297
0.9959586676887484
0.6341912769419559
0.9051412888286781
0.9623480758458588
0.8759764271214202
0.7112261377946285
0.9714941863450421
0.735776303410129
0.7338663097536374
0.6308984656360775
0.8187725159588966
0.5227092003177618
0.9732374716818044
0.7543989060453321
0.5328941395117266
0.953820722632514
0.6468239068966
0.5714361071609381
0.8871048869877765
0.565891063124184
0.5970891124740061
0.8870327028262162
0.9790489229401799
0.6894538326628353
0.7648718789135753
0.9741816601325899
0.6213615098755556
0.569075475245484
0.8589801112809532
0.6540226840427935
0.8319264036307839
0.8983685141543768
0.5236419419400079
0.7311448130942758
0.566296945910419
0.7768097442410642
0.6465365037092129
0.5510116104352459
0.5204670162561297
0.6517381289607785
0.9666520262790986
0.8699290881389309
0.5925501916143063
0.5679979705984624
0.7681367862766031
0.7717202321813676
0.5262967010942163
0.5500187426571705
0.5538877173585712
0.8226491576751634
0.7106416715954699
0.6468854746109847
0.8865349915562264
0.8262087145366243
0.9150338850579283
0.8893663873688896
0.6715991645248447
0.6717502962383508
0.8160176480548215
0.5906237032794758
0.8469369179422247
0.5733427318532844
0.5153854124390319
0.8064500415149483
0.966597869896611
0.5250382014128234
0.666630996419374
0.765813280692647
0.9674254885973859
0.8547886051728741
0.8027638277819785
0.6703113758968278
0.5651514751668574
0.6833018847660401
0.8142207016204123
0.6862544177900102
0.7871091433759215
0.6765818255981635
0.8307329969021302
0.6207653586031966
0.5633719997876596
0.8856382761254673
0.6652763653793036
0.8462496402899882
0.706971152002753
0.5646019961959372
0.8695392223859496
0.6342350072156129
0.6085015542084963
0.8742470513824732
0.7003335203849335
0.9383707503228801
0.8379508314713997
0.8562127012485086
0.8522478291209157
0.7882904410510726
0.8282420077879885
0.6190540036725902
0.9711247218650461
0.52044898578852
0.6825065213357344
0.9598302280026212
0.7834450331095063
0.7156264537044421
0.9559760495951171
0.9805396857590186
0.8152019244104606
0.7916624932167085
0.8765484096275364
0.6496225790601843
0.9705030689985736
0.5673301829401984
0.6868542381682815
0.9487208874671932
0.9126437624587511
0.624907047338051
0.6690223426245654
0.6710190312360103
0.904560803450999
0.8312823512445281
0.9269010566885981
0.6030813985794826
0.8755747557915522
0.5258179806535597
0.6007745295731023
0.9654863848409146
0.8977545594717168
0.6105967099558929
0.5678881689739892
0.5455655216563744
0.7222579447456275
0.8066568605873946
0.7018867861155443
0.7907532526879409
0.5839061553721738
0.8848352411565416
0.9003400052118138
0.9559011716041627
0.6743360854724327
0.6631749180463958
0.5321403649412144
0.65321602729702
0.8012854077590446
0.8033488220007371
0.8793510640650218
0.8204960730663373
0.8767922497251683
0.7114412695323393
0.7902623933020714
0.9332870369293552
0.6033403883783377
0.6621350154906226
0.5809716985464275
0.5510329308501885
0.927362272849681
0.9041732384009944
0.5111467460944528
0.542684660853279
0.9510132963723398
0.8286311035545088
0.9580641228554879
0.7898444374792635
0.6851912699443774
0.9657877277653408
0.9464564623884559
0.9824326655984862
0.9697377747043017
0.9759326556079426
0.5235406817236796
0.9834565258039825
0.7929838537755898
0.7556890725378403
0.5509170029668615
0.7190952425362138
0.9346465158328492
0.8596708503404401
0.9574338981245165
0.8627590536894504
0.8845934766593759
0.7288802238130565
0.9956655050724088
0.51910094032091
0.9387326966547547
0.8511326663297195
0.9437012143619028
0.7480689472566475
0.8466193301873266
0.8364477348027495
0.9772750898321299
0.5689359240539008
0.9285163711924425
0.8013932192566807
0.889903018346606
0.9832988056504084
0.8572191842846304
0.8558940451851941
0.5475501426920977
0.8078115325508575
0.8255343125347451
0.8866576030051655
0.7329286863112551
0.9809493254524392
0.9225447577764967
0.8758193853459815
0.9363248168523465
0.7698535303344088
0.9006990159624363
0.7915904982913127
0.5245519753788378
0.7507774967900864
0.6837729844131671
0.701558558472876
0.5928995543361092
0.7269282300729976
0.649361481536077
0.899432462993346
0.8383684690736342
0.5310294100238916
0.5696490469320658
0.9887353717187338
0.969017566258156
0.5595362212270382
0.9706932579806212
0.9821058323286388
0.7920293469394861
0.6208319455869798
0.7475176921306361
0.895927802186401
0.5202349592183689
0.9422175253878079
0.6878036175102556
0.9041765239766048
0.7315384522462174
0.5928906370858157
0.5118877584738927
0.7373506245766637
0.8933586986222981
0.5566084896254695
0.8066887540809298
0.5861131462932895
0.7043100029290112
0.7916279011172709
0.9830042518177605
0.9113250386927264
0.8256754422212788
0.6992266117638215
0.9464369128985906
0.6812327260797613
0.5901412028885388
0.6972483035959179
0.9472239186953517
0.5151607982483818
0.5665411963552772
0.5526716370100202
0.6419245144264306
0.5775376754124759
0.7373054344197658
0.5717836862338941
0.8235265341066222
0.946936151282238
0.7904710834106995
0.6418586840526042
0.5196000268199997
0.5750899886974137
0.5081437227850885
0.7824335451324139
0.7886342254102577
0.5256317755960288
0.8398040504694679
0.9134486516391758
0.9318051662379756
0.7757967275790218
0.7861664670391145
0.9086696246067016
0.7213403397437754
0.8772429045981128
0.7227288339764175
0.6083351765774364
0.5558606036018879
0.9467810253101345
0.5793048418163166
0.7467484762823456
0.870151617935894
0.8409436206967522
0.52777657076731
0.5752655859663214
0.5124983463291388
0.6158987005986017
0.6779326030321663
0.5291598562806276
0.8703317344243291
0.6022092298930919
0.8733854769033619
0.5399629841724182
0.7674635300076187
0.9911933413174776
0.5076742826843419
0.7421323810191718
0.6726868793719627
0.5092480390555499
0.7730537406741943
0.6021267343109706
0.9824087821671231
0.9291568793902251
0.663557028637137
0.5169945148495656
0.5890995292487706
0.6786182278672633
0.9443609454878755
0.7621402483923799
0.6926844174292986
0.8146169123768146
0.8618466526531718
0.9928955405086782
0.7907962152851569
0.5865076229744697
0.6282599430155859
0.5655388986488278
0.6658051266227673
0.9136642068250432
0.5401194142507324
0.8586209606762909
0.9150992290954768
0.5629493055530315
0.5864360918399805
0.8511420971441241
0.6346705014916989
0.6470001157380068
0.6377997685283402
0.8011915333014662
0.9927269851983972
0.8898721064522319
0.676860032058452
0.833237234992642
0.8142986664613904
0.8436303321076557
0.9628954538930413
0.649151625992224
0.772177711942433
0.5559201949515856
0.5822583559216192
0.6105490158900959
0.7876729307816575
0.7563286399303536
0.9284222964648444
0.8540518126417669
0.7850668651001748
0.538344633858522
0.7706452612296647
0.5640903281968763
0.9656023378841758
0.7476960730109148
0.7291693249800052
0.9432780033109512
0.5357136839598375
0.7909143025600185
0.9797149691647421
0.8786830945146452
0.7308144494701146
0.8307393029665452
0.5543447167625289
0.5758981108015985
0.8943408023496491
0.9788437329413018
0.8722673284110288
0.6556142452150443
0.5944468731770675
0.7093564958706845
0.7988610862251873
0.5902877919461027
0.8831420702996748
0.7905859231439176
0.7540275504297463
0.7046422903010601
0.6385219139408777
0.6272674882406235
0.7168384775878568
0.710607819961238
0.5914754710256728
0.7276121044526691
0.5806011846633045
0.6111896482282446
0.5622049803154037
0.8991832940518806
0.9344695138323637
0.6692878029470449
0.9419695080810717
0.8477467238878514
0.7357857856309766
0.9189298507500492
0.6642095825729212
0.9634971512447761
0.5344661639915965
0.7334641016104927
0.7133269309747167
0.9454394491547422
0.5121588584634873
0.8046411213507313
0.5880500020915709
0.7324649216243745
0.6972522805376034
0.6345219795338244
0.6524439567009845
0.8785162635987652
0.7188383442061305
0.9544995565959209
0.5075847769396414
0.6298851978920548
0.5689020275821979
0.5109843347972733
0.5139409529757903
0.8474141264484416
0.6279370456656042
0.9173054870773854
0.8763401617334751
0.9309982276058518
0.8969551279716532
0.9124697255566899
0.9707107509917333
0.9696502738301817
0.7897016555706321
0.5430964483100598
0.67216543576995
0.6805851306253236
0.8157486021092933
0.6028860626803317
0.6308599206648929
0.8069765875985871
0.8367172851680406
0.6615947782256402
0.523599053619328
0.9031420383671985
0.9806150632545009
0.9896585773853133
0.7853206689507825
0.6182768233169508
0.861283064081374
0.6562920630426514
0.5137090696941735
0.786397349804842
0.6915147616979429
0.6185223692867599
0.785521034455199
0.9149423475610082
0.8600532595044841
0.7425297738466828
0.5247044281090077
0.9237832310523416
0.7610217201825933
0.7106966415413841
0.6804109455976033
0.8317161264037145
0.8304420737691883
0.8071307152085238
0.5371971067107055
0.8988847417797088
0.9858659184092811
0.5672242008228787
0.9767275998399859
0.604855276807041
0.8490083231679746
0.7617664273530407
0.980471128003813
0.5676127918133028
0.841862948063859
0.8664733694906961
0.7736416748002153
0.6769354210925045
0.9775468745740771
0.8226341207064892
0.7177017836615219
0.9511541729335502
0.5055645007596133
0.5590840921220624
0.5102854216121006
0.776246928942464
0.9506851407851172
0.7035345251571568
0.5787566621452187
0.5247002989887543
0.5532145980290686
0.5347665516916031
0.6261594737151829
0.5038382390219026
0.6344502378143262
0.7771207676216498
0.8106021489538036
0.8257431703280089
0.8772361851566206
0.7027258632662806
0.7491198865972494
0.7863933510537332
0.71283608213481
0.9604925281295916
0.576052944033097
0.8963991358937626
0.8071438264982604
0.7044304795079659
0.9107472786795322
0.5200207576828885
0.7046983603163641
0.5615961342880192
0.8208398722526103
0.5989586184735082
0.7776389042445835
0.6574666304921571
0.5600437209881154
0.8427793269970679
0.9275052664332537
0.8160710757876151
0.6741945287811065
0.6011339315567232
0.8304804499788383
0.7312565250429252
0.7198253333720387
0.9384636005801286
0.9487200735855544
0.5144191803678949
0.8998163081471268
0.936520108696327
0.8987329932037965
0.7795430131362474
0.7267591633108279
0.7649149887214527
0.8656072886838333
0.858107023461501
0.8536596939745976
0.6466106563107054
0.8023187931139186
0.5753361905512422
0.5382134974861905
0.9375118407919409
0.9779440786572705
0.9203230440601846
0.9051042281130948
0.7629734895103537
0.8865485662854895
0.5823735371403842
0.9708204274962895
0.8822421350128579
0.8189871888973869
0.6421271808504248
0.9917069092446668
0.5811603862700856
0.8830461790515112
0.7846968805606538
0.9569975122525535
0.7966975194942202
0.6996918945063755
0.6073412347834336
0.5214947064099696
0.5378002408174806
0.683777333638226
0.8226490437214649
0.5239156252918322
0.9629831041739312
0.6134365478694046
0.6650519243493404
0.9878413209257251
0.784987966008276
0.9300522439071823
0.9328124825195023
0.7669451705968633
0.6459342405263914
0.5450278460403769
0.9087705079236016
0.9017141142002683
0.6246777497184682
0.6224548386814475
0.8773025772639338
0.5856972780476318
0.8920128274534695
0.9240343037941138
0.7811127893857369
0.8144302494284016
0.9178996380421561
0.7974267836145056
0.5924500285738012
0.8698200615944864
0.5685501079100065
0.5235198750714554
0.5614789527423667
0.8012711895574782
0.6032505959306262
0.5969193089134913
0.7219364733100618
0.9598727939169864
0.7117527662154806
0.7871225646657245
0.8898501174477844
0.8783403085362385
0.7548011195956102
0.586037761268876
0.8319701482364479
0.9843630271510053
0.9822896343067854
0.9604078373413015
0.8070578737217284
0.7750744097338901
0.7183645521614069
0.5133510413176402
0.5266406002421762
0.8480548083588139
0.6709454365142148
0.6269519342222251
0.7568158785495516
0.6613970823559566
0.9929053030973386
0.7246106506720117
0.6368921403676353
0.6305470038857232
0.5055805492024636
0.8164155859773263
0.598665345084185
0.5855262598152975
0.8407371382803799
0.7551836138263927
0.7711605892258107
0.6183568836916504
0.8006347133222417
0.5612042816738858
0.8480334526184612
0.7608399641222872
0.5484353400400503
0.7068330865584976
0.9941873300105513
0.7942157075484986
0.8505182594306246
0.5599748881172986
0.8941048615448944
0.555698502731261
0.7891292672088993
0.9185647109625574
0.8903194737201008
0.7202234526305533
0.8988365768924312
0.8078291293848614
0.8333104765941415
0.9475206497721727
0.6585169211671269
0.7263519829560774
0.5550028209959046
0.5131827215047963
0.5508454230378703
