0.5430603068413742
0.9047263823021101
0.818397534141648
0.8149096181964169
0.7815020226056153
0.8282107505608951
0.856091888428537
0.5154301875996461
0.8756853148629006
0.6998428207386417
0.6295037028499662
0.9068956335463756
0.5695709063124651
0.5058874343652923
0.691835251234366
0.8293434669633544
0.7517667169323116
0.7677802281725383
0.6713849051762908
0.8675725009704683
0.5256883944409422
0.646112326099241
0.8743020101163868
0.5055832551719759
0.8044367365994929
0.936917926436213
0.7827052829558202
0.700984774113876
0.9765926413646783
0.9218788960770429
0.6633983009363994
0.526300337602596
0.8349924378121523
0.7446035405206315
0.7385880884616567
0.6908713055463453
0.6953017082046888
0.6404670864565878
0.598032590464625
0.7210511511593752
0.9632156483052615
0.911383857223639
0.8983459327808688
0.6949079351505733
0.8485057054307558
0.6557395121149758
0.982505162529363
0.9228821017571716
0.6859233986085177
0.8539171904278091
0.8768627067971936
0.5256927125250676
0.9211192151415044
0.9444242579843494
0.8929503269073594
0.9192128713359657
0.9300410236595036
0.8901262602688145
0.5522842931546935
0.6185392734022952
0.6020420614893927
0.704575647265966
0.9759981402530212
0.8521672598933747
0.6940131099164312
0.6851094080139343
0.9357883793616375
0.9016618335678176
0.8460793484385625
0.7895872055185312
0.5653294220957007
0.5737973863773965
0.9350408888619084
0.6939974224065392
0.911815762056095
0.5547179723447915
0.6646609865488817
0.8528176312159648
0.7896472133691014
0.594226528100143
0.6717632159454895
0.5756005228463166
0.6097239980229893
0.9360917178792836
0.9439164327478934
0.7245245828778178
0.6384220726136811
0.65970378060553
0.5478241944160893
0.8762201390081494
0.602389652237508
0.5551601099636736
0.7002841260407422
0.5704715673329097
0.602970185181668
0.823820909207092
0.553652900108666
0.8435108574919582
0.6239799756003798
0.893941470730201
0.7982853807331342
0.5266510564580079
0.6825852320545216
0.9483833561734053
0.6885134976072363
0.6277289082977952
0.641511075885962
0.9718496756723581
0.6860334308186331
0.8188180129273763
0.5948914553252159
0.8044068336652801
0.6818891406881693
0.7501910686124397
0.8516038943921806
0.666524084363086
0.9785898929199599
0.5960518880717137
0.5300086690159072
0.9156037330836297
0.5261663715406637
0.7779978173076867
0.7644639782808663
0.5375667422642836
0.9788229409113537
0.5306741951489949
0.9425761755740525
0.5747770030642384
0.6032272104641233
0.8478853726266788
0.8477397787531405
0.5509516931969995
0.8073866883824781
0.5651891237823289
0.7366120239376621
0.9493732428520902
0.781538393540589
0.5269223615131557
0.9980730973884805
0.7863196764770491
0.6758973697179016
0.6604924027140788
0.8841893738758013
0.5744643330463696
0.5051200433222416
0.8004441659212929
0.782996423348505
0.7206018001004149
0.8051336033793569
0.9284359443120573
0.8367658807055893
0.588447364336885
0.72129121751402
0.9166840001194593
0.5413832240352506
0.6360748536914538
0.5534352933287036
0.8649294698486857
0.9868886943308552
0.8830639736331916
0.7306187040485673
0.6124404837983782
0.9177871387416711
0.9038977789178649
0.9761070415788154
0.5140757309053632
0.749871599927607
0.8901850533238098
0.8299242258691624
0.7788589843571251
0.9015747564900457
0.5399691321728932
0.6524389967723692
0.7129833911115857
0.5878447031036103
0.9921548766478864
0.8448111260077795
0.7639927831419827
0.643390307549938
0.7095214826555017
0.5351089026499061
0.7344937823219136
0.7156046006000152
0.9542446362806469
0.8700860857960977
0.5324210463745478
0.5473369151595092
0.5516230792727167
0.9744352074400037
0.5110464370006812
0.705896219634726
0.5196266777278091
0.7140946889016117
0.5996903501554484
0.7169861270258392
0.8154038115636979
0.8690420778586309
0.757241924934666
0.557601640293382
0.8356752566343935
0.948803144772503
0.9677829133900094
0.5596723352247687
0.9808735721349473
0.8420063541645046
0.9423242789426829
0.6038809695112232
0.6261913330477008
0.8359504559651797
0.8669789320494558
0.7614576638452448
0.9917178628597245
0.7924376534326663
0.8449828173730496
0.6410380952044823
0.9455283715601899
0.9007786128513646
0.8070788636969588
0.5146185520460119
0.7936875493888388
0.7736318365821158
0.8217230713651814
0.5479282307110845
0.864732417693716
0.7501373761474254
0.9624786124576031
0.8945535404720792
0.7977442668774414
0.8171213249040922
0.9436645576793063
0.8722557646155651
0.9537613417892415
0.8484096207494995
0.7425671152763165
0.759738905609315
0.6359001580806747
0.9847622165156577
0.6013772723575447
0.9730262703980086
0.5951870184213693
0.7508161690287698
0.843730151715703
0.9517693530630219
0.8313295993357757
0.7603265536315243
0.9315460910964887
0.8344953918120553
0.868750115594833
0.9189852925482727
0.6084855916709073
0.8876900668966182
0.7642538211807323
0.8079498719382503
0.9458057423677063
0.5232372987813987
0.8769143251470688
0.9518800074825037
0.6256552938957857
0.7017723980278336
0.7973230456330304
0.7567905555638158
0.8649635649442279
0.839215957920381
0.597350619008539
0.5427519192088698
0.6416265080705541
0.8034526674614847
0.8177045819184844
0.8641536651090358
0.7870972870964761
0.7626305756899887
0.8377093767277832
0.8911830715601944
0.5747492301063231
0.878695614608297
0.7685442742338703
0.5433800000083493
0.5066830291672438
0.9002949462140302
0.902913678080776
0.9502876976046272
0.8566894615919604
0.5622775618438015
0.8590099720599574
0.6712359511419141
0.5421031416515859
0.5508824483978126
0.5399652941818897
0.6291306399756648
0.9238028003844703
0.5546553308270855
0.6479271574043335
0.7117930184308081
0.5698477490266352
0.8384277492461604
0.9875745191905996
0.869823618967524
0.9031843431393113
0.5065544037686556
0.5287850245853054
0.9076061226924332
0.5878656302546618
0.9853927559222025
0.5095951973940229
0.7307525494918699
0.5144122706104765
0.6666150941583358
0.5677452664072027
0.5299149626588516
0.5799408653467146
0.7334503882244009
0.5446919709301536
0.5102780662111274
0.7559037604035931
0.9161415617067825
0.7164715291551226
0.9479991381497955
0.7775020139612651
0.7055294464399713
0.8054012929011141
0.6873848279664532
0.8570588738543309
0.8635715725463995
0.7273742795833763
0.5177594885530905
0.8142899030333192
0.7679842008365445
0.8417490713679184
0.7088103532431911
0.5741185106470414
0.5130604749131474
0.5695600191091
0.6185390147163502
0.8143036145084415
0.9910266582269844
0.8443151295504248
0.5151427943896222
0.585319621504174
0.6255306182964189
0.8246897877615654
0.977902995242682
0.9049740792809823
0.7462712418532721
0.9117120084120234
0.9007633589321775
0.5286993140871531
0.8427636823960895
0.8126290478456957
0.5154908592428817
0.5405983742860916
0.703187784566024
0.5795965889564179
0.5412530531024373
0.7753664653449865
0.6578817060533441
0.9225907221298232
0.6239682074455061
0.9338516791140495
0.6156809624345564
0.8194199450359073
0.6495426806709359
0.781140113183212
0.8117479753916862
0.8797745697570115
0.5191906845354136
0.8257017357084249
0.7639540607331955
0.9790565852716755
0.5599476621019868
0.5059891052611362
0.5151109311977686
0.5492134895066121
0.5184403554523179
0.7042036785234665
0.6462248815168454
0.5337975340011651
0.9129689631288075
0.7706182540756854
0.7737934625306399
0.9379550327648587
0.6947412399148459
0.5788814676600812
0.7180732844275496
0.8196274525407
0.6176667733793963
0.979090385607431
0.95580365147014
0.9489787008753556
0.8813068953770616
0.7471542070395966
0.7029166309146541
0.6227242482126532
0.9808346109981556
0.7881325614103538
0.6173572249294311
0.7321064452759944
0.801139172583242
0.7204505254792014
0.7683340497214888
0.9217701570279927
0.5063827753438112
0.5457282075406406
0.6973443925700087
0.629707239087093
0.669210328937368
0.6830903285631342
0.8370740410602775
0.8318330332388888
0.7801799894268873
0.6950705334732841
0.7913569031416811
0.8047058016616658
0.9912187982326853
0.8763454210090327
0.643431749116575
0.8392209221488655
0.9409730129832717
0.7041624528472848
0.8642035923990343
0.7060138880045997
0.9244555778848705
0.8139456410919514
0.652544151610776
0.7949489210394225
0.9893093740839761
0.7567631569643489
0.6037379870184868
0.8245065063701813
0.8527236863189392
0.7054645745152881
0.50967791502446
0.7450050203938671
0.9491399358133155
0.7314167871290637
0.9055926958565496
0.5933600415602343
0.8751571974041661
0.8468472280986673
0.7140102023326742
0.6262821522777167
0.6209528914648087
0.9689371336829383
0.9891958494149918
0.569011896658596
0.5259121420400764
0.6010319992877107
0.5397972219263989
0.8466312936896054
0.8566566777488515
0.5320074566559827
0.7033959645191323
0.7030006898872768
0.6791611656261781
0.8998514893866933
0.9203721426405891
0.7977044067103191
0.753110895042999
0.820957274121518
0.574563566427751
0.9511379309293688
0.727446078787368
0.893619225365863
0.5947805692478514
0.5447518859798525
0.5875033561826876
0.7564644442873536
0.5190685878382666
0.704123187975557
0.961686226398505
0.8172621528606092
0.5374546709424267
0.8736038411882706
0.77220436617228
0.538865591605575
0.7511986599225323
0.6514710947476572
0.7556106465066112
0.7723650328784414
0.5853011810675907
0.625800594995212
0.8997897487109054
0.8912841516114094
0.6864810208740373
0.7893448210273687
0.6936692818152602
0.5733151969499874
0.7204075876279685
0.5747173811014662
0.6568365781119215
0.5482373441781992
0.8317482780974769
0.7016349847002163
0.810738669611658
0.9583246863443506
0.8979061741156812
0.5495868690843815
0.9083012228057772
0.6533376988101781
0.5556663900906254
0.6597484565518879
0.5196432680200457
0.7804715105974152
0.7359716616996934
0.8169767758076704
0.6572340917946415
0.9725115461067805
0.967800138078969
0.8028685321217123
0.8703386322025546
0.9197784839591544
0.8718145085470457
0.775403401524638
0.9682942987249556
0.853469198749292
0.6100852696729887
0.6592796125949589
0.6630494098435865
0.8115946151621115
0.6753169094159638
0.5474449044736089
0.5737474708948769
0.5091203354761203
0.7641892856857965
0.7266017379237145
0.8576694737598173
0.8119949423091148
0.9772218754077282
0.8386000991367683
0.925616743986033
0.965855630667008
0.7479209860483981
0.8641062142385724
0.7745881500275194
0.8701612079864274
0.8866203993344758
0.65970378060553
0.7347648668493638
0.9661591600870549
0.7324347809727962
0.7251787974282075
0.6289409991122376
0.7436786076565077
0.8450673973265151
0.744883745939627
0.7560111413386625
0.7272059061727874
0.8579040627057454
0.6539332173949463
0.8763269492427896
0.7395835635324753
0.7184776870289671
0.6147233043304164
0.8543229749869546
0.9632112092949384
0.5481564062928258
0.6853906218783961
0.6853008636588169
0.5894541715249513
0.9668389143584668
0.8998203804157964
0.7268073291989733
0.562248528073238
0.5744696690079341
0.7824282119768533
0.7602812899108917
0.6360407074679217
0.5903319201362568
0.7548169587337403
0.53416358901537
0.9901195268906309
0.9781927923081594
0.6961039204396409
0.5945709552343289
0.865576789121865
0.9338818997697675
0.9281205219543781
0.7841546550609252
0.7916779579672878
0.6829595368911375
0.7489171931037792
0.9557681758778049
0.7656299673901202
0.5131849950977975
0.539160607326296
0.6572188020010806
0.7947458360586657
0.8430089237303867
0.5785282497293625
0.9931481823468021
0.9033598008777295
0.9930625463776066
0.9933697752503179
0.7605213929745235
0.7847721413168405
0.8353784956255859
0.8273271971897102
0.6104295889650602
0.5134868214287956
0.8854762547368387
0.9068749776294434
0.8150984245852164
0.9589642905965544
0.5860749093448486
0.9812610771485316
0.8861087380844538
0.5116905746698058
0.7581353896604001
0.7688321708610668
0.5628193705057504
0.6438878220969673
0.8258294728607446
0.5887479813996499
0.9545031953329083
0.9825016305214349
0.7709022142413051
0.7338948200598365
0.8235253533447452
0.9833015583107806
0.5689266666575497
0.520629143540368
0.9597550974578041
0.6026874513261629
0.583829121302397
0.8883985388462058
0.783049453424609
0.5549994464336492
0.6344545064073306
0.6025370493646446
0.6245751648624039
0.664765814111026
0.587912061689896
0.6481189744380303
0.851753200256825
0.8045331642293859
0.859932882063504
0.6174604013179793
0.6283849971036654
0.7665180241904889
0.5243635910841559
0.9070810566730341
0.7107485304726976
0.945540907323163
0.5343806386776258
0.8658537099425874
0.5960817295942028
0.7441005700263751
0.6834656109213433
0.574856017293868
0.7762029755793031
0.8860833612107434
0.6232744694077945
0.7428713222940003
0.7014384725993492
0.6220954775661139
0.5801936444130056
0.6729474534062418
0.6392688859854541
0.8493873128369736
0.6272848659996919
0.9800198418745281
0.9154890830364986
0.6653569474270284
0.6112460916492498
0.7879153573365321
0.8892340009918945
0.7763398438656506
0.8165114413574213
0.6180471453785678
0.8001524516956302
0.6459484835577671
0.801250084393198
0.6059305637188157
0.9282831105413385
0.5410022495781592
0.7346685368749784
0.7775919409649688
0.9782889979716879
0.9929012447092301
0.5342540868098424
0.6594315517421881
0.833034106447063
0.8885260372761475
0.7972142551846874
0.7109948172750338
0.801993693527018
0.546455309348949
0.729876284267254
0.5366842393186174
0.6710857296696092
0.9039692986378557
0.9276578542599437
0.7307615676849047
0.7678526904367825
0.9566431626730755
0.7493426520873839
0.8361420830708504
0.9277634268828685
0.9510866392099121
0.560725880756369
0.7097219434755299
0.9367707391092865
0.6255293361726703
0.6325621263854825
0.5337861053156633
0.5359881933744516
0.734647383264334
0.6453929047452502
0.6991396859926785
0.7521381406904651
0.8228519396044411
0.6438318500426135
0.6191796923173915
0.6225777837629054
0.5783068956352895
0.8903983018944622
0.8049158007067077
0.8874174291223307
0.7891947845425511
0.9907868122042472
0.9695142969064257
0.8066265864726108
0.6326973589508115
0.5885452480401276
0.5518440849846995
0.6307111198053159
0.6668416791179336
0.9271280798382306
0.8461364710706315
0.503972572919692
0.8279392527913255
0.7816353832967743
0.5757459263155825
0.9507404323409647
0.8193050338363286
0.8421612465063004
0.7314801466847395
0.786469917390255
0.6654091697985488
0.8103804655664721
0.5391464619270164
0.6489687726198058
0.6781790788509997
0.9025335030966625
0.657698460086156
0.938328078559438
0.8884477214456777
0.5698680277022009
0.6421710855699811
0.9739937554281419
0.8561737119871764
0.9913393593184551
0.7064827299105345
0.940896687953057
0.7926465305061897
0.7345496029399226
0.547965756383082
0.6672418712769316
0.6386374460129769
0.9599973326566551
0.7406207070161006
0.8459218620293122
0.6122590862288549
0.8496332142565849
0.9366176124616442
0.5786588372901174
0.919783508008239
0.9778151416791044
0.614052232640995
0.9603677367249528
0.9727698706418104
0.548473868964095
0.5182022600457015
0.8999055964419302
0.8048661873264331
0.8667270894866422
0.7900229902995727
0.7569113943227739
0.7812248004348659
0.582542203267709
0.7727243798040774
0.6757116948773461
0.9769135884408607
0.5925384226589658
0.8867539108892816
0.649604216584319
0.6293228983546881
0.5661421465528416
0.5586560654391648
0.7837181641293219
0.7890403265609311
0.5018143697046755
0.7638965341605591
0.7352144143689789
0.7293366573870107
0.5068707642441858
0.5894453222724669
0.7781271776521791
0.5658730201573126
0.766077012894378
0.9059932312280906
0.5577488001136695
0.9592748964527147
0.7869833573681405
0.6566976775843141
0.7649519013302638
0.9731272388582187
0.861699501481254
0.5383616663825339
0.5614147510171336
0.7180383045525158
0.8718745809321566
0.6026223980800263
0.8323612478916078
0.9864634158109247
0.9939881634487147
0.5774774796128228
0.8853398407212503
0.9058832911762711
0.6840866092010012
0.7514104730161324
0.7787972963168972
0.5159141206648933
0.8167241880326448
0.9221088404607902
0.7791722533715678
0.9645452682509925
0.5355557284868545
0.906405291378195
0.9346558081581738
0.6254392074530767
0.8963953204698634
0.6481425342188373
0.8361805419206109
0.8087418268942144
0.5519905969966801
0.7268842575379151
0.5552144944541377
0.6537638394984281
0.9435795600077813
0.7428620950688419
0.8269416007192528
0.8183689105915157
0.9209010120307607
0.8801998100844591
0.590601747332348
0.5298115187741388
0.7842409035674095
0.8817341146928601
0.8330914708911442
0.5629641673768656
0.9157858603305179
0.768498730443531
0.7252390834595677
0.8043438509480297
0.8354238810938558
0.8408116638661535
0.547160032998418
0.8457441954176383
0.7341722747639988
0.7660851241528158
0.9003863665063502
0.9815011269781082
0.6198741179604631
0.6895220895274261
0.8506669316137867
0.8985090474421118
0.7002460186788599
0.5830689615286759
0.801678301520137
0.9030737937903772
0.6430585117860702
0.5595217165437427
0.600079485430237
0.900600795219487
0.8253532321123014
0.9884637117756845
0.9239399951256323
0.9850943787336465
0.7185891040336048
0.5483174770237317
0.8653265052930667
0.8865864788755047
0.9166139173740888
0.5228933928598887
0.535744867722855
0.6487004918054848
0.9398483165677194
0.8948244933036875
0.5637015920735235
0.8410379435078419
0.7450117099492263
0.8006417396532349
0.965211334924465
0.5570776503385179
0.9738287770998494
0.8662857226494046
0.6345171058586193
0.5371939884623077
0.6948547969299798
0.9596670382159428
0.5205940486570378
0.6917066108309463
0.6291839793906677
0.848774978299969
0.5265291416357548
0.623137282684797
0.6125222591756404
0.5228978019429683
0.8870531218171348
0.6701996008536321
0.9186112377648642
0.9941717878864784
0.535066204332037
0.5263824737091315
0.8345426535381214
0.8012402305931189
0.8135321431436525
0.5821591442757781
0.5579369927221346
0.899082995818667
0.8755281439953579
0.6350261307200079
0.7672365050276554
0.5146728544166439
0.8818312855615674
0.6580629595501539
0.7171682530246898
0.9794234384926477
0.8697551102931229
0.7414567412455766
0.5231723638614877
0.5297845552707765
0.7283168076030355
0.6436253383489651
0.7074296735051013
0.6097567964912229
0.521665855421607
0.7101794477557015
0.8829997300940587
0.7428655703978746
0.5761874771234291
0.8573537362095256
0.5645579661972733
0.9045083265759633
0.7600931183796048
0.8570267630432667
0.5926223585412062
0.6451776117084841
0.8924410499751706
0.5415380527128072
0.9435828356908055
0.6656089480809474
0.6600572462939929
0.8963286402792059
0.6094634600087323
0.6199879613409666
0.7007314790496435
0.9039235864321771
0.6215921381670125
0.69517345481075
0.9050586652840528
0.7370880983501331
0.8925355982997087
0.8198439649382773
0.7777994417593023
0.7830296484293553
0.9614990020616117
0.6129004596488902
0.9093470431151601
0.7472284035456066
0.6656182233171122
0.952442627606371
0.8895474167032427
0.699555878313733
0.9134661178689746
0.7904713097286763
0.9086171282978986
0.7305774595966843
0.8520964386398144
0.7736316224090093
0.9573215343293714
0.5920529610834564
0.9074873889917817
0.8770061028831457
0.5238559536887304
0.9369710184468766
0.6357109265935008
0.8502506752024445
0.5682014114290739
0.9390510658715027
0.5902932950929591
0.835358242316824
0.6734803287017953
0.8439715977635379
0.6605812205023145
0.5785024964542721
0.6319347190428831
0.9378090372561466
0.5523331541719234
0.5464750333527157
0.6317957591134272
0.6436905441152012
0.9196786623753395
0.9784675339482407
0.6573911640448195
0.9696832895987432
0.5064747251485516
0.8270745501823475
0.5196238063881945
0.8585116869313126
0.6612292700816813
0.5190484317751247
0.8878357688795008
0.5404423236941225
0.508833000865724
0.7992853266259343
0.901170703803045
0.7527572822442036
0.8772559415259968
0.5297879690479497
0.6956099828053276
0.9177486326791781
0.9750600539409683
0.8772193667769648
0.8530848858907386
0.5234262461124706
0.5227219245557496
0.98480474505027
0.8100562323452438
0.9106545184322651
0.5477943397307247
0.9675792467091933
0.7099067395427967
0.8445476835668901
0.586113539781045
0.5926309736351333
0.5498335840257381
0.5194792653491459
0.8055220119245111
0.8947646888947551
0.8820773757544397
0.8787145142652046
0.6060122146077672
0.6955028503894817
0.9045874878422642
0.8284771197607352
0.8438686809856746
0.8522962876685869
0.8672355425369245
0.8065456112041038
0.9640671641123565
0.9492866986079728
0.9652498809250534
0.7198917426902884
0.9289812572881292
0.6082668055634777
0.620809033778378
0.950076596383152
0.5128296758245395
0.6904789984228342
0.9620058920187265
0.6252676499469637
0.624946434015434
0.6799667620264873
0.7897997945032653
0.9845235774222062
0.9339098858302272
0.5921203111095028
0.6049152811428637
0.7461032795177077
0.5110221752638866
0.6333332646407086
0.825498355660915
0.6776930249256947
0.5032308481171357
0.8774701361466062
0.8386470214995309
0.7065336120704612
0.6611979799585763
0.6932453646826023
0.9712435973982708
0.5348657534346264
0.7890514643314388
0.9085672992827213
0.8111973809941497
0.7470535002148989
0.5222970607297045
0.5174407330289832
0.862740913759169
0.9803396245382668
0.8332989222601623
0.7547165369970918
0.6345621748599348
0.7585331842913228
0.8673998291514742
0.7986805815518861
0.6400308369192329
0.6958242247802492
0.6306462812554234
0.5652767924211496
0.925713152071722
0.76365540562139
0.6597318479893532
0.8969977670410374
0.9057329096688324
0.9727245820697024
0.8904109011563854
0.7009044986280608
0.8340158736493898
0.5609298135030797
0.9107022489776533
0.6090884458082311
0.5268260543799109
0.6952334112219217
0.9881323219075243
0.7514992657039196
0.9319827359692954
0.6075242238225405
0.7011121486871379
0.7766341295767761
0.5682377402444784
0.7990824697376582
0.7666797588500838
0.5633784783159753
0.983510910731227
0.9656842984173554
0.8175498206984554
0.812965638727245
0.6785030893751091
0.8321218544063781
0.9503697257398117
0.8586261953273027
0.9496624630790446
0.747796973122523
0.8476267610351641
0.7469271007367378
0.5640684183943443
0.8148962315313854
0.7397362959137876
0.7878519421611754
0.6439623143124814
0.753781379111166
0.8837895733813318
0.5744557067526316
0.9521317383280995
0.8212830582946791
0.9000615252164269
0.9271337474294128
0.5119938442221221
0.6624603796749854
0.6009970140785694
0.8530685259506359
0.8199471516359326
0.7361551167904492
0.6651327769218437
0.9156774397811092
0.9339676301615104
0.9289444004889938
0.6398630170565809
0.9022636561852572
0.8517070824072585
0.7433578508477803
0.5899708534466599
0.8007527865826158
0.727866166154963
0.526423334415106
0.6822302263362398
0.7295984282746517
0.5702565648369243
0.8263882201364067
0.9338449795542
0.8679886468602229
0.8229154966978013
0.5623107136598176
0.6650579821127766
0.5524630104047613
0.7146750608627536
0.7049373435266258
0.5105822002355411
0.7358147107042959
0.629841425795995
0.5196663675607762
0.8146376837171472
0.6776631747292094
0.9025664689883851
0.632106069370972
0.5111915767445052
0.8096147998722071
0.5546166766005292
0.7904686319783166
0.7761898654515523
0.8940922040564161
0.7356804192259547
0.601787150506407
0.8771258758301205
0.6166139785751322
0.9377655892314132
0.9152364972206033
0.7175026935152962
0.7270733449507589
0.9002362901074608
0.5827169893634828
0.9244492860409169
0.6297124727342861
0.8771444961970511
0.7362448845117101
0.5121861770388757
0.8315131978765766
0.897015308847628
0.9307988671714102
0.9200133676136598
0.5348667048823605
0.8201206627601795
0.7119017632572651
0.6907944597755967
0.989592179936536
0.8300712418967165
0.6857556754724113
0.6309049882585235
0.7775005997332212
0.5376952209831023
0.8576988686185757
0.980221674792577
0.7184820827889673
0.8286438164764005
0.9106297624619792
0.5473117374231293
0.6659556592656173
0.7883585768614733
0.5341040197176111
0.9017561203945188
0.8248634644420725
0.8060736576293658
0.7279987335143544
0.548893444329919
0.6576462322902237
0.9714371636176169
0.6085148261502735
0.8448925981413421
0.53962399223919
0.7723616435473103
0.9917626031706099
0.9203570264392017
0.7837774713842935
0.6041789000144605
0.525166969160828
0.569640442420432
0.9433129951554247
0.8766714187877811
0.6986654281020687
0.9325953506028725
0.6846683197717905
0.8086253021230424
0.5572004963893724
0.7844193622405607
0.9376605912867995
0.7611245846384008
0.8628551294784853
0.8210246664889091
0.8122252753173116
0.5954919563701944
0.8620900563436777
0.7213218962952975
0.663322553488944
0.7762026771075313
0.7355712389815562
0.9352795762871857
0.5797519964386717
0.5448544944805168
0.8857924849235005
0.8032921062498197
0.9781448229579166
0.9159184694905235
0.947857443658085
0.661713269470622
0.525745584680409
0.6228781513054833
0.7151115611490338
0.9677935853663897
0.9167996685962401
0.6887272056709699
0.7570525554380131
0.8159943975547389
0.8933922951838456
0.5995753145068087
0.9527985304538034
0.7084759842284023
0.6281653422409011
0.9879881136538619
0.6480368819957708
0.5337689047381907
0.6143289216952055
0.5201866992257762
0.9284276244409819
0.8498338156734222
0.9907032595544822
0.919553108315403
0.6604774251423329
0.7538731371268912
0.7206682507830352
0.7869760469228197
0.8236301432692565
0.9186741121149634
0.9853969863007127
0.8046183809511939
0.8063769411165034
0.8005415296196999
0.8088102996086792
0.8107190067801902
0.5549433275358862
0.5214960437766867
0.8567220222891487
0.5646831447375481
0.9235024258588379
0.6627704531514831
0.9004821489786224
0.6181371384582486
0.8537078155341482
0.8155203229034362
0.5147053780878208
0.5730072146295623
0.9913744187176101
0.7174804459775325
0.9325954496202207
0.8134126493519259
0.8274456898082669
0.8389272811634144
0.6648790342564191
0.563532865577136
0.8283716919744388
0.7825114424761369
0.5747425581339966
0.912778979134116
0.5164191482690076
0.5981463836704878
0.507499103673705
0.5606316546102917
0.9428816572892718
0.6034659875832326
0.5761685840404739
0.7909802079597498
0.8027249881776176
0.8421487221909026
0.5854830296006616
0.9350847100934584
0.7289558730663445
0.5496499014471858
0.9563887608303908
0.7463803288058525
0.9897949540554523
0.5059116194289606
0.7970962244802117
0.6365241899800979
0.7287539237655988
0.9566600822496656
0.6754656167619951
0.7216419696096541
0.8421677925743842
0.9263508337413984
0.8435407075049907
0.8126710401343534
0.5516460086952311
0.8248363823137652
0.9303811592472563
0.5033464094609597
0.6884787524908585
0.8195485495398703
0.74861376516788
0.6792816846386789
0.68578598623025
0.7310420766407384
0.6443871316579515
0.592786048796586
0.8809344004848962
0.8267634360206088
0.5675865665587357
0.5202417055423616
0.5354699463651066
0.7506825355860872
0.5613479170886623
0.9844328857705269
0.5234699613281636
0.711150014957595
0.8911808871796514
0.7613700326335343
0.7310742864621463
0.875098089392859
0.7729762961956655
0.8131741254933184
0.9348419653584095
0.5641258024744554
0.7607224448417772
0.7050254069228986
0.8781548137798251
0.8734489333030997
0.8867910798660951
0.680294076306482
0.6929091098586271
0.8961861911155649
0.7009421412426697
0.7986604106964549
0.8274265964828721
0.9656260772976367
0.8012439231845669
0.7339019071648748
0.9826364032952414
0.6735285461495822
0.9828812922410359
0.5588807917863249
0.8101789814754887
0.8886999958431687
0.8691668543857798
0.5857509577787301
0.7351462138179212
0.506623708055358
0.5826156208372104
0.9554078751840624
0.9224697696988039
0.575346827170977
0.8929486151234081
0.7570508455072872
0.652294597218012
0.5945557008357072
0.7698321306426515
0.9092443826314289
0.9237253507770229
0.772940622696957
0.52513935360209
0.5206236105655695
0.5966178046869515
0.8630435669271774
0.6784564899974963
0.8517021566712658
0.5373164380119185
0.5475266886144179
0.8323035666650523
0.720552976968531
0.9691233458077085
0.7184467851200345
0.6104919395992916
0.593106124408635
0.6619699301447922
0.7937510503123195
0.5069917429923424
0.9833460461939307
0.5581360341509344
0.7161761847488811
0.9854881512179261
0.7679948784163126
0.7134525480315602
0.9737252049742428
0.9496434440871939
0.7369458478216574
0.6901128229189748
0.5337861053156633
0.5288221707850834
0.9143651927482557
0.6561295597785879
0.9318841879269177
0.8459638654753768
0.8441981409400662
0.778817794488896
0.9112107205721355
0.991443031553592
0.5283163348095056
0.6856427160055675
0.6953648106705714
0.9313784052919524
0.5127394950000043
0.714681168942887
0.6753845442656096
0.8913422627825013
0.6533020775459029
0.901486203382822
0.650529647553503
0.8776508197080598
0.7456571952999875
0.6272293762986756
0.977385798374712
0.9460512213189846
0.9419927400390186
0.8725372985290827
0.654193203037203
0.6835247416420264
0.5484173211209401
0.6613691517029953
0.6993025112478904
0.7690207459941508
0.6772783676795678
0.9356511778619395
0.814797495077415
0.6832249993557005
0.638795462936756
0.8028151805165028
0.9046810665798432
0.6425618933520776
0.511054196414941
0.884721019081394
0.5646277825183426
0.8709454805867254
0.6730736250552092
0.6833445970045703
0.612019905190176
0.8732329897460474
0.9719623500483979
0.5120421009025111
0.8163228365964404
0.8037666928857441
0.9103951773569787
0.9573057657155769
0.5937505599633258
0.5655883104700445
0.6854365920918835
0.6704603347979604
0.7610453641305168
0.6857353291685053
0.810221963243345
0.5618591000919706
0.7269619043382414
0.7396925079756713
0.7219204393482384
0.8169874414537242
0.7016827318255646
0.8970784656510716
0.9387913283520997
0.5687029679566007
0.5480183638617419
0.8701343141290778
0.9468100548942121
0.5768912430744959
0.7896688941962234
0.9708479546278785
0.5135561330635616
0.9136088961251311
0.6655153618114695
0.8118977208877116
0.8258634964494445
0.9872096357488407
0.517485988004866
0.7238319688408297
0.8791878409799723
0.7391495176370098
0.7876819952365337
0.5753602532966224
0.9640102750609838
0.8688833116901682
0.5150444560692521
0.8025366618459154
0.7818782132302974
0.6323061922295773
0.5968170979360883
0.8419227765899151
0.9041714091560062
0.523198798908744
0.8041163522952367
0.6434552275903028
0.8036633318249424
0.5426490323149674
0.9228420067890397
0.8698432257486256
0.8793561607894272
0.8921207472135034
0.6143980147937155
0.714316628104735
0.9658338119033457
0.6316213894429044
0.6074815199302543
0.6282444682691878
0.8915821351565496
0.9677588612047776
0.8517332356056
0.6373451952372237
0.8218810632108356
0.7843848290336686
0.5945671177509307
0.5249536163649535
0.5614709226799205
0.5499443455074328
0.8229329875242516
0.5487986150285875
0.8391194070020812
0.8841435778489374
0.8374242217396549
0.9676569161396823
0.8845755471669048
0.6016203619478248
0.9461863723971736
0.6193944736099011
0.9518239399715626
0.5771059330863866
0.5571377945735491
0.9799006255714051
0.6688805798038535
0.6553706487558955
0.5162212849201665
0.794144785022125
0.6550598301009117
0.812803018244381
0.7565925539398476
0.5702787008845129
0.6405072999400552
0.8418684738011519
0.5350758352305498
0.7775299766121229
0.9518708098904275
0.8541689226969721
0.5161557067520304
0.9326082647353581
0.8894055419674294
0.7127948336071107
0.8969549995556162
0.8400909108420456
0.9044445730811749
0.9199988824003011
0.7905531885806436
0.8534067028844394
0.6910333290070533
0.7052982894910149
0.907939246346354
0.5958500984113811
0.6108802229667445
0.6740869970929277
0.9809764905145785
0.7950921724811986
0.5609046907369136
0.8872060579180974
0.9240818657055353
0.9293889871979445
0.761611090964324
0.8679857041934284
0.571265395239046
0.7733510466170351
0.8826634159950135
0.5985196483917087
0.5130557189228419
0.6476591003828431
0.5250980161871137
0.8903652243594339
0.6908356916255772
0.696458664430083
0.610191500786587
0.8212933514446992
0.5341942501481917
0.8044537308686461
0.7670595277589605
0.9202761373983313
0.6135774445115342
0.8085535791751487
0.8229495701501471
0.9077744378267183
0.8085655155404928
0.5052595310081012
0.8969655285550769
0.8953860638562025
0.5938237698090113
0.5762652925953939
0.724577022395921
0.5354600577506808
0.5618950804298245
0.5033029522752779
0.5532672259915093
0.6963888890754609
0.533483330260901
0.5320074566559827
0.688688488522197
0.8732510619305396
0.8498325386595795
0.8257172308564236
0.5196502014593175
0.7992832386988715
0.8771462171545708
0.85134071509278
0.9001145226011636
0.9133466371513227
0.7706482014159751
0.8879654034972211
0.5652616853767063
0.6898944447063505
0.8703312803171235
0.7287622600485891
0.6413761936720493
0.6540957322481278
0.9376747951291117
0.9461984294698906
0.5608743398884354
0.7514104730161324
0.5438416849459458
0.7110401234556268
0.8866412646952241
0.565843284186222
0.5134310382444843
0.7093021666170644
0.7336371101846589
0.7883662224950589
0.60452480874606
0.6412340921819976
0.6001467478812663
0.933744694453243
0.894834832051962
0.707043327143425
0.779805044084341
0.9859892672825415
0.6282693568618767
0.9305996426221211
0.7390230531526023
0.6666695770415518
0.6085310249255903
0.5561667513454053
0.7303075909555868
0.6461708374326537
0.793981444820763
0.6086956364506164
0.7371479370872176
0.8692342137734793
0.7627418037422359
0.5455259785857607
0.583001589352672
0.8541061380333522
0.5668371249816397
0.5857367548842728
0.7403135727128692
0.8162347501938981
0.5935202922323842
0.8252554714792032
0.8715281009287948
0.5198699136371507
0.8672732384937575
0.5476079790423862
0.675970804720494
0.7566057619377959
0.9762293600347611
0.6859175008548212
0.5147219583627214
0.6556489808535716
0.6885380560317613
0.5890796168124218
0.7446106457053757
0.6292831996668957
0.6041169704330621
0.7958490722164276
0.9537875622977503
0.7400004348756741
0.9145356873460901
0.6095144097557615
0.8133892147794903
0.6355258489160172
0.9786165293900413
0.8953249748547755
0.9118577487515435
0.8703447774272606
0.5311362510189112
0.6777481211130822
0.6616417858214996
0.5414165536446413
0.8716584598855609
0.7724536078011914
0.7280445906126282
0.9459397197986795
0.5140395208111204
0.960121616723042
0.9630635244600856
0.6083098358169091
0.9471350296226625
0.9850398062558343
0.7152563337358809
0.9727059967515993
0.5865653602825518
0.9659943782725338
0.6309061765839804
0.9206129500378887
0.8329599476221154
0.949408671427357
0.7710520711919044
0.8519978175291231
0.5142174335794873
0.9517384897448746
0.8049760891438216
0.661713269470622
0.6943737669443785
0.7139685414884753
0.9933474396835257
0.8657153653980805
0.5667887832110099
0.8060029180390967
0.5565426871279481
0.8053804272142538
0.9195809388745448
0.5710720097256007
0.7269037087364764
0.8221884750369647
0.5461261836720559
0.5861603468869836
0.73596981813636
0.8227643070404425
0.8152168486517982
0.6974369339973047
0.936448371181906
0.9014897284817198
0.7470221233569682
0.5942925264315418
0.9714172917854931
0.857168354802866
0.8213592392836481
0.9048632042445192
0.6951522433225664
0.8308748555541202
0.7732135519775349
0.7965098711017148
0.9635991297001096
0.548561566313858
0.9625075522930177
0.7490018908864519
0.7322542532772531
0.8476224025553417
0.9049821564637015
0.855065970155029
0.8073355540566398
0.6641881000572234
0.655726013756248
0.6828815912436523
0.7064857863519367
0.5128877617408134
0.8312703636204866
0.7986810297772311
0.8561153731640406
0.9307042754507111
0.5279068320488357
0.8927544950581225
0.6405057337853074
0.7133160853044802
0.9625672547295927
0.9608390221841735
0.9009814240573587
0.7165169988747013
0.6301066112281293
0.7903611664203368
0.5057184442303143
0.839292123361687
0.5347779115242315
0.7545610623569309
0.6602021258806399
0.7968240798467732
0.5126937618968591
0.8554460086737251
0.8833019715568856
0.5164769793031624
0.9118116265094143
0.8574234003988419
0.7177206598022162
0.6684198459300955
0.8963944761907898
0.6834158938549492
0.5132169351731037
0.816335420914371
0.9565085354790003
0.5387151893768305
0.9958635704500708
0.6337332377330156
0.9055819147654778
0.9623764020125409
0.8751994864974508
0.7113325653741311
0.9715248431905121
0.7354922065981196
0.7343073600452077
0.6298846268155083
0.8191737610764472
0.5232078010673064
0.9732020069870554
0.754822079956975
0.5325106915596037
0.9537253004650041
0.6472576200728795
0.570941544530858
0.8868332339306101
0.5665084821870934
0.5978060775455828
0.8870057194207429
0.9797334813402919
0.6873737086384455
0.7653867845965453
0.9745564985277763
0.6222380047889741
0.5688022153156944
0.8593662742316682
0.6534588895303
0.8322464389068375
0.898410352396676
0.5237581511395397
0.7325703016526945
0.5662582490377362
0.7772180797354085
0.6466759790954866
0.5505267590464112
0.5215549375603029
0.6517088198517524
0.9661223163817144
0.8702692544403883
0.5940295972400111
0.5678433300886362
0.7682314779226654
0.7713425854286852
0.5268178661915749
0.5518221995688096
0.5548114543096301
0.822635287273538
0.7104813136307893
0.6470875396190675
0.8864573953058033
0.8262239695667036
0.9149397094543786
0.8894297182964381
0.671314034966317
0.6719298798383748
0.8162676515603153
0.5910992030762333
0.8466297079462005
0.5738384230755739
0.5150320799808079
0.807112722988219
0.9660351654058388
0.5260209967530842
0.6651242591297064
0.7660725891424819
0.9671262946165861
0.8547680795844417
0.8023691754401161
0.6705959696624346
0.5649616305293453
0.6839735743902441
0.8153946010453228
0.6865213959056835
0.7868743680523538
0.6775608314108287
0.8308943272319386
0.6209010568188733
0.5632414545756297
0.885527024461189
0.6651004247405808
0.8464036913057531
0.7075000581247021
0.5652141355629717
0.8693019716329086
0.635717257304093
0.6078664357740945
0.8739590910214129
0.700826559096851
0.9375704393639368
0.8380971963468447
0.8560066685832668
0.8526063415658122
0.7885640323424791
0.8275206544585745
0.6191522272526323
0.9703942179950921
0.5206645157542182
0.6820515315958687
0.9594485486424271
0.7828629056423461
0.7168669402004392
0.9559444338768877
0.9806504554769633
0.8152217283711425
0.7916436877908715
0.8763243000367346
0.6495298676677242
0.9703737946565058
0.567304531455478
0.6872895468062655
0.9486210931779581
0.9124187482148365
0.6250705924743485
0.6691074706777543
0.6703110389946173
0.9044245001888119
0.8310092491165826
0.9274399521817773
0.6033490458116301
0.8755940886085609
0.5252717270687687
0.6011198201613077
0.9663600289505058
0.8966634268478664
0.610697468380044
0.5683618091587584
0.5453903500023471
0.7220532095656104
0.8081006419082515
0.7019934744540385
0.7911950781636208
0.5830121042268076
0.8848519101163349
0.9001448706876529
0.9563498124679879
0.6746063769341173
0.6633876636772662
0.5324859769719843
0.6528793618416221
0.8023965249494306
0.8027248833623168
0.8791044191872911
0.8202754694197713
0.8772487987248161
0.7108367561291327
0.7904947943688834
0.933744694453243
0.6031063608183113
0.6622259515058954
0.580789419900508
0.5496644942996669
0.9270151091621999
0.9042708885021357
0.5104883564094349
0.5424476650558553
0.9505397687456943
0.8282418841915545
0.9578924872699311
0.7891348736534349
0.686002731565698
0.9652740928524298
0.9465376674779563
0.9825884443089777
0.9700149141404877
0.9762057016860094
0.5233588148291659
0.9849289696796185
0.7928885461793466
0.7553250323359526
0.5504264553313207
0.719096016786856
0.9342663526620486
0.8608343070976671
0.9576344457984912
0.8631534880176298
0.8841588201994673
0.7295012852529306
0.9955125106438938
0.5188423894708101
0.9389976095702943
0.8509909474942381
0.9440706199843524
0.7484324588849366
0.8469483233007208
0.837163895182934
0.9770153197080644
0.5693281056938839
0.9283912490429107
0.8018987140856912
0.8907469083991787
0.9835036901313208
0.8576813300817328
0.8558264122322822
0.5479580410436881
0.8080789452108726
0.8263394696916596
0.8864421992732701
0.7331514136173596
0.9815173993216826
0.922295667559936
0.8752830582129458
0.9366103144954763
0.7704569752683902
0.9010141421381486
0.7915581886312525
0.5247362236634905
0.750797767055938
0.6835428587890239
0.702133852080015
0.5927621321856456
0.7266464726319167
0.6498150029498934
0.8996084714536574
0.8385004619727227
0.5333731841927954
0.5697700390437589
0.9890601062772705
0.9694800583122497
0.5595937632445749
0.9707947652999128
0.982394791174959
0.7922426539875195
0.6204713318856759
0.7479344576279475
0.8951812039584612
0.5200170616816434
0.941766640336934
0.6879403765386178
0.9037983987910189
0.731697003483611
0.5925685931959591
0.5118401385244331
0.737170855060313
0.8932137442764614
0.5573323869757227
0.806713628662863
0.5842197951609261
0.7047189972526698
0.7914423508440334
0.9830136030810208
0.9118116265094143
0.8255974497699108
0.6988868734439033
0.9466275667600523
0.6812138774028579
0.5899173406975002
0.6970996350577902
0.9479169856515356
0.5151461396551187
0.5666951736677195
0.552874905939099
0.6415859098465251
0.5763285933764397
0.7374256371900945
0.571889220237469
0.8235906363099362
0.9468167496746085
0.7902891765717356
0.641515531114535
0.5189284798373867
0.5752033120903908
0.5078324417554171
0.7825233631117683
0.7892452697600769
0.5254257316362893
0.8407987727859525
0.9141808938450561
0.9316804367901912
0.7761382748637664
0.7855823919383297
0.9092380814679738
0.7221368710752959
0.8772476477365662
0.7225699810465062
0.608636469863819
0.5553791584983941
0.9464307760627387
0.5795426463421728
0.7461362815102176
0.8706799357604778
0.8410892359319287
0.5279299454519992
0.575007040345321
0.5125364194786176
0.6156221355659379
0.6777775088017677
0.5289734003868591
0.8697307737680552
0.6020847374143218
0.8728666446674249
0.5399859135515579
0.7659901738543057
0.9911535454896402
0.5076515063601368
0.7422755473139854
0.6724304052750777
0.5093989371183012
0.7730214124641769
0.6008026931185628
0.9820443410104891
0.9294862392858172
0.6629451480086497
0.5174431768061706
0.5886241749588392
0.6784150251082701
0.9442748941594362
0.7615686537965888
0.6927345730242349
0.8142439339569407
0.8623939732618782
0.992684633620658
0.7905114067597432
0.5856908361283705
0.6275659212749164
0.566288002609778
0.6661811193693649
0.9134489247711479
0.5404066924773419
0.8590422731256826
0.9151862382231916
0.5631909407650951
0.5866481001899797
0.850252444392734
0.6347119244448615
0.6466518088122903
0.6375463021936143
0.8007572303903828
0.9928840454901178
0.8895901698185489
0.6772505746760545
0.8328928978397073
0.813606461665225
0.8430089237303867
0.9624499057780783
0.6487489046391751
0.773818781244403
0.5562679872402028
0.5821793861712247
0.6105514347592652
0.7891679390638711
0.7569923973997753
0.928982776766076
0.8537138268926618
0.7852748457303395
0.5397139204862279
0.7712872624785466
0.5639137179337002
0.9657284538814302
0.747905219063342
0.7277741313824865
0.9434257978337567
0.5352140052183695
0.7905185577362394
0.979507907835246
0.8784498734355269
0.731776304464358
0.8309077255426989
0.5548167582243915
0.575351218107642
0.8940746186815708
0.9787230817292009
0.8724368257261008
0.6557830479011332
0.5938626448165536
0.7098919409366097
0.7992737216161773
0.5897810542924259
0.8828160750101202
0.7909632923477827
0.754272999506942
0.7046664603423943
0.638795462936756
0.6276328227596452
0.7169610391825133
0.7103352529687936
0.5905417128952465
0.7280074041755235
0.5807976757383161
0.6137476822636622
0.5616800258446396
0.8981884086329507
0.9351647489982384
0.6698097113338395
0.9423918597933822
0.8478569776013894
0.7359886755307068
0.9188639142403325
0.6637171275466702
0.9646476846895841
0.534943611150334
0.734053523591549
0.713912715058991
0.945097993435189
0.5121251208328821
0.8044287337381756
0.5877106870332335
0.7328219022958574
0.6979814989168193
0.6340577109161628
0.652065503541854
0.8783812015220324
0.7196110219524987
0.9549314209504324
0.507535496438129
0.6305180082573151
0.568506086170355
0.5106853154856622
0.5140135308404358
0.849077834207303
0.6276781739637318
0.9174518278814398
0.8757884684932218
0.9310135103091491
0.8973415007162171
0.9117485106030792
0.9713495032291329
0.9698710263314707
0.7898591816402666
0.5430307201754606
0.6721061496771008
0.6805787188616944
0.8161360883652594
0.6029906043334952
0.6310700303421264
0.808612320983574
0.8364586003276155
0.6616854389974811
0.5237798968151525
0.9030319459904816
0.9809917462265632
0.9897886211862641
0.7847912443544671
0.6173520890095221
0.8617493639946845
0.6561399923813636
0.5139035823526742
0.7857814325173684
0.6917823094343711
0.618440144068902
0.7854337576358499
0.9146688222975861
0.8599333620317676
0.7425629097341637
0.5248533900287585
0.9242715218772735
0.7600206733864697
0.71000921632517
0.6809232497204881
0.8321104982835205
0.8306479568952674
0.8073306921959037
0.5369610529884161
0.8979530256105283
0.9862627614983039
0.5672805766013974
0.976143634047135
0.6050700743184004
0.8487140162971664
0.7613525188137203
0.9806425923901545
0.5671944124604789
0.8428013455648523
0.8657358349234983
0.7734923680755774
0.6770282429128794
0.9779788619120101
0.8226489603664614
0.7183613763021015
0.9512102078141147
0.5057072757411502
0.5588105371246046
0.5102160392980123
0.7762159367491548
0.9506756478247399
0.7040310642617402
0.5786696935211965
0.525206080501142
0.5534634139459426
0.534492760244527
0.626618268600363
0.5038919766329917
0.6354627868972583
0.7773625584604514
0.8102526446101056
0.8272840474309443
0.8774059878310513
0.7025256929854866
0.7485980894135205
0.7863632745188075
0.7141273790074447
0.9595780144915819
0.5767715592321436
0.8955808908682978
0.805936241239933
0.7048155222249065
0.9108411374631311
0.5197520420741285
0.7050036133947973
0.5620770249978556
0.8211106831032366
0.599362060365684
0.7768365911753763
0.6575746443905436
0.5600927943705084
0.8434039592316463
0.9278341689849836
0.8165762125648673
0.6740860539177765
0.6004884258586827
0.8294522280838522
0.7311482805033542
0.7185816150140909
0.9378597106170938
0.9482650640515536
0.5140716812067797
0.9004748319137875
0.9363011592673295
0.8994023652182385
0.77919391010814
0.7267191627310915
0.7650101679796979
0.8665521939761465
0.8584924693309985
0.8540774728498224
0.6464403245732439
0.8024025119121946
0.5752944870431174
0.5382606391585754
0.9373149871565845
0.977757926078718
0.9205773022760395
0.9051077874158885
0.7635911092739188
0.886874561052488
0.5828651563620868
0.9708741833204979
0.8829647798692821
0.8187994433798835
0.6413180166839964
0.9917831691990003
0.5807541376372534
0.8829080706793824
0.7842688568597906
0.9564858984323992
0.7961148648592693
0.699150985063017
0.6072538326126697
0.521638071730585
0.5385970501446321
0.6838059406487802
0.8229101207135887
0.5237673366778971
0.9633119996237138
0.6128007794428255
0.6653259071305387
0.9877425479038661
0.7852312570889542
0.9302043291882591
0.9333231877188377
0.7667380496575834
0.6456248599410469
0.5453871795033842
0.9092208715394919
0.9020573066454156
0.6246361648899584
0.6201410220787174
0.8770944395127606
0.5853062854361001
0.8922212539085794
0.92549366046272
0.7813957005540798
0.813864389387455
0.9189354554501753
0.7971413453496674
0.5927502055542315
0.86998965922044
0.5684760346543053
0.5230564048451192
0.561118673918058
0.8015647457159522
0.6030298799300249
0.5967583336588024
0.7219761772922201
0.9601605337161304
0.7116663715739968
0.7872162331794313
0.8901996253423089
0.8782065715278012
0.7548278358182823
0.5857943616704883
0.8319790420229152
0.9844157620953689
0.9821140039767707
0.9595364063220512
0.8073404204664532
0.7751334397097472
0.7181031054357939
0.5134534969028779
0.5253248243521002
0.8479919433699243
0.6705186205889078
0.6268928930019713
0.7564583706393613
0.661865890288104
0.9927234869995083
0.7254462730389044
0.6379917611765865
0.6302164136225341
0.5057670692594259
0.8163635698638901
0.5980970635348763
0.585219015242876
0.8409029817297694
0.755266076296255
0.7708016884686697
0.6185359529613944
0.8007388606320179
0.5614158586316448
0.8474345039479405
0.7604506925420291
0.548371534637629
0.7066653192862971
0.9944930906482949
0.7942035184602548
0.8501009308337169
0.5601214429377922
0.8936598407213259
0.5556663900906254
0.7891729687292762
0.917977605033636
0.8908411943676718
0.7198017869647486
0.8988317824573966
0.8063953884580086
0.8335102516602412
0.9477115815432757
0.6575163159776959
0.7265251819022378
0.5545100447610999
0.5138501122158835
0.5501900335641056
