0.5428970925492852
0.9047241969954656
0.818925218916632
0.8151486450502208
0.7807575500853877
0.8282581361799143
0.8563449344474346
0.5156067018846947
0.8746077827012996
0.6996134632984518
0.6295569095517226
0.9064003596097044
0.5698776070426433
0.5060633858332504
0.6916929572926676
0.8296495351450505
0.751238712971647
0.7677033901774394
0.6718084092766377
0.8684774519139318
0.5254983753942986
0.6464332348478073
0.8740979063327218
0.505511981568824
0.804362546880624
0.9369741651658205
0.781941044969837
0.701047610690652
0.9764892330726835
0.9219317407933348
0.6629394480018075
0.5260804241194358
0.8348548905409594
0.7448765901914338
0.7389698157219174
0.6909291047683669
0.6960441078459796
0.640138728328377
0.5982799962279949
0.7213381497510309
0.9630871693680801
0.9112693062466454
0.8980574361741698
0.6946861345602295
0.8482362140335498
0.6560133121387417
0.9827220794133735
0.923237992273984
0.6828713276253482
0.8535627469121637
0.8770294947094226
0.526225317885831
0.9211519148443323
0.9448072026052905
0.8931049361995343
0.9189964288006839
0.9298759847372113
0.8897799826371626
0.5524936081578268
0.6192040424168602
0.6015057619541981
0.7039925502421238
0.9760685112526328
0.8530491033929425
0.694978156893209
0.6853980017372527
0.9359316598969387
0.9019335794115172
0.8459225815240103
0.7896672082017416
0.5662969757269493
0.5737215837873911
0.9349661862830314
0.6944461832187581
0.9116519257100755
0.5553053140931026
0.6645938415058478
0.8535575345882188
0.7896363132031787
0.5942120607299597
0.6720644986868743
0.5751162160105069
0.6095656635861808
0.9365340116916842
0.9437351992864806
0.7244696836823793
0.6377876180060235
0.6598473254182928
0.5505989803743851
0.8764468215517378
0.6026503439954585
0.5554313375282907
0.7001661179638081
0.5707615353918162
0.6022231128980993
0.8237562931701562
0.5541204249725081
0.843171491929748
0.6239943922988593
0.8937247192014076
0.7979520778315476
0.5265578139199041
0.6831290676468874
0.948481909582733
0.6881113902281175
0.627388112931663
0.6413417608768338
0.9716520791732739
0.686012651132412
0.8191155606886371
0.5948027687545292
0.8045241021683801
0.6811081202435983
0.7502846452044439
0.8518279816313766
0.6662372071794593
0.9788993810448874
0.5963607140380491
0.5290807899109675
0.9157315338022096
0.5262857667187189
0.7778438448706164
0.7647404357128349
0.538013107090244
0.9780307667272077
0.5317307462248094
0.9429262416053127
0.5748293878645075
0.6036111280554024
0.84657541021356
0.8478150832793954
0.5511350827470901
0.805635778212743
0.565528215948345
0.7366199080896237
0.9490956048960822
0.7811774780223149
0.5268272015651073
0.9979825886705551
0.7860292195241629
0.6759471006514631
0.6605993575442103
0.8836112781605865
0.5745931049469075
0.5051101687567787
0.8003526415092699
0.7834227726573159
0.7202319822881434
0.8049547132633317
0.9288199789363083
0.8369076651315063
0.5901886790960176
0.721255184712823
0.9170785182812504
0.5417064653704975
0.6372407374207947
0.553647767632528
0.8638046857412878
0.9873732777034773
0.8826822656047542
0.729154534544501
0.6122818341916109
0.9174916145535412
0.9034889898543976
0.9760597982707665
0.5141015931959108
0.7500952822561362
0.8896977441244804
0.8297451947463556
0.778637504819195
0.9011051350931572
0.5392926208611521
0.6525490226122657
0.7135600332382102
0.5876653228147578
0.9920657769275028
0.8451075227712298
0.7639487238360494
0.6436989619363023
0.7101092154352568
0.5346804339666419
0.7342567667056108
0.7158778338375271
0.954843487266739
0.8698461090579378
0.5327989517552398
0.545823126402956
0.5515150836141047
0.9740257574499064
0.5104380336158562
0.7058857587002164
0.5194722423784829
0.7141115882058128
0.5987324945507096
0.71824224914562
0.8156120531836744
0.8688955070814599
0.7572124183392034
0.5571453648394835
0.8345359926280216
0.9488758185094592
0.9681300934180955
0.5594013107309623
0.9809963455328371
0.841884203559382
0.9419281250700249
0.6041690517945115
0.6263846532315576
0.8361298812091139
0.8664359526184956
0.7613392147493493
0.9915441551000909
0.7929796817092591
0.8446648643900146
0.6426627949787286
0.9450306903072334
0.9009331543071494
0.8069615807388577
0.5144894692726597
0.7935580181961396
0.7731349044876386
0.8219154475103048
0.5483178344219531
0.8643025197186531
0.7501965936855156
0.9622741735611742
0.894630201029179
0.7977459763281984
0.8169893662787993
0.9436067592426296
0.8732739684650916
0.9540671024398766
0.8488757666797072
0.7419131815875761
0.7597712385639958
0.6359630775000891
0.9847042320162039
0.6027810242760756
0.9730553770181642
0.5937691126531849
0.7503213902419884
0.8432943633273784
0.9517404999405212
0.8315728377068619
0.7602047176958813
0.9315618840963473
0.8336024957753695
0.8684012303637695
0.9195736291229845
0.6085759764833337
0.8876491619099788
0.7639480964070895
0.8077580049351033
0.9459364567240096
0.5230985861834261
0.8770789263841083
0.9524471039221006
0.625536313447741
0.7018378349280034
0.7975761995212992
0.7566520716155002
0.8646996777353188
0.8390252148416056
0.5976106124328492
0.5428175215327858
0.6412697824506569
0.8034003597733298
0.8178637940854018
0.864802936939483
0.7871758557594981
0.7632848649182253
0.8379912253081729
0.8908242196480868
0.5747867597395805
0.8789559626412948
0.7670275133479026
0.5427490809992124
0.5065296144994941
0.900396381620513
0.9029956339675992
0.9499087470111608
0.8567103694310192
0.5622168013939653
0.8586650721113409
0.6715908425591629
0.5410485897367139
0.5492996156817652
0.5400798776045714
0.629060503274293
0.9238896995505744
0.5548275158310223
0.6484634169326573
0.7111759100760102
0.5699020109873159
0.8382278045406275
0.9874152983585804
0.869695646499075
0.9033162780145728
0.5065843525070777
0.5289971852635127
0.9075237246819008
0.5879752794310666
0.9851166023254362
0.5098830968096337
0.7311727897980782
0.5145252451788898
0.6664006886779142
0.5679970382936521
0.5297738415386543
0.5797539804320395
0.7332711178950225
0.5449317547936017
0.5104465058032625
0.7559868538149317
0.9163671243107481
0.7163744478269102
0.9475693762415336
0.7773469779227321
0.705761728643958
0.8044714449129885
0.6869891459493246
0.8576937054599533
0.8630885012275265
0.7272920181144218
0.5177324916999108
0.8140813829015119
0.7680007898876735
0.841838395322685
0.7091712398886701
0.5743759173146952
0.5130707996139325
0.5695768076452087
0.6179297593488235
0.8145384951152195
0.9908469845727594
0.8461823332256755
0.5153661998602262
0.5851795812950072
0.6252936466157699
0.8251168199722102
0.9778807144819355
0.9045749641199772
0.746473659192501
0.9114077019440829
0.9008745307071089
0.5285103846770973
0.8423708957668304
0.8125233884691373
0.5165236768287083
0.5389384991583276
0.703301057574364
0.5789845657978384
0.5414799907208024
0.7754142081374502
0.6580753893389081
0.9217722056756206
0.6240017962731844
0.9332460903939339
0.6156293081042008
0.8192573927599287
0.6503469605466711
0.7807226012227404
0.8119601356393633
0.8799871404626902
0.5197087302822303
0.824985456630155
0.7641433592761208
0.9792996096266896
0.5607916658191276
0.5060611042975375
0.5150387558112804
0.549567849456086
0.5184721748002128
0.7046274913552073
0.6460786760212309
0.5331712091217495
0.9136025116388654
0.7703840746505682
0.7740736483362837
0.9380214720113695
0.6944719393005975
0.578684297745867
0.7170755221485523
0.8194456075167861
0.6175617281641538
0.9792825163140578
0.9558394236838585
0.9488364261686784
0.8810307280262928
0.7475691369286924
0.7029259746855396
0.622499854489882
0.9806883982965836
0.7882751725355925
0.6175991771812503
0.7319160298609448
0.800815901582953
0.7201675842108989
0.7682131151226438
0.921376606676043
0.5065307726383687
0.5456012553055682
0.6969257580077375
0.6292242231379767
0.6685927182714794
0.6830289548546961
0.8374635440351056
0.8314891834633829
0.7804526975655446
0.6948961210347848
0.7901713345848571
0.804378124846854
0.9912084483434613
0.8767093348169192
0.6461108588475978
0.838902348596728
0.941059612553416
0.7042233911753865
0.8638693293872972
0.7057839162414612
0.924368222092899
0.8142605313132308
0.6526525147357355
0.7943129753222468
0.9898628517412019
0.7566303659854313
0.6039067390057806
0.8245237371127775
0.8531066933357558
0.705260642350717
0.5096464714247558
0.744763279054514
0.9495436943064675
0.7315066264352992
0.9052542164094538
0.5934101148263617
0.8755489428427242
0.8468037284345391
0.7136900752457751
0.6266065129534174
0.6211458246401761
0.9689530120127554
0.9891541349431148
0.5693084015002492
0.5256592062373007
0.6015851354196491
0.5391872812544772
0.8464100058083429
0.856734078055375
0.5319648859319636
0.7029152191715384
0.70386461628228
0.6791803950159259
0.8993667075296107
0.9200838248842497
0.7975733225099076
0.7527998036144089
0.82105816118107
0.574748658077698
0.950771953715285
0.7271204149412056
0.8943675676268772
0.5950243021967068
0.5442563554082531
0.5880025219033428
0.7559682191522655
0.5183731038641448
0.7039012012364063
0.962046086565178
0.8162247242941317
0.5375263158978517
0.8745061365941879
0.7719215681210038
0.5417060200078732
0.7516513055608081
0.6515506700532345
0.7551111420350367
0.7723300933938675
0.5840267587594207
0.6259340412518308
0.8998845789568549
0.8916568405182709
0.6871910522882942
0.7890355660787454
0.6936339166969533
0.5728055822774711
0.7202980165322198
0.5743479216887638
0.6563570786169648
0.5488159816721523
0.8312611749581867
0.7031925683329497
0.8106193766837011
0.9584479116344167
0.8987100053776362
0.5498168660303276
0.9086508311660509
0.6531330498352781
0.5554795344312311
0.6591908693423336
0.519389388301384
0.7800456909097092
0.7357190615085484
0.8172778468623367
0.6575546549345628
0.9726434514946474
0.9682481493174963
0.8025282824703994
0.8707313742279382
0.9195368041178384
0.8724319089309966
0.7742296570687237
0.9683763923907619
0.8536765997579567
0.6091404143447781
0.6587873791749217
0.663197976209772
0.8116558742631916
0.6759296835242058
0.5467635934079618
0.5739212381195241
0.5090304597709575
0.7644144927590028
0.7259742765660839
0.8582146383714654
0.811978333503363
0.9773396314569665
0.8387866264109572
0.9257577750004495
0.9657538590258864
0.7468276186235497
0.8636819487791244
0.7742085980638775
0.8696993420836593
0.886635208917683
0.6598473254182928
0.734340293047763
0.966684016891179
0.7320274893275541
0.72558932608588
0.6284457352347702
0.7439750661656368
0.8452373216496115
0.7448936717961848
0.7563802699408838
0.7269081096110861
0.8572880855827527
0.6541388432253262
0.8767030419909886
0.7397476009832508
0.7185057335265718
0.6150715761824157
0.8540373606316115
0.9629925182133521
0.5479051618351674
0.6851728335986244
0.6853937459891768
0.5889336561202491
0.9668377983776536
0.9003526617134631
0.7269826803349274
0.5630568059670259
0.5739669805388369
0.7822897894743859
0.7608843046718872
0.6356060006363214
0.5901307337210416
0.7540880899911295
0.5338356435593555
0.9903513993435396
0.9780803913571285
0.6972602669167904
0.594422069660813
0.8656499106698846
0.9336932497633847
0.928160163510463
0.7843472902393875
0.7909323679241282
0.6836314646771909
0.749214854828095
0.9556233982390302
0.7650805724053825
0.5128585467406128
0.5395333391547283
0.6573196087028561
0.7952056237103545
0.84343831053305
0.5786448438532095
0.9933176890281492
0.904089922524294
0.9932857943431223
0.9934032427861161
0.7599279666292095
0.7843244655143188
0.8352190489850932
0.8280234292510645
0.6105877631921321
0.5131567898310755
0.8857492226733489
0.9074209058823346
0.8151428584268833
0.958993943469148
0.5864301292664275
0.9808307381492845
0.8860970194366152
0.5123551728337207
0.7584667040550659
0.7683869405906624
0.5625970041038674
0.6446305888572688
0.8266742756922304
0.588211846277487
0.9546001740306479
0.9828105048383551
0.7705868792711419
0.7337271826392451
0.8228827268432365
0.9832054133274806
0.5690999941688787
0.5205816222834008
0.9593906569763593
0.6028226505024101
0.5837519481561014
0.8884451135830135
0.7838305494498216
0.5552477403047643
0.6343233942348568
0.6022160613189241
0.6247274709295352
0.6645161314024896
0.5877294227480987
0.6490123173933307
0.852479268696965
0.8043819174181769
0.8593450952745362
0.6197210680773085
0.6275826800225209
0.7666998128769831
0.5239776144366232
0.9066028059692569
0.7110512548273606
0.945935142773511
0.5347528440299998
0.8662320975204555
0.5962511900138503
0.7436068053910968
0.6838273197628864
0.5748150424023033
0.7764900786574441
0.8859571157867316
0.6228206311532204
0.7431795964436665
0.7020283732608393
0.622059087539043
0.5801168930869279
0.6728245303413455
0.6394862288802445
0.8503268531733225
0.6272602417448085
0.9799868786066122
0.9155146661737531
0.6656131216313538
0.611310523876684
0.7881966100288884
0.887788335657426
0.7763444557635886
0.8154182552975835
0.6184050140206999
0.7996905700312917
0.6465953708113698
0.8017966810997523
0.6064024775262107
0.9281749324915698
0.5410431279425948
0.7339975622085593
0.7764636106716889
0.9790474430741327
0.9930450940086335
0.5342091082440498
0.6591443633525336
0.8321368980426538
0.8886932368473978
0.7972333188532266
0.7111023883065838
0.8029399132383719
0.5469416558310015
0.7299447554924632
0.5358960468815335
0.671493419155676
0.9033289362333967
0.927137381994345
0.733157483847201
0.7673527502503523
0.9560810027891276
0.7493602433197415
0.8354211931231037
0.9276521072582892
0.9511657814717226
0.5608682044507117
0.7098178580847538
0.9363254834406048
0.626267849005729
0.632779211574343
0.5337115594459002
0.5360979268956303
0.7342548784086177
0.644851863373278
0.699131230046938
0.7514470061578523
0.8230726660697649
0.6441343461124911
0.6195709366943076
0.6221721651838996
0.5775864393374409
0.8907133073372356
0.8048838720321807
0.8867483915714891
0.7896077694993617
0.9911260668452263
0.9697026099973766
0.8067877438178171
0.6327243184964356
0.5886555620276824
0.5516565406777862
0.6305834794796721
0.6661427971719386
0.9270938539695205
0.8471367596278127
0.5039835750121321
0.828129006016488
0.7811413760115155
0.5757685167447024
0.9507095539998225
0.8192377883960537
0.8420920903995023
0.7317716929466974
0.7863892190127554
0.6652714367277882
0.8109174742239397
0.538883484384748
0.649611860590678
0.6784277957150773
0.9026150317281714
0.6582668667465162
0.9381303418607604
0.8891041201615701
0.5700055107229164
0.6414497844866038
0.9737505785857067
0.8560755936418433
0.9908721100916933
0.705214565040626
0.9403683203479707
0.7930608154576937
0.7349134435336883
0.5478410218855809
0.666575245251658
0.6400925628218503
0.9600236579017198
0.742994209383525
0.8459225443710029
0.6116871805590303
0.849304583645009
0.9361167703921426
0.577460942716428
0.9197102885742884
0.9779913081034957
0.6135570876750632
0.9606490354001253
0.9724613633863125
0.548781366349154
0.5184017407744167
0.8998637492251642
0.805193350963254
0.8666664969557579
0.790695699142871
0.7559947227449522
0.7817288689658519
0.5816309791470016
0.7730685584045802
0.6755729952557618
0.9770648543157188
0.5921549702430636
0.8863027635492644
0.6492540656858821
0.6297777728527154
0.5653338187338363
0.5582701897434221
0.783171903628471
0.7887157089255352
0.5019376318137491
0.7639642403598575
0.735264826790223
0.729801504438946
0.5065981407035106
0.5902395784947005
0.7780348095731386
0.5662229498084961
0.7658932786361563
0.905491674086846
0.5570519877496378
0.9592076147477606
0.7871955016765675
0.6576462034361629
0.765100980002649
0.9729048723234193
0.862198931679719
0.5386229057173086
0.5610813925790817
0.7179493113844831
0.8719600595831913
0.6024560268187453
0.8326136315932986
0.9858428222724495
0.9939278040770062
0.5769418304285091
0.8854412065463368
0.9064132112395977
0.6843635408906246
0.7519653497751058
0.778396478928878
0.516642788066174
0.8166196156595278
0.9218663742035664
0.7791190431322385
0.9643387256502165
0.5350610208534456
0.9060944205283199
0.9345019606430375
0.6256642606978063
0.8963736499564057
0.6481724634452884
0.8354117910172729
0.8084825826219592
0.551587784885202
0.7266090966470781
0.5543446162012725
0.6534584446192625
0.9442328775487837
0.7431693759023721
0.8266942837781391
0.8186559033597188
0.9211927333182351
0.878845544264664
0.5906243052731391
0.5308448703932207
0.7844026538213111
0.881614316444396
0.8333328871483379
0.5635855441068999
0.9154473131894816
0.7679051964048915
0.7252486650279963
0.8047817608946576
0.8362323274775624
0.840854077501913
0.5469498206396115
0.8454485671451586
0.7350811083005431
0.7661172427458557
0.9004151590029799
0.9816428612204517
0.6203623184361372
0.6891495187897441
0.8503963094289189
0.8984943096609174
0.700515634759585
0.5832940200106963
0.8019297470854724
0.9032072979431687
0.6426416169612178
0.5591583806842632
0.6004394894455656
0.9002629505997065
0.8257296897741042
0.9882717379461526
0.9242138073005491
0.9849358457821573
0.7187672593920654
0.5490694666331346
0.8650408586246038
0.8866920275471429
0.9165028280131801
0.5220887418545263
0.5356613276989038
0.6489781873333339
0.9395922947722514
0.8954431846155394
0.5639248200958458
0.8406307172835131
0.7462232226878606
0.8002096280110328
0.9658144309372511
0.5567885607160912
0.9739102659544214
0.8665873899761224
0.6345891394852715
0.5370205037645417
0.6953530631935552
0.9593932226944036
0.5211249690556364
0.6928242972743821
0.6300626947200934
0.8489096356634459
0.5277233095892412
0.6234175800961324
0.6126227345687209
0.5227329763664396
0.8867698582552181
0.6710764211061849
0.9184499767569276
0.994112126097714
0.5350806227275907
0.525983444097159
0.8342911138258612
0.8011995732625387
0.8136119406414206
0.5818471101416098
0.5583160623391776
0.8987468997979441
0.8757422071648766
0.6349374164982894
0.7670923832918828
0.514147344975431
0.881498439961347
0.658926187519276
0.7171747434254098
0.9792832610387282
0.8696766565532884
0.7418144053497007
0.5235853346364879
0.529415303256136
0.7283641959125475
0.643225326242757
0.7087431849564275
0.6099799982200024
0.5217288513863563
0.7096898936760069
0.8830791697240506
0.7439941511563184
0.5765198890003773
0.8573049708097068
0.5644854358075541
0.9034727484737849
0.7602460247985486
0.8572933361019549
0.5949484005529053
0.6449997494993096
0.8923390228631092
0.5412323496100492
0.943528180568724
0.6659810648083708
0.6597353596692219
0.8963697927605414
0.6091015862229131
0.6189687052078771
0.699939849921844
0.9040306903138146
0.6215028004956884
0.6950945112264193
0.9051621589787674
0.7372130386763119
0.8925172729740726
0.8197233354698915
0.7771596575924014
0.7834277960852112
0.9621922239444001
0.611957689578854
0.910166999760969
0.7472462625147073
0.6663454878414806
0.9529793177733026
0.8890810092023678
0.6986981742220497
0.913933373803027
0.7903934388757745
0.9087469309343228
0.7303159336920948
0.8516879335738703
0.7743898533987484
0.9576908560024044
0.5919986437658046
0.9075223132327319
0.8775519934566349
0.5236892646677079
0.9370423091178514
0.6360441511095092
0.8493481871872592
0.569179981340216
0.9387887258759686
0.5903857158250717
0.8359277336812081
0.6731579045993407
0.8436376603077547
0.6610263805676769
0.578379838037247
0.6321407020758613
0.9373087722696398
0.5519632671576554
0.5462019774323862
0.6316484088911243
0.643790643517171
0.9196829627005788
0.9785595606589363
0.6575786492311867
0.9695870888615703
0.5062670456733166
0.8265701108562863
0.5200485186950381
0.8589147295200067
0.6613811979504
0.519204324138601
0.8880724162232678
0.539960155647582
0.5083929015101438
0.8015027445784196
0.9005435104280288
0.7525253467081073
0.878289065183701
0.5289953427759284
0.6956304571138123
0.9176000717731001
0.975246527320178
0.8781516948099538
0.852971355296632
0.5234250379895455
0.5227379285808591
0.9847632397402187
0.8099868771529617
0.9107195434702441
0.5473577663064441
0.9674575925688257
0.7095754125750982
0.8456684496262611
0.5862264407086222
0.5926261002181732
0.5499046179094957
0.5186535196934392
0.8056035963786874
0.8949746794839276
0.8817048074104071
0.8795735027029553
0.606349946501396
0.6947202626534621
0.9045694938406342
0.8290250111189741
0.8440200041842052
0.8528126554146421
0.867867123700301
0.8067383038127732
0.9641134674064347
0.9494085254178108
0.9650165933618281
0.7196749399870735
0.9286392664302231
0.6081203733958316
0.621261972202176
0.9497273730332545
0.5126779281849188
0.6906185734934271
0.9618811446389125
0.6258180662031981
0.6247879159122802
0.6796871455942284
0.7899299780067185
0.9843816185554147
0.9337069006563788
0.5923863420846607
0.6044927591795838
0.7460252050674693
0.5111581770578828
0.6332255854958437
0.8255459768351404
0.6777394135451587
0.5030263719923429
0.8786172103276113
0.837998913683907
0.7058742044480849
0.6603290759290606
0.6932058608483819
0.9712574511895751
0.5345521809673249
0.7898712472559979
0.9086858200386057
0.8109495999900485
0.7465203072207695
0.5220712926848082
0.5174364809652827
0.8628350167786029
0.9808969343430886
0.8332742585556785
0.7545088331594983
0.6332170418402748
0.7588955371111228
0.8671871905750306
0.79898658201177
0.6399298849914526
0.6967738782879909
0.6307236246895506
0.5657021716517883
0.9261309991798603
0.7635425138500013
0.6593811926708134
0.8972482394851062
0.9060574443134488
0.9734631110620049
0.8900102101677176
0.700807774736641
0.8341196383721087
0.5605551879677155
0.9106107828938786
0.6086381312859394
0.5272629127972062
0.6951244124871759
0.9888800518955697
0.7518244952914197
0.9331400394816491
0.6078821118034982
0.700760880865665
0.776101310456919
0.5666232516222762
0.7983864789826204
0.7665862467278827
0.5633221334009807
0.9834376106055074
0.9655826954341598
0.8175541975953251
0.8129547117808089
0.678578827394083
0.8328691042279298
0.9505504379725176
0.8588148286490322
0.9492079783353584
0.7484725837178403
0.8478380816661668
0.7449247481040127
0.5639791712892103
0.8148858890987906
0.7400784532985236
0.7881883681884738
0.645563296536523
0.7539939976494074
0.8840664174108545
0.574743979131141
0.951957371318049
0.8221475753072574
0.900228511858794
0.9272500570731649
0.5130204021127631
0.6623537566189427
0.601207119167471
0.8528175397290473
0.8194213358051867
0.7377493711869414
0.6661333601243634
0.9159801261161367
0.9342908603113
0.9284380155592572
0.6400337191021621
0.902739698653488
0.8514626760845306
0.7434640413797319
0.5898887647748068
0.8011029648834567
0.7275128649010489
0.5284812619599207
0.6813377073390875
0.7285877990756061
0.5706603184011358
0.8259501878671731
0.9339873278708133
0.867700849915431
0.8227871535773795
0.5619690522947787
0.6653107975227751
0.5516602248906662
0.7148575318452333
0.7058472783301313
0.5108294901256197
0.73758764357061
0.6302735748020636
0.5201092469390511
0.8149610582771917
0.6772351931258135
0.9038265613897344
0.6315866979602607
0.5107543253813992
0.8102097323172923
0.5550456781881569
0.7913710448892064
0.7764442534701991
0.8935525859921255
0.735889589704738
0.6021574120176283
0.8774574901535745
0.6168314023374658
0.9374592123136114
0.9148592852648392
0.7173883258524589
0.7268162482806871
0.8998207579574758
0.5834033988683798
0.9241792272319748
0.6277373532375747
0.8770282532724591
0.7365277602529374
0.5122479200260392
0.8313792752169341
0.8972951761430691
0.9306723647628425
0.920227627739935
0.534748482651503
0.8203858435853373
0.7117402841124492
0.6906546117271264
0.9898236558304224
0.8306853714254308
0.6866485202381671
0.6313331006951824
0.7776182093345705
0.5363211788001334
0.8582167803548827
0.9804057566128173
0.7179819327465274
0.8288723372347192
0.9100934019031105
0.5474421521119391
0.665650319006195
0.7879078382498242
0.5337930219661282
0.9022346030514348
0.8240509995556102
0.8065099423143163
0.7296058725823251
0.5489668293886688
0.6584060084989442
0.971926005146642
0.609245945022463
0.8441914213803615
0.539282580737656
0.7719888566949832
0.9909703399179329
0.9205055281247985
0.7833705174119628
0.6043788746502279
0.5254434957363072
0.5690970908430072
0.9431598290954897
0.8768507375191372
0.6993417153960106
0.9323894651982035
0.683743551351292
0.8079022939458397
0.5575641632461498
0.783731704692324
0.9386711706184054
0.7611784410967444
0.8633876507563801
0.8198498821804979
0.8119252045605416
0.5956024513357701
0.8610939883359051
0.720575674674683
0.663227706320955
0.7762075452956131
0.7357274879158294
0.9349374078821767
0.5803238379731287
0.5450239077885388
0.8853384179905099
0.8033395202976988
0.9781726676799649
0.9160849664672209
0.9473973135196163
0.6613429900581433
0.5255617980624379
0.6221656632132061
0.7141637096106376
0.9674050937520662
0.9166027050850172
0.6884510720074857
0.7549781857080328
0.8153167780173481
0.8931141340613941
0.5994943707229539
0.9527055723101971
0.7075689939934753
0.6278161615487826
0.9884307565285759
0.6482108897084762
0.5338418918191999
0.6142661792235248
0.5200399661693438
0.9275715510928395
0.8498683890817547
0.9903881961976502
0.9198388661317043
0.6602522962175087
0.7537134407087649
0.720412137812139
0.7868198470295552
0.8235255772591175
0.9181685088363587
0.9854945766431668
0.8045184954785451
0.8069223950879406
0.8005820777833864
0.8082824843411688
0.8108449413608273
0.5544881709895855
0.5218173646026851
0.8577498715164569
0.5644628960293143
0.9230131055964006
0.6627649672410932
0.8997964556930942
0.6183166069579792
0.8539361700493661
0.8142889299273324
0.5150693947514265
0.573150528054115
0.991768103537483
0.717181775694784
0.9326196703800609
0.81278223475852
0.8275913775900069
0.839550232603771
0.6652011360609157
0.5631977187912889
0.8272905662057455
0.7825042364337775
0.575256763207109
0.9129813556524593
0.5162477362114014
0.5987114845538596
0.5074410674180015
0.5602293764719998
0.9427284823692565
0.6037213783239194
0.5768239030681793
0.7911224951204162
0.8023878906069591
0.8417833697136322
0.5855501863304349
0.9352400601839876
0.7286976488335304
0.5497916749668912
0.9561328419692259
0.7463915771275791
0.9893929872199021
0.5057657403579107
0.7977675967290442
0.6367840658471748
0.7287425570443173
0.9564300581172638
0.6757587250523425
0.7210268047039845
0.841511838563196
0.9262004944522111
0.8440667888442599
0.8124642516052838
0.5518894731105992
0.8251765150996703
0.9307378370190046
0.5032898249104868
0.688879640081485
0.819278292763883
0.7489350900395274
0.6796036401370897
0.6863276244839943
0.7298285590513767
0.6445614068051654
0.5929078077244824
0.881244413995606
0.8266566666706334
0.5686286235003211
0.5197857672215611
0.5352734771040653
0.7515301312036492
0.5618596682153291
0.984696973923895
0.5241734489631849
0.7103968098415221
0.8911587731626216
0.7624892747600555
0.7300168873418181
0.8751340042319224
0.7729184513366897
0.8125601774171828
0.9340316870978186
0.5645241645795122
0.7612485800439492
0.7049713846784572
0.8781355741895296
0.8731313154791992
0.8870009745756806
0.6801373512964709
0.6930062520571734
0.8956483533651037
0.7012184146142622
0.7985169623948379
0.8265741603887115
0.9653641728322009
0.8015635232638743
0.7335986528994847
0.9823466974584015
0.6739659082416294
0.9825266032067659
0.5596591662764141
0.8092530496780316
0.8885757655395764
0.868468775280753
0.5860048824405618
0.7355523967975832
0.5067580218820541
0.5829514877143241
0.9552046422292639
0.9227128909408449
0.5752784000004464
0.8928592714066992
0.7568473323016812
0.6525035210343095
0.5948845032439946
0.7705217825839143
0.9091360898183877
0.922276564367576
0.7730233354661099
0.5248209055209254
0.5208745363600249
0.5969716336346473
0.8629646289547255
0.6780795092344645
0.8516343054149531
0.5366190589651114
0.5473605053991223
0.8322755503047011
0.7205394003383765
0.9692015023087259
0.7183738097890751
0.6108719787581768
0.5921365664735089
0.661653628403627
0.7936451566130747
0.5069760794105438
0.9836502722426508
0.5587498764037455
0.7164580904639849
0.985158472917916
0.7672088436469751
0.7132121291300636
0.9748521748425376
0.9499248506352067
0.737076611522904
0.6899502398319065
0.5337115594459002
0.5289232515146174
0.9146749173266387
0.6556978241182362
0.9315433321701421
0.8459836791275289
0.844560554299993
0.7785220064146503
0.9110404019718817
0.991545711676001
0.528181516892411
0.6866804908325501
0.6954198932514313
0.9313378685242168
0.5127713565933222
0.7137484362262809
0.6749846570260799
0.8919428555934795
0.6533183235402429
0.9015289373861188
0.6509883834518833
0.8771309947901248
0.7461484375462357
0.6270912123534326
0.9780021996300813
0.9472169387858309
0.9421356121518547
0.8724648339392956
0.6540431410661665
0.6839472767098499
0.5478268932202961
0.6604529911976051
0.6987240644303937
0.7696176697102535
0.6776404156378988
0.9358887893175131
0.8145793204459786
0.6831740306194007
0.6392756898419899
0.8026756779913419
0.9046279029475603
0.6425261563288578
0.5108090497018437
0.8844706075848092
0.5642199872439125
0.8720227892075093
0.672705363772646
0.6831722782407834
0.6112067844080642
0.8735043764773731
0.9720269467258622
0.5118736953411647
0.816713118526991
0.8035575034082656
0.9108535277012726
0.9570711604131065
0.5939349068846754
0.5657920199281028
0.6857498602298607
0.6705131406941929
0.7615589822389217
0.6854536181396709
0.8117600169600855
0.5613900677641727
0.7267010004952787
0.7395440619761385
0.7224371405487062
0.81769954774191
0.7022095216762119
0.8975806582008744
0.9388172587389814
0.5682814734844195
0.548044922477147
0.8699985342308247
0.9476055653357518
0.5767342159416229
0.7894904004026927
0.9706783487770676
0.5135026448027374
0.9143360580274229
0.6653598027158434
0.8121753923066903
0.8254208153013421
0.9872707189849682
0.5166462841028563
0.7240239918549839
0.8794885612269057
0.7391455664826807
0.7872928102638281
0.5753589740815986
0.9631849047840706
0.8687279630210802
0.5153445758056647
0.8024887791153155
0.7814716775329926
0.6327461806530126
0.596724728793305
0.8418939522779428
0.9043424550537623
0.5233825548733764
0.8038601979747609
0.6439634876706546
0.8045926476910764
0.5424520897237997
0.9227331540218736
0.8691268519638822
0.8795290088827225
0.8925786647332757
0.6146949599982278
0.7132369692978686
0.9655885791500309
0.632039915916177
0.6072780392973368
0.6288807484854687
0.8907936061163608
0.9674667003370544
0.8520615566321748
0.6362678018650733
0.8223498669341592
0.7833406600373964
0.5950498408939827
0.5250535424442836
0.5618053440170985
0.5501095255101164
0.823311662553973
0.5489102948847759
0.8394597676548232
0.883841826135161
0.8379368495963323
0.9675091483985421
0.8853920095234269
0.5995502803774192
0.9458689008209384
0.6193459883861114
0.9518049682473408
0.5764585889318311
0.556851611470297
0.9792311337481716
0.6693785227218553
0.6556638707932562
0.5162643557068878
0.7939760825234652
0.6548348215763911
0.8127604515438879
0.756899538222438
0.5717471438407186
0.6405664118319192
0.8417751748515733
0.5349356645106093
0.7773370371814182
0.9520836284643291
0.854560822464326
0.5164381091000414
0.9326358786205975
0.8894392650713967
0.7107122627435446
0.8969824964598476
0.8396432919225737
0.9046233201073501
0.9208129964414501
0.7909821155105055
0.8528695002418814
0.6910082017624715
0.7075632306411992
0.9071925629636972
0.5950535762528438
0.6116027935972594
0.6740413776032532
0.980844396934414
0.7950263145684997
0.5607461014676617
0.887805758648841
0.9236205635178053
0.9299828287717321
0.7614467996961987
0.8680257836574757
0.5707070056313315
0.7734969217250395
0.8828621568842964
0.5984664462896021
0.5131632385076836
0.6480975360135726
0.5255311894046722
0.8903029517530243
0.6907815530312588
0.6966688054183365
0.6102839198613865
0.8207849032597231
0.534130240683093
0.8046213169547805
0.7673388359370521
0.920731244398403
0.6136417438033807
0.8080668430873678
0.822994805036123
0.9086687890856708
0.8082963057393935
0.5054285129028705
0.8973701767232347
0.8951153852769771
0.5937226152131748
0.576496824143564
0.724413558081117
0.5362512251971551
0.56172884232426
0.5033077288625684
0.5534671244802722
0.695962121272463
0.533220133637835
0.5319648859319636
0.688318041156655
0.8731957715323929
0.849999995789028
0.8260268317854583
0.5196026413712906
0.7992900502707426
0.8769611677005772
0.8508164949504634
0.8998319364593612
0.9131739430500077
0.7705090832755569
0.8882153678999881
0.5663377761361137
0.689357019276265
0.87039909423741
0.7295186613578444
0.6413685186228415
0.6531281182571148
0.9377983548028842
0.9463140775378744
0.5610188354957539
0.7519653497751058
0.5432950018483994
0.711255222037132
0.8866768328251275
0.5658137924909056
0.5134963411080554
0.7100624877458694
0.7345012680093277
0.788688183796077
0.6041393146706069
0.6412061169326796
0.5994632078772062
0.9339339879462217
0.894847822057626
0.7066459170734913
0.7814933436154478
0.9858877719091452
0.6281903581324282
0.9302938523272309
0.7383568512814779
0.6669201219648029
0.6090116205393655
0.5556552548460253
0.7301179422759089
0.6456265741747477
0.7941683531091651
0.6086823814615134
0.7369572237418689
0.8696509766126355
0.762262428373496
0.5459210709355129
0.5833316835459784
0.8542399594534039
0.5666125952466519
0.5858127207339836
0.7415503400848698
0.8170574725555625
0.5927020115230903
0.8257025373398832
0.871379632603609
0.5193475549190381
0.8671055222343221
0.5462149573826777
0.6758742395364143
0.7568137410747751
0.9761010395695261
0.685409289258662
0.5151583697054621
0.6555296825894253
0.6883569456317742
0.589074426078578
0.7442285334171695
0.6302574387140849
0.6044274786126489
0.7964880194748153
0.9536197439182738
0.7401574062573353
0.9155532499566169
0.6094014200546428
0.8144413079436454
0.6347209647000965
0.9787214112890275
0.8953447502039127
0.9109916588140892
0.8702502028088949
0.5307132198349813
0.6775616529657857
0.6607726003371579
0.5418076824946649
0.8714794656421131
0.772203954799555
0.7281989903039683
0.9446584851969734
0.5142984710403711
0.9599020522588186
0.9632195620120266
0.6087405138942382
0.9467804892499974
0.9852292802840994
0.7152443375250137
0.9726272863841693
0.5865404638800565
0.9661744557218814
0.6311380525059083
0.9204112942822223
0.8323897338336764
0.9488350493316536
0.7702638857886819
0.8523717113912619
0.5150468981116111
0.9516711723502022
0.8055053918334472
0.6613429900581433
0.6934532186296481
0.7139304768435677
0.9934108011102424
0.865476525789419
0.5675027437312509
0.8064603516632142
0.5574202033083472
0.8047768467380566
0.9192613353281809
0.5718898145374511
0.7267048498479775
0.8215249375090546
0.5461075395554598
0.585642008398333
0.7359075704552346
0.8224112827043625
0.8153967332397549
0.6975562568406906
0.9364462697132713
0.9009904605677611
0.7470509326399832
0.5942669716488355
0.970947214221822
0.8559753131198744
0.8206023609399726
0.904568242330705
0.6956387324927265
0.8309587926055552
0.7728634635228564
0.7971040521892088
0.963613288155443
0.5485553987252776
0.9628048833422738
0.7491967982534828
0.7324172289209272
0.8480008981959006
0.904985991474575
0.8558377643464438
0.8079407152835484
0.6641158049849334
0.6554632260981367
0.6825524499541594
0.7063577185020462
0.5127593077868017
0.8308608712988497
0.7984595179144247
0.8556187023243247
0.9308693594334816
0.5282757909335791
0.8931439019771135
0.6406259325289526
0.7112587748635846
0.9622817437340249
0.9609067282093595
0.9008905701366986
0.715803161220576
0.6312555764421921
0.7912315501534478
0.5053915354402589
0.8395303332465816
0.5348575217052846
0.7544946137634229
0.659802832655577
0.7967821043249078
0.5127399602523515
0.8552410593760702
0.8840502432338431
0.5162029736338033
0.9112133730457191
0.8568147156673658
0.7177685003733886
0.6685060929933314
0.8971897069793691
0.684329162970853
0.5128734395010025
0.8159133563745791
0.9573141965525979
0.539086387416961
0.9960927515997599
0.6344666465412282
0.9051018520406122
0.9614212194799773
0.875689472561913
0.7115015945536641
0.9717829075987325
0.7356689797703913
0.7329586253132698
0.630201237368749
0.8192161951913336
0.5225971023365286
0.9731198504549792
0.7545953094142447
0.5335908546903911
0.9535072937700064
0.6471760322674248
0.5704458825645168
0.8871157554028002
0.5661477636513721
0.5976987613501239
0.8872067377112179
0.9793641450039847
0.6876124743858261
0.7651201771097448
0.9743682896045686
0.6218351656657924
0.5691753369332672
0.8588793559408779
0.6543053350042153
0.832867977450759
0.898630904580634
0.5236959919024924
0.7314571066409555
0.5662929393556235
0.7772913812574898
0.6465955810896203
0.5510847748635496
0.520314618694837
0.6513254686161513
0.9663320380613843
0.8698415270809435
0.5927301143989602
0.5675138144569304
0.7685247295248592
0.7713659481371532
0.526608959233007
0.5494375245112244
0.5539528332822012
0.8222405800551367
0.7095559734573869
0.6474933983223535
0.8865237003111497
0.8261707821989935
0.9142346006525995
0.8890064370381193
0.6717199543119969
0.6718444004827243
0.8159030768933146
0.5911916667252392
0.8468790591774158
0.5737395594414584
0.5154172528925041
0.8067017103336903
0.9662136363258442
0.5251546422575164
0.6651335165397749
0.7658311580944551
0.9668975656910472
0.8549593944859543
0.8024983305306493
0.670199017427838
0.5650903523194966
0.6831294969703716
0.8146253813864488
0.6852914294111684
0.7870984944726045
0.6776674643428662
0.8307643339941462
0.620909391068256
0.5628997751874805
0.8853341977162376
0.6652471881377344
0.8465240489996402
0.7075865052806484
0.5648923537602817
0.8690123040209888
0.6353894614379367
0.6078012117127249
0.8740205918179988
0.7002804322577468
0.938466007081601
0.8376776392992709
0.856777191681222
0.8525378693125044
0.7891999753531516
0.8279830894116923
0.6193618491602522
0.9708969374890413
0.5207675963997443
0.6813350089898019
0.9599857210205043
0.7820537645303586
0.7170257244713947
0.9559970687103991
0.9805503328978785
0.8154726001546173
0.7910073994831098
0.8771294397117358
0.6491976968709906
0.970510792262486
0.5675865732640977
0.6866932933630523
0.9485781335976348
0.9125347607348236
0.6250188138172901
0.6693150368135768
0.6706969157993243
0.9055157467944179
0.830766531531122
0.9271477729375404
0.6029957112803236
0.8762239229330352
0.5258137221871932
0.6006803144122252
0.966311451034731
0.8970336173591288
0.6109906237132412
0.568752009099328
0.5452466572932178
0.7221842218234521
0.8070453484748467
0.7014699898084324
0.7911761261864145
0.584014441861764
0.884678341780143
0.9002958767785556
0.9561238839736708
0.6740133459416399
0.6634578496292576
0.5322884712471359
0.6532143394838246
0.8024082165639056
0.8031752185767546
0.8793778038148589
0.8198583211569856
0.8771322589791166
0.7112052196498523
0.7912825292528701
0.9339339879462217
0.6037006108522669
0.6619620644503085
0.5811189649071067
0.5503953920187931
0.9268509246557664
0.9040873900398303
0.51078074119137
0.5427827085809901
0.9506260864328274
0.8284220878389651
0.9582497797963905
0.7896045358164469
0.6856470824193622
0.9653630368514811
0.9469010071888406
0.982560173167503
0.9699809506984829
0.9759688637293752
0.5234781407116785
0.9850530046105942
0.7928823458055849
0.7552305447625662
0.5501777742163049
0.7191412911049013
0.933651065435242
0.8607015671155024
0.957520766000545
0.8627752010767968
0.8845084434633563
0.7299191810374637
0.9961818458584187
0.5188032658859261
0.9385124124378729
0.8513119975527761
0.9439194292245091
0.7481204578614127
0.8466877277166647
0.8361445063356231
0.9771779276982644
0.5692829341559316
0.9281896886214073
0.8019357624202963
0.8904811400007214
0.9830118891460295
0.8572895839281982
0.8555747233009562
0.5476813191061686
0.8082719260735305
0.8253280450907458
0.8852056957116289
0.7331456537425626
0.981601261613372
0.9214820129741518
0.8748023996865826
0.9362706579364123
0.770267749665557
0.9006515299499034
0.7916869237528386
0.5240961219519588
0.750641011849572
0.6831512007053855
0.7023101605484323
0.5924594513073212
0.7267245769663992
0.6494281385901206
0.8994231587236976
0.8386208489354555
0.5309338515848151
0.568953505229749
0.9885963259335456
0.9695434060059975
0.5594469881448576
0.9706863190026631
0.9821791344352899
0.792470780002449
0.6209846697301408
0.747805317168578
0.8953937446606769
0.5199067154849517
0.9418082468920396
0.6879237298690682
0.9041732511377957
0.732245811966232
0.5927847477197756
0.5112025208785773
0.7372864353321193
0.8937116358965689
0.5563942536979657
0.8060697069369595
0.5844487546352402
0.7045454670206555
0.7921544072717699
0.9828121336076785
0.9112133730457191
0.8253179538206072
0.6986664291816861
0.9466494301424169
0.6817939377172092
0.5896878248529656
0.6971335395225919
0.9490622180429046
0.5155576407385898
0.5665857974141838
0.5514025374596512
0.6415480301540882
0.576998715022621
0.7368787012130614
0.5718939065942936
0.8234082324366265
0.9471936141240833
0.7908854313216149
0.6416086635666376
0.5201635854180828
0.5743837440428224
0.5076413988994568
0.7810720278058856
0.7889558478963911
0.5260575836285304
0.8397702633463457
0.9140264220239375
0.9315118322180386
0.7750498980256434
0.7855810537353433
0.9092031927976693
0.7213894292753369
0.8773659143331967
0.7227790381345575
0.6085608916324257
0.5559214052591573
0.9468292440360321
0.5795461449805014
0.7462922865066333
0.8706016316082875
0.8416065850942464
0.5277049853525301
0.5750657603392856
0.512320636447107
0.6165397508335427
0.6774088736561791
0.5289350965701469
0.8693918809359006
0.6023231183364098
0.8731253652807077
0.5397960359067291
0.7662326441807211
0.9910734435108858
0.5079376948640748
0.7419286824768007
0.6725345225616718
0.5094720788873432
0.7728200067498942
0.6009940926014372
0.9823829453020465
0.9295341176946145
0.6635355199073539
0.5174064212870084
0.5885501922480574
0.6785834290082381
0.9440994773320477
0.7616845572086515
0.6924425618756679
0.814184365986189
0.8620566760340147
0.9931946857933698
0.7901730371403182
0.5860923347106637
0.627009240330076
0.5657101188224989
0.6660576858600492
0.9136342878720047
0.5401692713414027
0.8590478538978984
0.9155284185456101
0.5630797932126721
0.5863258967116006
0.8509350646381866
0.6341216569651195
0.6467232666989752
0.6378731192231091
0.8009915995351283
0.9930142978820142
0.888306815877021
0.6777286940040448
0.8331322962271618
0.8143504121278177
0.84343831053305
0.9627270798944579
0.6497143349872033
0.7734378935409982
0.5564530895060812
0.5820804784663373
0.610558221310676
0.787824098454716
0.7564496173688519
0.9289625667945242
0.8544034993582131
0.7849040611247788
0.539273778786879
0.7704177453019793
0.5647598385550727
0.9643740764075185
0.7474500027170148
0.7278948265940859
0.9434109214203428
0.5356200522484599
0.790873072580068
0.9797358648460479
0.8785972998568423
0.7316413219540306
0.8301137211023761
0.5545850989373835
0.574570734405757
0.8946918370737704
0.9785351968809713
0.8722832497471343
0.6555753449219822
0.5934699818441511
0.7094063728099532
0.7996408428737876
0.5897792275118033
0.882930604639206
0.7909262303291507
0.7542391948253604
0.7036078284910136
0.6392756898419899
0.6273079878578123
0.7168981740119127
0.7099642346099533
0.5903370087524374
0.7275020787163131
0.5800120494789526
0.6146087137453853
0.5621845241715799
0.8993901226073467
0.9352412372917295
0.6689766093756178
0.9420165841946109
0.8479859236418733
0.73607553824675
0.9188677199373527
0.6646312436412523
0.9638273541687673
0.5345765899556395
0.733558261103047
0.7148141748890761
0.9447335369576149
0.511949851835092
0.8041940494254419
0.5877602741861048
0.7329093247742379
0.6978642241020536
0.6336477986127261
0.6518099691643018
0.8786785419521815
0.7193418260138793
0.9549641278881075
0.5077493474144547
0.630360300363304
0.5686679596984113
0.5104551510745401
0.5136437947612876
0.8478622538902583
0.6274716719263816
0.9175807376143569
0.8757585705377239
0.931143713021361
0.8975363784832591
0.9124095383571029
0.9699690692117584
0.9699907146390233
0.789580545774683
0.5434403064697603
0.6722052190254386
0.6804416232751065
0.8157029026554107
0.602983148973474
0.6308328957014695
0.8076920778529157
0.8366391742363961
0.6618071924239155
0.5238005978489737
0.9026620313380757
0.9808043065393977
0.9899546404261058
0.7849516641568972
0.6182439716465442
0.8618865853563659
0.656234257852366
0.514094727649355
0.7865176565526899
0.6918558629166752
0.6186065601317153
0.7854733903892502
0.9144252581694908
0.8597313861330466
0.7425999405366082
0.5242760430544824
0.9243554584397906
0.7603255730904013
0.7090610790931161
0.680782154361007
0.8320197909478649
0.8310145635566145
0.8076040844835759
0.5367339428298566
0.8986507497891825
0.9860212316291381
0.5680684555405754
0.9768494324974877
0.6040293961256523
0.8492478327428471
0.7607502471557016
0.9810809588170645
0.567658684803173
0.8430919585504625
0.865853558598449
0.7746272997190267
0.6775336079555915
0.9778256437240122
0.8224646715300263
0.7179515801642852
0.9512780488017376
0.5054377806075153
0.5589186581692949
0.5107379356912142
0.7760753411685608
0.9508284404122542
0.7041963573821131
0.5782151029547006
0.5250025733619579
0.5529408841312927
0.5348346130166859
0.626807196504715
0.5037927712871542
0.6349161366089083
0.7774940370936462
0.8108122123274719
0.8266804946177055
0.8772299940541264
0.7022009009428652
0.7491764462220519
0.7862934364536055
0.7131123877509836
0.9621909258031631
0.5770498639275213
0.8959679860300445
0.8078030293508556
0.7044503222617527
0.9107825491732718
0.5197338101566392
0.7054004791271715
0.5616852276013437
0.8212723295113165
0.5989425058205055
0.7771785655090984
0.6572927839516517
0.5602152666410352
0.8424247854349425
0.9276757755198795
0.8160783372021813
0.6741938763445242
0.6010990184830883
0.8298145735249131
0.7317716891141474
0.7192978008734342
0.9384359884780393
0.9480975307149484
0.5142925351366899
0.9002773476567165
0.9352751832876521
0.8998295390079564
0.7795419808281443
0.7269379951144047
0.7647366097870076
0.8654309855296833
0.8587129276379422
0.8538315779884674
0.6463562944061425
0.8026312008049457
0.5753276597324692
0.5393784074534302
0.9375135603254597
0.9784286766689817
0.9198892302398076
0.9051570100783314
0.7630388195142231
0.8865176900198459
0.5825522704022768
0.9708847779300694
0.88265199256646
0.8187669842901202
0.6419558259881526
0.9916278121425892
0.5814046071482979
0.8826361416931384
0.7844681906839298
0.956792391528348
0.7955590335510702
0.6998822343094163
0.6075279613296196
0.5214236816662319
0.5388693907580874
0.683819136015509
0.8228800954738739
0.5237437324444469
0.9626041780145844
0.6131319450295856
0.6651220372763293
0.9881053298057624
0.7855530379698054
0.9299379078583269
0.9339061253549075
0.766441649119157
0.645919428632579
0.5451841874266029
0.9089133795299242
0.9020146834384885
0.6243962690983794
0.62254677202923
0.876720315845167
0.5858252893894524
0.8918789297793848
0.9243645114118383
0.7811640978248022
0.8143304056436427
0.9179150657897617
0.7976826470862068
0.5927899613897653
0.8707374085810123
0.568424382380016
0.5233689325035924
0.5610079231389421
0.8010517667585226
0.6034873908266638
0.5965222681302178
0.7218889421687147
0.960032137070896
0.7114095034350133
0.7873144287518816
0.8899743134207455
0.8774689512180572
0.7544759119953025
0.5857437080465472
0.8327660953182024
0.9843907927717956
0.982153514577189
0.9601727032625176
0.8069185079797127
0.7741706028987307
0.7180254278235968
0.5128492867023752
0.5261793725431635
0.8488007431817995
0.6709008477186273
0.6269021416777836
0.757023532253452
0.6618620373872313
0.9928147564108243
0.7245426237804025
0.6379932257887053
0.6301300199932024
0.5052604383875298
0.8162282388090008
0.5984737073685482
0.5851741852177897
0.8409060348338782
0.754575574331327
0.7712229670634076
0.6185987879198529
0.8002866113261833
0.5609965747776579
0.8477228641441377
0.7606079535547301
0.548665545465441
0.7065635786060667
0.9945789217771338
0.7943674977687732
0.849923395255398
0.5598747197073841
0.8938717119568075
0.5554795344312311
0.7882833580145183
0.9173939834724923
0.8910719371221633
0.7200010274997802
0.8986825600290707
0.8068817520515369
0.8332428975257177
0.9475268578702951
0.6576749747224829
0.72663753594919
0.5549886388160228
0.5137662735953655
0.55052348899558
