0.5433947955177927
0.9040690262663896
0.8178337955171796
0.8153158837460488
0.7805512549072836
0.8281211294713122
0.8563527574531303
0.5154806259653048
0.8752606521113683
0.6997374464055875
0.6293830690690575
0.9065193526217998
0.5705032311146578
0.5061810318201219
0.6920827614505848
0.8297264737153657
0.7513275301647485
0.767885092089854
0.6716197654845524
0.8695807781015611
0.5255209418435975
0.6451943669288678
0.8738816979386985
0.5054641022185259
0.8043959060337219
0.9366222999758199
0.7823468168295405
0.7004547871407907
0.9769129889634026
0.9213724035917424
0.6633336549954869
0.5257531795361314
0.835160472567915
0.7448011668127812
0.7376089171688095
0.6909012323391536
0.6956412595089606
0.6400463970989638
0.5979330942875944
0.7213715916241291
0.9627603485345307
0.9115010325660385
0.898531882995889
0.6949091274027541
0.848325798179919
0.6556279488721511
0.9823280226295237
0.9229418431042314
0.6858948329145824
0.8535170640991978
0.8772810914400863
0.5257321598826727
0.9212120590379758
0.9442112574182553
0.8930718786054299
0.9185702068424205
0.9301702521963106
0.8891026219095348
0.5524841240780624
0.619812605789444
0.6015955016861754
0.7052495587796032
0.9758053108296157
0.8529101199540843
0.6943769763949205
0.684751162420325
0.9359401451755964
0.902606417524927
0.8453905366801373
0.790229892209307
0.5653407482944688
0.5734798677411042
0.935464913731286
0.6954535882998264
0.9122308408776542
0.556091455272925
0.6650826173547253
0.8534622228662224
0.7897264173430221
0.5948535203895521
0.6723117388691137
0.5753749018957441
0.6100818568036906
0.9371096005205105
0.9442669575150755
0.7238295963743939
0.6382143388737205
0.6601073403095353
0.5526842442755848
0.8760974599082044
0.6025451042276557
0.5555646869555699
0.7004446725348332
0.5705031984205353
0.6035494421137629
0.8236958077985954
0.5530832395943757
0.8425292975698839
0.62406559046325
0.8940413961750348
0.7985384082821292
0.526279696797081
0.6832171862601765
0.9484320866389243
0.6878708003410527
0.6277605212456623
0.6414046272958249
0.9711282779267523
0.6861134504364779
0.8191227935346805
0.5953834878263715
0.8039394356705869
0.6829369162134662
0.7498523961764478
0.851781689516272
0.6660363085200716
0.9785832331252278
0.5967562035364061
0.5297543377662653
0.9162476342502721
0.5266980274484163
0.7778534086034036
0.7648285647585925
0.5376312354170857
0.9786030243559973
0.5308163315667472
0.942874529035838
0.5749001816923872
0.6036514801171508
0.846662740553668
0.8475783836760558
0.5508559446965161
0.8064023283229007
0.5648050665387495
0.7364682028866415
0.94886684715332
0.7817401539697748
0.5272306507173186
0.9979952968295307
0.7865839168408041
0.6757571851758623
0.6610039011725043
0.8843101418340118
0.5748200163845152
0.5051693474570594
0.8004126442545703
0.7838798290855903
0.7201276876304437
0.8053769750096698
0.9290508381044492
0.8371148288448962
0.5896283326566519
0.721331427549252
0.9170328143451876
0.5416377401243565
0.6365597990857065
0.5531111431613521
0.8637725489495945
0.9871146587624344
0.8825831752816535
0.7314138797244877
0.6123668828296561
0.9175400390437181
0.9039609992312402
0.9762152250021404
0.5137099586960778
0.748888241782368
0.8899350712817531
0.8299871095756367
0.7788298116310757
0.9016811562214927
0.539132488580704
0.6523031591737868
0.7139088747336712
0.5878473484088242
0.9919213132453487
0.8457962137071721
0.7637968567805353
0.6437022956916976
0.710228892826195
0.5345500005249788
0.7343671566211355
0.7156885335899031
0.9546994460452982
0.8703716644003673
0.5323189985029019
0.54628497216818
0.5515577632366871
0.9740052389226325
0.5112681661091345
0.7056757217628798
0.5190275231213363
0.7132977820214758
0.599934651825955
0.7182057154099867
0.8154975750792711
0.8695764580456743
0.7573582085998263
0.5565425414582916
0.835422720048384
0.948595752511581
0.9682612571580858
0.5601998532970983
0.9807373327320195
0.8421775673291364
0.9419803947429622
0.6043849063059207
0.6260837869083916
0.836309286704794
0.8668442171403953
0.7615341609352132
0.9916073790927833
0.7928222969062209
0.8447708705917057
0.6420693884658639
0.9448266335509508
0.9012560324441194
0.8074939179484311
0.5144912596229919
0.793215311375026
0.7733831505533613
0.8228340938863561
0.5484528543354615
0.8643818424557169
0.7494968079698514
0.9627943844022275
0.894814544784497
0.7978522603833833
0.8170798817989415
0.9444532421357562
0.8716128019030077
0.9542269262919658
0.8485315756339197
0.7427861817383181
0.7603616043410723
0.6370199605723225
0.984611509951772
0.602070879325226
0.9735578035551017
0.5932892197234584
0.7483059327130274
0.8438466115010753
0.9518253725402381
0.8312698981066804
0.7604964156516274
0.9313471334800576
0.8333049469174871
0.8686438222121428
0.9195813923954954
0.6086175943378588
0.8881010543568812
0.7639557281568665
0.8078094848783733
0.9455044822900057
0.5229113504596498
0.8773222871278
0.9526367090639221
0.6256845707830109
0.7021217507847627
0.7977189444447946
0.75705449039835
0.8645706147248722
0.8388531675708668
0.5975927292092089
0.5432827494304625
0.6411951756970917
0.8029979445375596
0.8183421626464389
0.8646753367477518
0.787418594650554
0.7637267734008649
0.837537026794528
0.8914230493707679
0.574921010272421
0.8784649456819033
0.7669227367895539
0.5431968997415253
0.5068560845209793
0.9000969722877181
0.9033380092733767
0.949937341333061
0.8563748331550021
0.5620006364459816
0.8587806921905882
0.6715320709012496
0.5417706497329686
0.5506564896807242
0.5400320684116705
0.6289805674526893
0.9237825144179801
0.554506976284945
0.6499523019573802
0.712128404086558
0.5698929206396615
0.8386206688620891
0.9873975960417055
0.8697626692678393
0.9027221284798806
0.5066846798224136
0.5290455244829718
0.9074347239137268
0.5882102717362027
0.9854331931091869
0.5096379394769237
0.731247482966031
0.514600543537988
0.6665172897887977
0.5677695027384314
0.5300750379150841
0.580079849173205
0.7329370356965459
0.5448561074285685
0.5101573007196272
0.7564902576554442
0.9163448393721233
0.7164099170942096
0.9476862008579119
0.7779071080883841
0.7058149939130961
0.8050321184958988
0.6870361828776679
0.8572852192719532
0.8631639301705345
0.7272130480072925
0.5177793866931183
0.8149903408242233
0.7678405956102898
0.841937891121668
0.7088192692022881
0.5752125611996235
0.5130880636919672
0.5692451637155403
0.6182059379124228
0.8144767421887705
0.9908995281119952
0.8449008288583031
0.5153803545016439
0.5850724756006597
0.6248420095639337
0.8251376428755473
0.9780128666485095
0.904414816835863
0.7460865331302833
0.9112462425032252
0.9009939841953818
0.5287026873574786
0.8424752607910864
0.8130896509259666
0.5160358165926004
0.5397139709010506
0.7037868971912624
0.5799951731137383
0.5406604805645202
0.7754043479740146
0.657514676031163
0.9223665540589701
0.6243482501262062
0.9341724209825915
0.6158226006044893
0.8190751182733169
0.6493529532377231
0.7810336387586679
0.8116419362152039
0.8791157476873152
0.5201054519709944
0.8258912692360723
0.7630591295843702
0.9789258256552595
0.55906123593319
0.5059694440153962
0.5150009303464038
0.5492555774637896
0.518935178505911
0.704233255096896
0.645653948467404
0.5341194721256047
0.9128350705704822
0.7709879837909986
0.7742948754071288
0.9379846952974177
0.6947063711586661
0.5787723007077092
0.7172282070584375
0.819389192923306
0.617060294739826
0.9791785318613523
0.9559292824963084
0.9488743436231395
0.8818099280159706
0.7470384069647394
0.7027426394963318
0.6226952079617455
0.9806394764086195
0.7891183160879849
0.6171308503749932
0.732630858672129
0.8014216236189113
0.7203794848039604
0.7678793051898568
0.9215038871873523
0.5067042182198473
0.5454492242147028
0.6972028025992532
0.6291382738278817
0.6685411997226798
0.6829012670414224
0.8373023489420477
0.8320506081400003
0.7806243520223861
0.695313675825518
0.7908977481879746
0.8049395780976188
0.990643579262414
0.8761467514891136
0.6437983458568691
0.8389774872124116
0.9412340495689525
0.7042146057814492
0.8645436680521421
0.7058920809550966
0.9243192229317301
0.8137948403605705
0.6523940224685226
0.7947130922825342
0.9894082777043746
0.756940742413211
0.6031644017157459
0.8237085871783457
0.8530192987338792
0.7058575011209286
0.509738193200478
0.7446897674317542
0.9495093074660155
0.7317738657008118
0.9051933012147878
0.5933459553079472
0.875683305993127
0.8460170802524617
0.7136026555996134
0.6266353044640596
0.6208723353580994
0.9688602879564342
0.9887462606050711
0.5691186717887454
0.5260045354506819
0.6011554525826354
0.5396639385913568
0.8463235288283398
0.8566240383540695
0.5326016812745235
0.703587997729184
0.7032057733124523
0.6791869221655659
0.8994471972509795
0.9206515748806903
0.7972374862239114
0.7537646746423244
0.8209341751858938
0.5750503312680831
0.9509607410337518
0.7268881006070675
0.8935613003801888
0.594848950119341
0.544649875989689
0.5874016223575552
0.7560886082916854
0.518741969309608
0.7036831159233679
0.9618725344943729
0.8171032267782842
0.5381399977562039
0.8739691668132995
0.77225445430664
0.5404892848788558
0.7513675236155014
0.6506256473200239
0.7552898109478637
0.7719262213054775
0.5879648471172803
0.6254002219432551
0.9006003237917564
0.8924539896603523
0.686096191853469
0.7890462177410472
0.693543206012069
0.5732020525847469
0.7201978576327068
0.5748202513643607
0.6565368981949805
0.5483188951287299
0.8317804726525685
0.7019407833104045
0.8104647978972204
0.9588783379355658
0.8986227748049744
0.5498024214473575
0.908697279286223
0.6535070796602847
0.5556898317233006
0.6593228215687388
0.5192436190792162
0.7804059453937642
0.7358959029879751
0.8171856912688038
0.6569427538258814
0.9727424937342812
0.9683859274192625
0.8027620701858776
0.8708974195432548
0.920415934955868
0.8722944644943729
0.7732356095184384
0.9683763650164408
0.8535090722579801
0.6103436963499286
0.6586424263062526
0.6631235617539303
0.812123151649601
0.6748830746169161
0.547029472051944
0.5739103190872288
0.5091221332572318
0.7645439788925796
0.726538510702829
0.8578464983909307
0.8116620843909697
0.9774193063847832
0.8384719525440391
0.9259752347847868
0.9656585156718924
0.7479509339879002
0.8644269793254168
0.7745012246035674
0.8700275745708187
0.8864144189457905
0.6601073403095353
0.734801655791873
0.9667447057963935
0.7321053799471431
0.7259272105626543
0.6285186760977494
0.7436445567270997
0.844675828113867
0.7447576910587494
0.7561035730737493
0.7266756416534126
0.8569343726584737
0.6541557309809242
0.8767674840674196
0.7393218740926982
0.7179780957416101
0.614623091323479
0.8540186850185916
0.9626215817935124
0.5481044319104184
0.6850543704739019
0.6855135898680501
0.5894231201457556
0.9667999641125099
0.9008399443905026
0.7272462769758214
0.5630158481562659
0.5747809205148023
0.7819520515157969
0.7607147753213753
0.6359151340422686
0.5899819776386198
0.755619671604935
0.5344771569282801
0.9901441805108715
0.9782342879864151
0.6954630942843983
0.5946571335542937
0.8652739808198356
0.9337979688508368
0.9287208634937435
0.7837370272540141
0.7914083255400857
0.6830298519727868
0.7491498536992667
0.9560263144466328
0.7649362435866424
0.5132587429339075
0.5389505101463261
0.6566708357705733
0.7944407940486509
0.8428871592406243
0.5787975132778055
0.9933401152717949
0.9046593040676367
0.993097247454414
0.9931835797465084
0.7602117448436669
0.7846427079550707
0.8349603266647841
0.8278703341937255
0.6103375461119078
0.513238165684275
0.8853630613654725
0.9070188238180187
0.8149793390715742
0.9587723397717413
0.5859054221185942
0.9810919094902235
0.8863208537139841
0.5119160545432703
0.7576544633017569
0.7683565465723005
0.5626864317631528
0.6442728346285418
0.8262379126760012
0.5886724969150493
0.9544222873032575
0.9824876084012291
0.770220156946862
0.7338567965691198
0.8234102610960587
0.9834572707926783
0.5694002320250348
0.520737384739855
0.9597285304399453
0.6025099277794299
0.5842481651521171
0.8881177346099404
0.7834782459239122
0.5553480384783606
0.6349122488598793
0.6018363220686485
0.6245049424302683
0.665313849620947
0.5873758884735323
0.6493985193165589
0.8523584018669257
0.8045542014147911
0.8595110555089982
0.6186037710576717
0.62805403894656
0.7661787317775036
0.5238779187156719
0.906598795610212
0.7114175136592643
0.9456814506856163
0.5347967585144636
0.8657318113586198
0.5960960487108242
0.7437568941700335
0.6839322280350273
0.5737301387651255
0.7762253000461207
0.8861902134778817
0.6227546955465816
0.7428220487536691
0.701958331269105
0.6213215765317868
0.5802434171505703
0.671681123736817
0.6380789878682621
0.8506174148590273
0.6272001279129713
0.9799144399565219
0.915515857129186
0.665431753100415
0.610766029453942
0.7868865397939413
0.8880507031805439
0.7763663694293123
0.8168242537342097
0.6183652067291767
0.7998713645685819
0.6465773651385098
0.8020917753320479
0.60638645221728
0.9286722221860992
0.5410253063249038
0.7351094865359077
0.7769959976804992
0.9789668623273352
0.993044144265062
0.5341513920466621
0.6592869127697911
0.831762205121338
0.888463455995902
0.7968997821301048
0.7107897270650543
0.8019720673288618
0.5468200020534334
0.7307757816571919
0.5359459792927441
0.671629690048584
0.9037498658445254
0.9276627641496018
0.7326648576948281
0.7674846191572049
0.9563129467827133
0.7494781562721436
0.8353441624523179
0.9277846721085589
0.9512886485746788
0.5607088618504602
0.7097779248966921
0.9362613276117061
0.6258341408245125
0.632745141540287
0.5335147755018371
0.5359696490662362
0.7337478048224169
0.6451372324609839
0.6988277360279477
0.7524130166777031
0.8209460097275885
0.6440865416714222
0.6191220808456784
0.6225871329758669
0.5779840392091882
0.8910445940809417
0.8047331914450702
0.8869484904860038
0.7892383408021774
0.9911258613783993
0.9692861707937149
0.8066146329502286
0.6337724807874561
0.5880646060627447
0.551528655429594
0.6310086321535603
0.6665261619581525
0.9273283366175001
0.8463941366991774
0.5037938760341365
0.8277911048931487
0.7813914577886141
0.57582928413244
0.9506794996904062
0.8193727019589501
0.8421802241079039
0.7315106955498355
0.7867541631353133
0.666384795866352
0.8108106828496187
0.5390692470878304
0.649789926791998
0.6773222324591045
0.9025018649123582
0.6575044882820921
0.9383497708374576
0.8885059960444911
0.5703198536846013
0.6414175003003817
0.9736358169621849
0.8563636681390734
0.9910500601529657
0.7056307818532987
0.9403829914036136
0.7933424741287493
0.7348057790025492
0.5484413526467514
0.6672940835683305
0.6383347101103555
0.9600425510658357
0.7423900456779503
0.846905548205149
0.6118727469366345
0.8493848394518969
0.9369045824952932
0.578938973157099
0.9198117369348495
0.9777523532064094
0.6137648865239272
0.9604797261052164
0.9728030888953978
0.5485481725925094
0.5182067109781109
0.8992677709384054
0.8049508613189201
0.8667904213625375
0.7903694645681394
0.7564788996136913
0.7812398692635393
0.582112976389581
0.7727176549920133
0.6756213655842354
0.9769543619483454
0.5919562669539122
0.8875917751714911
0.6479425657586559
0.6288997171802204
0.5664131217855112
0.5584259634598542
0.7833798499990556
0.78871207599638
0.5018898131581285
0.7647526206121914
0.7348863949349503
0.7294836474079738
0.5068639294751303
0.5897550428020336
0.7779946100579371
0.5659206824685703
0.7665376652353626
0.9059503925467772
0.5572951254670474
0.9594118174267803
0.7870149555668289
0.6569886510752402
0.7650502557544027
0.9726759838788055
0.8613197877376576
0.5392930113885218
0.5616742126907757
0.7181607450428954
0.8713393895849686
0.6024775978092145
0.8329062208801314
0.9861671235212265
0.9937161293759561
0.5772308479766282
0.8861865219374415
0.906365863833485
0.6844607836581829
0.7509982935127036
0.7787219332951365
0.5165068494480591
0.8164712477414542
0.9220971797266436
0.7786416227574682
0.9646386824842875
0.5355512896042093
0.9061483428133756
0.934522654942172
0.625374043346313
0.8963127044608217
0.6479402391230779
0.835263262928357
0.8088830748023601
0.5515018890481322
0.7267941877167359
0.5549629434605847
0.6533941144941585
0.9451746974334778
0.7432086272529889
0.8268772200300323
0.81870194811065
0.9209311720326996
0.8795029834747573
0.5907418256236423
0.530400875481019
0.7841850783279134
0.8816834407975551
0.8335415500649731
0.5633017920120679
0.9153106824507704
0.767353396912813
0.7251995193475647
0.8045714748944773
0.8360991760705647
0.8404242266466138
0.5464651422277366
0.8455766097002836
0.7334453261620065
0.7662085144144966
0.900265752430749
0.9813120125118736
0.6203344265480312
0.6894160897242025
0.8504479142645895
0.8983882142358646
0.7005599843380099
0.5845363587565156
0.802309440691477
0.9029700242944148
0.6438378686557203
0.5592098425664787
0.600376599707433
0.9006569570775296
0.8249397537585631
0.9881785156570168
0.9245486675839849
0.9852108040628162
0.7188462435484795
0.5489863621013413
0.8650917341588616
0.8866566414059966
0.9172213845910598
0.5223762523533962
0.5355755088671413
0.6493173190454776
0.9393714611770744
0.8952445521298402
0.5638147167550104
0.8409452901179775
0.746454344652437
0.8002360499339527
0.9653643651584355
0.5570301861843056
0.9738524379232689
0.8664724707254128
0.6345110956532304
0.5377989463543061
0.6944185655350729
0.9591267676851957
0.5207113763080218
0.6927771526112467
0.6298406768510059
0.8490142221069312
0.526602005212538
0.6230245899287251
0.6123319020944411
0.5228018453967783
0.8868229701600301
0.6718342121361782
0.9185448498881802
0.9940314498303828
0.5359523841612986
0.5263582912557286
0.8346994101380956
0.8012957837092516
0.8137781580541246
0.5820641413277458
0.5580402904815932
0.8992699195979476
0.8757453894188229
0.6355845547715625
0.7671387246113996
0.5146378418014421
0.8815287877044558
0.6586261972719212
0.7164439196407566
0.9794935127029194
0.8701782232735823
0.7417136220812561
0.5238731117534212
0.5299925300924133
0.7280192258875041
0.6435286111155517
0.7091987766701187
0.6102702404803713
0.5214701045573329
0.7100880126361988
0.8828160196326887
0.7437302776197634
0.5762375971798516
0.8573803464768016
0.5643346858059836
0.9045768122373656
0.7599577423861209
0.8570166172231637
0.5950714593815765
0.6452345952298242
0.8926026863821002
0.5415470858063653
0.9436068396293437
0.6662310917503121
0.6596082975902897
0.8962976761954933
0.6094738128747862
0.6196175761161133
0.7003595781672686
0.9043674644240283
0.6216349239800953
0.6938490662962145
0.9051234803454388
0.7369294796481997
0.8928542354831255
0.820027126443187
0.7773411515627955
0.7835235989800396
0.9617094982596088
0.613392044662202
0.9093671608428129
0.7469051284437742
0.6661118961099517
0.9526148876955113
0.8893272253966651
0.6993641145420085
0.913705052044226
0.7906072270940445
0.9088159944960503
0.7303673679158653
0.8525859343627299
0.7733847461116155
0.9571887956919912
0.5924495981487278
0.9074716483825254
0.8780695889205387
0.5231090474935539
0.9371434554636544
0.6364057020060624
0.8496840369961793
0.5684983757258485
0.9384481314873284
0.5906357144838476
0.835838432345593
0.6733790710220334
0.843623997063117
0.6607803442068865
0.5779312935228565
0.6326885476494526
0.9373977561080197
0.5514859177167233
0.546579727403654
0.6316874155684583
0.6435159886299433
0.9189761452623865
0.9785571968686833
0.6566888845384662
0.9695620411549697
0.5063853743684933
0.8263560640281478
0.5198942027050691
0.8585172454262605
0.6614760100750031
0.5189776517548648
0.8875384099684344
0.5402722780819342
0.5085561007287432
0.8007258592222869
0.9011074724353021
0.753151552205565
0.8770626763682974
0.5290448217234098
0.6957097356467629
0.917580526815186
0.9750398059385955
0.8778500335568702
0.852696230603534
0.5234433052848809
0.5225610724465912
0.9847031659725647
0.8092333945979157
0.9105262557316322
0.5478431790313435
0.9674791760641923
0.7094535738152522
0.8449782903323347
0.5863999394563707
0.5922755747899995
0.5494311755841917
0.5190969221579437
0.8050147289964358
0.894691877964976
0.8821450668208651
0.87943047523053
0.6057869650429507
0.6961399930887784
0.9047950623205658
0.8283643144849074
0.8439317144174153
0.8530689482381774
0.8676359864601193
0.8065908633210429
0.9644276155392203
0.9491104055697946
0.9658258931233872
0.719304185766585
0.9285210816668883
0.6088570676082208
0.6210693525041785
0.9494688369819455
0.5129935171472004
0.6901122188370346
0.96200705373293
0.6252624017700377
0.6245030930444228
0.6813999038186236
0.7903693116788902
0.9843260407782654
0.933746545504288
0.5920795283753261
0.6049314110637126
0.7461627835216297
0.5109650653043702
0.6332796113117612
0.8258841915424124
0.6778610988254161
0.5031306049871943
0.8772101111233999
0.8386917047478252
0.7058254795552247
0.659969471248153
0.6931329504330743
0.9713046552489311
0.5350016391122463
0.7897252887638871
0.9083845826824097
0.8121782918195238
0.746638975543084
0.5226211356773178
0.5164199683828351
0.8625829156114647
0.9809639662912076
0.8330668529141144
0.7549361513445386
0.6347384318945987
0.7590496638464868
0.8673035983449707
0.7991301909919613
0.6394943489389463
0.6976598937745616
0.6313131098569369
0.5650116072871141
0.9257439202083043
0.7637128407462795
0.6596175528011462
0.8972886523977583
0.9058806206105517
0.9731482780109968
0.8907386048354545
0.7013440415216963
0.8340292956196569
0.5603352345543984
0.9106376449917749
0.608818534634191
0.5260830624787941
0.6954620885517483
0.9876421344103206
0.7508970395303756
0.9328164164274959
0.6076151868383312
0.7008144298709615
0.7763896823446423
0.5677995128708876
0.7987983427837787
0.7662417910169875
0.563400883689075
0.9833989374841069
0.9655373202331989
0.8173725862621452
0.8128965102222174
0.6792315333471585
0.8329742382114361
0.9509538874426264
0.8588181499071834
0.9497192443240423
0.7483452805821531
0.8479559652528155
0.7463439002177223
0.5641328436540148
0.8149368985418757
0.7398685689420689
0.7879755994832764
0.6443049638024663
0.7544274398532863
0.8835851508811745
0.5742765944272415
0.9518585571730972
0.8221296615910223
0.8997778498736616
0.927368774735112
0.5129758648353149
0.6624964523800938
0.6017951094286297
0.8525147666189848
0.8202545216106939
0.7364787014319474
0.6647483314207181
0.915570253340421
0.9340772968231823
0.9287327184606674
0.6401015472694273
0.9026431193061043
0.8510571165054709
0.7432217608656149
0.589648764721243
0.8008426516809156
0.7278207146189748
0.5284544145350422
0.681052599930569
0.7290843961775342
0.5698145995334621
0.826207680268504
0.9344241287938347
0.8681176767617933
0.8228349003142535
0.5624719813292908
0.6645607752135599
0.5519857505121843
0.7148638682225288
0.7053181980856387
0.5102246762554776
0.7367767153557204
0.6298226389878081
0.5206818121521243
0.8136933848915356
0.6772691941965517
0.902920077596134
0.6324529409841756
0.5105713112908253
0.809895083170133
0.5544480132055586
0.7901167273910774
0.7766459043960944
0.8926860657860367
0.7358537546769596
0.602021988618852
0.8773711096531955
0.6168534931719047
0.9381785786619998
0.9150913193812039
0.716761232722545
0.7265602680635507
0.9001874091404726
0.5832804429011375
0.9233610959002709
0.6293920511332237
0.8770490562904515
0.7362817111212696
0.5121818878750726
0.8318753177871187
0.8974064620191377
0.9308327447887874
0.9204324001070779
0.5345677891012851
0.8203835317732165
0.711258249934668
0.6905807930967277
0.9894013944566057
0.8299912795914796
0.6865027609839314
0.6307273130206195
0.7769510946942448
0.5360634314819201
0.8581942505547123
0.9801866375236004
0.7180736540081518
0.8283190081844461
0.9096018382425655
0.5470949006124189
0.6655828451638847
0.7893708871736661
0.5340267545603812
0.9023898892368761
0.8248406276068256
0.8066139029757794
0.7290133969817967
0.5490445023063943
0.6586698684800325
0.9719898918094593
0.6082285014249805
0.8440661053004712
0.5389406216327466
0.7720147933363912
0.9915363600753755
0.9201298734716318
0.783756593673655
0.6042188115137976
0.5253783167063165
0.5687324234420449
0.9436732136692007
0.8769817082521584
0.6985660969129937
0.9325318407163121
0.6840799173071113
0.8088279113995321
0.5579190467527833
0.7839891236166788
0.9379044122670815
0.7612611504177388
0.8626056340893107
0.8203912896191357
0.8114067261144252
0.594643587141175
0.8623755215827739
0.720045594132978
0.6632065393200485
0.7762437673144883
0.7370820317133427
0.9341371968374951
0.579484024809096
0.5447615105233342
0.8855866247753551
0.8030244145789748
0.9781933095386979
0.9157126067423351
0.9469562251554289
0.6617128903997617
0.5259326896350733
0.6227244732568559
0.7145216124635304
0.9675635817769459
0.9166979975753813
0.6883431904831482
0.7578642034875871
0.8162011447682542
0.8935075642200527
0.5980777098695476
0.9527759841085013
0.707721086839164
0.6273823568719157
0.988015439374267
0.6477793080008274
0.5336935246956445
0.6134375364114969
0.5198519996549502
0.9284428671442134
0.8493904595237641
0.9904314147466841
0.9194695731656586
0.6597190386986896
0.7533936219351862
0.7209083537281438
0.7871725871080794
0.8234817262443618
0.918516561838981
0.985408599610769
0.8043259698631627
0.8067730184466683
0.8000718249907698
0.8094458725889296
0.810766419589025
0.5541631765331503
0.5213576028052385
0.8575481860304476
0.5648127419884317
0.9235201951650743
0.66206041378576
0.89979341360369
0.6184926213071029
0.8535244794521062
0.8150806637770187
0.5149790670308079
0.5728669392506457
0.9916825434070032
0.7168492143854606
0.9327586590102641
0.8123565690101759
0.8276045953344945
0.8390225054316909
0.6645521297828112
0.5627965298627131
0.827656682947753
0.7830398982903916
0.574951477822131
0.9125941064810003
0.5165920139157569
0.5974822495760264
0.507262150359602
0.5607041029766798
0.9428057249140096
0.6036460896971585
0.5763343998867199
0.7909835247141876
0.8026691871340554
0.8424620596487813
0.5853126041398699
0.9351297337285335
0.7286974829747757
0.5494824251681523
0.956380313622571
0.7470473718738445
0.9895447575740707
0.5059371923665722
0.7972464843036606
0.6366247898516223
0.7288962115728919
0.9564098913700003
0.6753674802543862
0.7216821610597
0.8414656834339235
0.9257288850563102
0.8442511980283265
0.8131375725601128
0.5518046490955336
0.8248497844951805
0.9300952418132984
0.5033419145471563
0.6890137841700715
0.8199906101655471
0.749604911235655
0.6794985259857265
0.686882331617911
0.7296303033500849
0.6443402899184113
0.592876629443358
0.880570714121182
0.8270539127145755
0.5673638593537268
0.5204309949578362
0.5348185197458908
0.7505002339775011
0.5613755024068193
0.9852458084599305
0.5241635354241232
0.711517293545695
0.8912618465902435
0.7623594177034064
0.7303735640632641
0.8751768307076114
0.7728944580013261
0.8125652339197801
0.9337306245925321
0.5639796868629751
0.7601318951670908
0.7052674461352507
0.8781502960635698
0.8732819364655053
0.8870677484339207
0.6801516615456233
0.6935880532682143
0.8953101405785231
0.70101153093166
0.7992779516854633
0.8261772126594515
0.9654099976443343
0.8007508992817473
0.7333358394975127
0.9831924625299613
0.6737364123058874
0.9828969126787419
0.5583351363919405
0.8096753155935058
0.888143003892666
0.868321979813745
0.5857602425179329
0.7349598142326391
0.5066107493892164
0.5821023040694515
0.9555597746812771
0.9225517197430022
0.5764776630562803
0.8935552046640464
0.7567668750471016
0.6517245702813278
0.5945447900702272
0.7701675551560248
0.9088181244658172
0.9237128064920914
0.7729340246426614
0.5250129948538205
0.5208086917042196
0.5967959298657654
0.8629605697438432
0.6776719127882763
0.8507163438781239
0.5378439997700852
0.5478019648264815
0.8320235845640352
0.7208003020725818
0.969167394294606
0.7181449146875978
0.6102376227341728
0.5921926321958613
0.6618002860165573
0.7930840612690006
0.507185993966923
0.9829117581674851
0.5584220511569297
0.7163139162515337
0.9854324249038369
0.7684446163775572
0.7128925445251557
0.9745799745329037
0.9503546235469056
0.7366870877921826
0.6901434437848026
0.5335147755018371
0.5286226559198571
0.9141009161511642
0.6566898748523589
0.9320377756011369
0.8456802222703096
0.8444700863435058
0.7787707826653413
0.9109716649556814
0.9915543631331137
0.5277723923256458
0.6870974334651536
0.6951531184727536
0.9311347478637481
0.5124876562915418
0.7142723208802298
0.6748444832244267
0.8915329371473427
0.6547023767645207
0.901326492091473
0.6509682581173684
0.8772889808710813
0.7450149435603688
0.6271731547223011
0.9772832725660876
0.9470112824818857
0.9414369107755445
0.8726710893170398
0.6551500541785843
0.6842164219547067
0.5485658766993504
0.6608536293697362
0.6986952870185497
0.7690456305076987
0.6769103165452454
0.93572760988864
0.8151508935990787
0.6837795826817566
0.638873276964611
0.8032618287529005
0.9047893218168184
0.6421608590327457
0.5112228656406732
0.8850270830287259
0.5649241689014964
0.8713589710588805
0.6730060145399976
0.6830351944651055
0.611337790376942
0.8729138847197712
0.9717698996266918
0.5118892163409323
0.8162868128943361
0.8034725495016403
0.911241391597223
0.9573826120395839
0.5939813620661792
0.5657330533612263
0.6865773232253565
0.6706677061539916
0.7620707624655036
0.6856028239177981
0.8112773338016993
0.5611019338244698
0.7264387341403321
0.7395359554644765
0.7220208490149123
0.8174783144212462
0.7016505599301186
0.8973348952880552
0.9392544352756534
0.5690664451713934
0.5483452567892453
0.869577927038747
0.9479970457028596
0.577110200447955
0.7894716220362745
0.9699933788582868
0.5129893578495673
0.9139425778010644
0.6654170234749214
0.8116856841696584
0.825842195230191
0.9872996253629346
0.5175319386429971
0.7239922557281406
0.8789712549768129
0.7389090143461047
0.7884876486649008
0.5755807305931433
0.9642630413963711
0.8688591310414913
0.5154563884447041
0.801626906176103
0.7814726034013928
0.6322401690221515
0.5967810543551656
0.8420206733621894
0.9040263755843686
0.523150491799178
0.8038531048847766
0.6438094336674149
0.8039311038093667
0.5436237823183712
0.922498172325836
0.8697535263332892
0.8792690895942901
0.8922422803638748
0.6145702364959446
0.7130028869968348
0.9653735626780257
0.6324859065708549
0.6077328098428338
0.6287786419545403
0.8913778414673094
0.9678351448540995
0.8517509909599275
0.6377252760824009
0.8219544532341361
0.78449202641041
0.5950364295782624
0.5249561970739572
0.5611882487098098
0.5503158731457373
0.8223699478444314
0.5490042972450452
0.8389317065396029
0.8835787617452191
0.8380666829445302
0.9677415935413366
0.8853875765790329
0.6008154503836415
0.9459664288912972
0.6193934346123583
0.9518323293782578
0.57593837049882
0.556462046506231
0.9797933794471378
0.6689271098978093
0.6554032859442847
0.516026881345468
0.7936224471918696
0.6551201027731615
0.8131204429644864
0.7573787825193988
0.5709320859754246
0.6405919313690083
0.8424537269324327
0.535355686113724
0.7779588677193834
0.9518445084366383
0.8544979203006153
0.5162708354244251
0.9321242655956079
0.888955677263055
0.7123925969062612
0.8966861456099593
0.8396495540290402
0.9038780237281244
0.9201890555006332
0.7910045687979287
0.8521932368042284
0.6905648645663434
0.7047481346843015
0.9078482972008323
0.5964684071123527
0.6106337068774719
0.6734553082253327
0.9813532808154343
0.7959772096056679
0.5610736079398189
0.8874097866008517
0.9242985189606551
0.9308033197910857
0.7615032072970611
0.8683688374573738
0.5710876512458959
0.7734237766453744
0.8828287166481357
0.5978403240453807
0.5131773867387398
0.6472708953497631
0.525739293944067
0.8898983250781873
0.6910229970092683
0.6978039096873132
0.6099143291133791
0.8222745670296507
0.5338847663313223
0.8040519112543802
0.7666446908644735
0.9209309989344574
0.6132923451120107
0.8087272861956024
0.8229586177193432
0.9075866418762485
0.8082931451665937
0.5055678881627093
0.897162870909169
0.8946697519256387
0.5939632020074367
0.5763459808820177
0.7248715288748273
0.534292953161359
0.5618103581735645
0.5032663098724971
0.5530513003366208
0.6965694033998772
0.5326839549457063
0.5326016812745235
0.6885316124911767
0.8736556771842807
0.8500014714484092
0.8262387944281663
0.5190470743125394
0.7990949261976774
0.8771996597578816
0.8509355344278382
0.8995996287115493
0.9133023663110603
0.7700586148455454
0.887864733349821
0.566232746732445
0.6900973684526932
0.8715263102574999
0.7289530805291154
0.6419151585248629
0.6536013480101998
0.9374530294124044
0.9457574728461301
0.5610300269613622
0.7509982935127036
0.5434440805253197
0.7112421718442166
0.8865783106678634
0.5662320650717029
0.5135577137199903
0.7096545986498927
0.7340931080005254
0.7882078419255648
0.6046773931027817
0.6400746250149314
0.6001923775905618
0.9340248084638932
0.8947267344709191
0.7068041861625868
0.7802402185887168
0.9862972023992526
0.6278156707473056
0.9310064661677452
0.7381840561284072
0.6663710125367576
0.6087721999736355
0.556146636765106
0.7304722549490701
0.6457597286725623
0.7937146193690445
0.608687994566761
0.736679003092877
0.8688091189450872
0.7618258856008528
0.5454540882617949
0.5833767628998706
0.8542999652247526
0.565669942117288
0.5869608782219057
0.7413387127688634
0.8165344840898124
0.5935954243849115
0.8254958185152094
0.8711053326807224
0.519680426600859
0.8670458707831036
0.5467177854417585
0.6767462707678078
0.7567980393935093
0.9765018993568229
0.6864120266732707
0.5145614507217114
0.6555192188713165
0.6881413750420499
0.5896066894391434
0.7442127863117975
0.6299162383939731
0.6042678097633535
0.7964020774887115
0.9535448803380845
0.7400835448044979
0.9151031478276195
0.6100368936168336
0.813284032685149
0.6341498841265936
0.9785560967930517
0.8953561139063668
0.9115682585290907
0.8702148265877803
0.5307328962435748
0.6772044205244041
0.6612385166669438
0.5413143717370551
0.8716585433729874
0.7718854825531868
0.7283142320936581
0.9450777132498918
0.5143399098782505
0.9600225586337193
0.9636133261042009
0.6094095490680871
0.9467676468660934
0.9846305666516835
0.7148373042517543
0.97316080080183
0.5867125660931946
0.9661656947797267
0.6317401783728449
0.9206657211450371
0.8329103489056799
0.9492866481123435
0.7714962009266988
0.8526355515659435
0.5146117709935724
0.9513601357783804
0.8055640314992802
0.6617128903997617
0.6939124905498028
0.7139189864044371
0.9932830268695264
0.8660375528835871
0.5676621062888386
0.8068794086483277
0.5565789920438047
0.8050364316409773
0.9192391961828972
0.5715718952370046
0.7262712986595097
0.8214024020678425
0.5461428280197916
0.585791242050697
0.735609471605398
0.8225015266029015
0.8159479604210133
0.6977857061348243
0.9363599610340837
0.9017417412222934
0.7462247090858815
0.5952259260118421
0.9707359987820637
0.8566908322474897
0.8204978061149758
0.9045541440553575
0.6949578369189894
0.8308366013302386
0.7732717219548801
0.7983737518519858
0.9636131364313479
0.5488818769272558
0.9632147601621741
0.7491599555249825
0.7324413356859456
0.8483076126503942
0.9049655514474519
0.856083980540106
0.807537169701817
0.6664994692640283
0.655315905672057
0.6827800864389273
0.706223334992047
0.5125270318736728
0.8312315290771761
0.7993030559545463
0.8561765067524337
0.9308966365752879
0.5282780705120209
0.8932898358158803
0.6408532307631549
0.7119442573799127
0.9622586165126122
0.9608895485054163
0.9000102426138226
0.7174454747459454
0.630130436829421
0.7909673613064319
0.5056178725292941
0.8396486244453379
0.535023731986097
0.7547239548978658
0.6604325805240708
0.7971751305925934
0.5125426495345743
0.8550797257653602
0.8843886561563461
0.5163786993438734
0.9118448018648336
0.8575985060567118
0.7187673146076239
0.6685034399472415
0.8969503129222309
0.6841547203612878
0.5134169486808108
0.8157895422097168
0.9566326056461771
0.539156380496168
0.9959450940414274
0.633490332208494
0.9053633006905561
0.9620732266963563
0.8756565686167871
0.7114972236804078
0.9717818992294802
0.7356435933206429
0.7339768745182698
0.6298001057115368
0.819024414133901
0.5226841161408071
0.9731288676878181
0.754087637850446
0.5328466579016858
0.9531973205863562
0.647289501234011
0.5711062698938162
0.8866979407256693
0.5666194606505326
0.5978538126757534
0.8872922962122134
0.9796019817103
0.6879424668242761
0.7648799999267696
0.97441506052023
0.6216794127851683
0.5687400672652773
0.8589034123495252
0.654035626471534
0.8322814539715748
0.8989787403183533
0.5232258387804625
0.7316435947282248
0.5669225657748723
0.7772076972012326
0.6471311530618492
0.5509684953164677
0.520576825086757
0.6521805817847508
0.9659470248950242
0.8697759909267974
0.5929467297915783
0.5678546624625475
0.7687502146398731
0.7717046226603257
0.5269332819399675
0.5506519786295448
0.5549233615082875
0.8224928939330359
0.7107955821721637
0.6474777085793901
0.8858257504544264
0.8264473488864423
0.9156911166063756
0.8886478564730841
0.6709503870592449
0.6721326068344814
0.8162918544435536
0.5907375567295419
0.8467354037022811
0.5735268566511597
0.5150061786728506
0.8067265172220892
0.9662161596508223
0.5250955540502623
0.6649006123558869
0.7658532416213399
0.966819545051643
0.8546530578242167
0.8022013081568611
0.6703252987449136
0.5650473458786848
0.6835333779972508
0.8149450622413398
0.6839899043899034
0.7868035686918381
0.677013743939588
0.8308212196784402
0.620683228475167
0.5631091699886477
0.8854545874374227
0.6651735192813467
0.8461851024193264
0.7067629788735752
0.5649595713349707
0.8697140401250758
0.6351596013425889
0.6073940108194896
0.8742646705245358
0.7001049501645128
0.9382842500633436
0.8381620310172729
0.8552050899245675
0.8523883927403431
0.7889836503729344
0.8278019735368553
0.6190172089638721
0.9707294027776583
0.5207115268782188
0.6816218021425966
0.9597291166297177
0.7833882593626538
0.7159289858595206
0.9560321090507374
0.9809028278253094
0.8154922261746276
0.7916568909533962
0.8765342387142268
0.6493265241986497
0.9703594172648986
0.5671071750014817
0.6864016197461039
0.9482905313257378
0.9124208916571048
0.6247957676564547
0.6695012256918478
0.6707710689600089
0.9046975578508817
0.8308999325135749
0.9272458964152871
0.603099625271861
0.876059283637481
0.5265416658092117
0.6008998292742691
0.9663350513903911
0.8973947077934885
0.6108406249430552
0.5681780088441989
0.5456963590768116
0.7227973527394195
0.8074493762319307
0.7022125350034399
0.7908451958865276
0.5842330937907544
0.8845681362665395
0.9005964106119151
0.9561244624290411
0.6743798762786956
0.6636077000595165
0.532492390039594
0.652399008904727
0.8021595159310996
0.8029199950318172
0.8795117757697679
0.8197438364487181
0.877723755492459
0.7111087664433273
0.7904186595514642
0.9340248084638932
0.6032759850532257
0.6620377509402062
0.5809259880646397
0.5497698646861592
0.9268251069956512
0.9038902030491555
0.5107650154020617
0.5426784276761678
0.9500561583638989
0.8288206603107904
0.9580559672876164
0.7896464051302687
0.6865744751298556
0.9652796066211503
0.9464492415279778
0.9824620791973884
0.9697257078433333
0.9758454833281056
0.5239454431495603
0.9846830035188572
0.7936318381557427
0.7551300744793149
0.5504073235598939
0.7188096542447093
0.9343303861451421
0.8593139515530627
0.9575398883810345
0.8629457650489734
0.8846531198128359
0.7293259932252375
0.9957476403700711
0.5187144790485971
0.9384774316804937
0.8511112429633575
0.9444931291179646
0.7481198735490551
0.8464095373303299
0.8360403815532028
0.9772466563313704
0.5693851841958976
0.9282323260494318
0.8019232531132522
0.8906949542863591
0.983434206361164
0.8569928747461452
0.855210355406435
0.5480175971582175
0.8078972811664733
0.8261037300158954
0.8851771468937225
0.732571010453004
0.9811157175364082
0.9211550990748525
0.8753443392999692
0.9362743628465464
0.7694959905856087
0.9009354730099202
0.7913267667782611
0.525061301106879
0.7507313872620999
0.6837209772593136
0.7021682940237655
0.5930287013709421
0.7265362301615894
0.6497454072873154
0.8992717569320091
0.839236173860859
0.53210069268745
0.5700390890611751
0.9885680057163602
0.969664209811863
0.5599788653869433
0.9709548695751602
0.9819943935921912
0.7925091543021411
0.6207421771697235
0.7480759188450663
0.895692194033094
0.5196827460184517
0.9421442983649975
0.6879820156481884
0.9035772194369185
0.7324018009491529
0.5926180420782592
0.5118615313802449
0.7378903590340515
0.8931766826248662
0.5548561851220788
0.8059701326771948
0.5861805721340803
0.7047229245870994
0.7910184556048747
0.9833660151248009
0.9118448018648336
0.8252748679933374
0.6979649362459339
0.9465762293435807
0.6804471256169465
0.5893819539395988
0.6974653956076392
0.9475664911721302
0.5150809621361673
0.5665771960613505
0.5524707865653966
0.6417580518670464
0.5770998866698464
0.7372147098448141
0.5719994183665311
0.8230389571424893
0.9470355343553787
0.7905813874675152
0.6414753648440815
0.5198279825843932
0.5751105864947059
0.5077900890758468
0.7807973146283855
0.7889093603894725
0.525836768708452
0.8397668908204708
0.913718253044761
0.9315707508325213
0.7765540253548014
0.785632679080526
0.9088066684187052
0.7213824645036289
0.8771062793484032
0.7222732262338675
0.6077279842943127
0.5550152767411384
0.9464924576272188
0.5793636389823454
0.746400923979867
0.8704434913610899
0.8414339574246162
0.5276061183176529
0.5748608783346778
0.5122113521395272
0.6159928696545959
0.6790341749590915
0.5287369349675634
0.8700780934890869
0.6018374330609848
0.8726494846698277
0.5399470083617822
0.766976826576293
0.9914047576799371
0.5072879159281133
0.7422637914510918
0.6717195297078812
0.5092962440728781
0.7726966433248676
0.6011458493770913
0.9821129263299258
0.929474955130382
0.6637951004434507
0.5175046326609696
0.5885718114386054
0.6787067573821546
0.9449073876130765
0.7620574057120615
0.6922374826003201
0.8144157471534902
0.8617690986522226
0.993218165793115
0.7898625797470697
0.5861123270214189
0.6284427653757564
0.5661560464173979
0.6661887976546662
0.9136141912378895
0.5403574061008898
0.858071203430985
0.9152140999066335
0.5631423784457861
0.5869961397647002
0.8503315209770739
0.634740275959813
0.6465306006278089
0.6384059401313589
0.8010108306048854
0.9930214812639734
0.8893312617097362
0.6771038478352777
0.8329507763872401
0.8141142471054515
0.8428871592406243
0.9625993102042726
0.648758684079638
0.772792214556115
0.5561984011681415
0.5820862814309592
0.6107988485153047
0.7892887928288906
0.7565447723564911
0.9293547405675989
0.8538395307911331
0.7855725602441507
0.5395679619334837
0.770792275801776
0.5648336919974526
0.965100454512531
0.7478115338457964
0.7287528257617132
0.9432282403597343
0.5352119246146059
0.7909189353571351
0.9798390987523876
0.8786516097825465
0.7317930317325235
0.8300901314860971
0.5547314771515637
0.5738279006146629
0.8945071934601159
0.9789689919300437
0.8722769513499573
0.6555907008876098
0.5935485623150712
0.7104567643867011
0.7987699271323528
0.590107412688045
0.882867478778374
0.7909575323736442
0.7549549912478359
0.7047197473685992
0.638873276964611
0.6278602885862317
0.7171993136253528
0.7100370946733375
0.5904507011819927
0.7274170527879181
0.5812452498365437
0.612874504953992
0.5617931940053444
0.8989481175745359
0.9352669173276312
0.669813432939596
0.9422016257690061
0.8482001624268843
0.7364189673564184
0.9188274677970956
0.6645085552091062
0.9634689741960457
0.5345891431295855
0.7338874394046218
0.714328932181825
0.945106920768273
0.5117921160236468
0.8041204810878565
0.5875886532530229
0.7321141119614598
0.6975532897784279
0.6340661148097251
0.652333871402311
0.8776228254758308
0.719161238979572
0.9553969305932086
0.5078689535248573
0.6300951966018025
0.5693158404574021
0.5104583563285566
0.5137394895794624
0.8485862591964243
0.6271794227840025
0.9169913032943838
0.8764045268118805
0.9310721314892485
0.8974924656981748
0.9119136173354182
0.9719942664329477
0.9701863725796056
0.7899792095368277
0.5436666501705165
0.6719966633292799
0.6807561880483166
0.81562290644738
0.6028838907822879
0.6308214367512682
0.8083666980045904
0.8365072282845986
0.6617968995101432
0.5240099894787094
0.9033462652372813
0.9809118458054239
0.9895135685923593
0.784827266984748
0.617950995430871
0.8615174694007731
0.6564492302221819
0.5138246316139486
0.7861780172168619
0.691623549749581
0.618302319990214
0.7856351928454366
0.9149445788112905
0.8602689854052464
0.7423327116841867
0.5251885315017872
0.9242478274571895
0.7615674261236741
0.7104135206904137
0.6797101189915385
0.8319294339468236
0.8310219608960325
0.8073593896449817
0.5367574640404773
0.8985780881811944
0.9860482144094449
0.5673736949320536
0.976941399207456
0.6045595747270454
0.8492496974545134
0.7617261581672409
0.9807889285030617
0.5671781890795254
0.8425177081924117
0.8654156775958912
0.7738977824072749
0.6775393764777597
0.9780825799481057
0.8221991909638446
0.7176547922949112
0.951182277175213
0.5054397618506404
0.5591006188235036
0.5107592228442883
0.7765182403116239
0.9501715024869702
0.7034867781434823
0.5782151717266009
0.5256720468989377
0.5530965933564863
0.5345483410955528
0.6274181682022364
0.5037927997611283
0.6342213353227126
0.776938404993426
0.8105180425882225
0.8271419247400199
0.8770865647786406
0.7021714432520599
0.7494256981529915
0.7867904404619798
0.7140333649986047
0.9610072636488965
0.5762307605904851
0.8958860408735201
0.8078950031181604
0.7040370787802881
0.9112002025557049
0.5198123051336064
0.7047402674255039
0.562385561735698
0.8214230489750404
0.5986767480124595
0.7770917951454006
0.6582364419343562
0.5597353084440527
0.8427076962406239
0.92739809641364
0.8171104369720555
0.6742285781786945
0.6013231804868265
0.8301784661416548
0.7313519479294348
0.7198761049248227
0.9378874322019298
0.9484585976651596
0.5144368968990622
0.9002312531502296
0.9362824737415664
0.8996135726016586
0.7792860227729267
0.7268921922152973
0.7645453155542131
0.865202716208721
0.8582146030925135
0.8531799863769072
0.6459563946495177
0.803044699286635
0.5759092518711451
0.5390311913424923
0.9374675985746039
0.9780084294794489
0.9201172082805079
0.9052442458236665
0.7635141552819468
0.8861203039661956
0.5827272972392249
0.9708882414285634
0.8827715496026651
0.8188964369829397
0.6412469022588084
0.9916665819241431
0.5805575115641235
0.8824193432688732
0.7845494471474734
0.9568446268229055
0.7959173822659503
0.6996634029867554
0.6069971332124978
0.5214503487894959
0.5391033237228775
0.683359019211139
0.8227415550767228
0.5239345192466346
0.9629678310728987
0.6138494481651313
0.6650016980597261
0.9873976403016133
0.7853349951523628
0.930212598198544
0.9330347317151334
0.7666539356536334
0.6454293913366028
0.5449790503086491
0.9094160376402803
0.9018837697765585
0.6248636335639676
0.6213584500629189
0.8766570531366407
0.5866549349988783
0.8921137641443235
0.9249391464824175
0.781437555510774
0.814120402306283
0.9180305865659208
0.7978968256502365
0.5930581207189708
0.8692729952393334
0.5674640792199008
0.5236778830939244
0.5613773929521314
0.8009609182995373
0.6033647917398857
0.5976484236099242
0.7205654359513807
0.9599382746758395
0.7116159276407219
0.7866596254812958
0.8902111379683942
0.8785725512664218
0.7550759981314578
0.5858594940905907
0.8325671216773008
0.984595422209655
0.9821211811951153
0.9600715408067132
0.8072689696640448
0.7745226728788617
0.7186970831312873
0.5136930578456348
0.5261467510651503
0.848415671282086
0.6708038587389915
0.6267254399301848
0.7571827161897101
0.6627615353469225
0.9926741892943591
0.7256939714312012
0.6369971761119436
0.6303743836668374
0.505484491803462
0.816380447143861
0.5982040768498387
0.5844613504833516
0.841031271310298
0.7553388903532751
0.7706471025291635
0.6183604928413435
0.8002376075107053
0.5611415198348852
0.847641452796757
0.7606289393429558
0.5485677634542521
0.7068576169513286
0.9944538780064875
0.7941639249770307
0.8506300454796062
0.5605971906775671
0.8937417873740588
0.5556898317233006
0.7891124913613347
0.9186624808469219
0.8902444575333369
0.7200549508721308
0.898810449535844
0.8065325661856199
0.833762768456673
0.9475332423810302
0.6579434826736213
0.7262965280913942
0.5545993147662758
0.5137535746668683
0.5502911357016311
