0.5429150117064004
0.904737696796094
0.8182238692656475
0.8154593901935833
0.7812131082429713
0.8279338462133676
0.8566809329145172
0.5154939149161508
0.8751881503507336
0.6993177482355464
0.6291495815487952
0.9062083335260661
0.5699992112478427
0.5060213169319643
0.6922188941672847
0.8295085765861164
0.750773893853049
0.7678073951558745
0.6715328042058128
0.8686619226571698
0.5256035272412561
0.6453131080543758
0.873880343253082
0.5054201564936435
0.8043515293063651
0.9374749577472411
0.7825424122615955
0.7009322954763442
0.9774898995207036
0.9217554344277735
0.6635611899208927
0.5249396377603051
0.8348164752968711
0.7449910267759707
0.7373987729710276
0.6910853410724945
0.6953849492576134
0.6398339632055804
0.5979260046512224
0.7211082782555656
0.962992665738985
0.9115411842789644
0.8986302231005903
0.6947894392124646
0.8481667277023492
0.655536449318269
0.9817421171951234
0.9229764465281118
0.6863729156967494
0.8535151396421254
0.8774561624651706
0.5258663124024933
0.921583961494732
0.9447337859854568
0.8930068400704456
0.9192571935952101
0.9302706369893923
0.8885745281140205
0.5527219885108581
0.6191555914998237
0.6021254015115953
0.7037876992296414
0.9761883567378961
0.8530110150804693
0.6943291431874601
0.685011375839392
0.9357570845338365
0.9020926843623726
0.8454611243065028
0.7895563929643356
0.5658172083532441
0.574142806991878
0.9352933335919389
0.6950063610295322
0.9111516209581724
0.5552017187532423
0.6647311033507901
0.8530957244227909
0.789492585515265
0.5939711468070017
0.6726893937081287
0.5753221421330618
0.6106706894211373
0.9365663855187903
0.9445645234368554
0.7240316560856154
0.638760945544605
0.6596775677517627
0.5497263250026879
0.8764572651731872
0.6025879230504753
0.5538796377717633
0.7000748808073296
0.5703806139038075
0.602870006185904
0.8240100255750551
0.553855003011772
0.8425091541055336
0.623413717125403
0.8943405676291157
0.7984746303006797
0.5263042403790748
0.6825670691975266
0.9480854139017547
0.6888476370084372
0.6280703783578151
0.6415462594795894
0.9712699266477735
0.6862756743575521
0.8186586252476793
0.5953665807628841
0.80503855200602
0.6825585938981632
0.749706261463723
0.8518218918537708
0.6663161355922407
0.9789253650656783
0.5961435868396692
0.5297178860682967
0.9158276877551798
0.5266689992696377
0.7777425637267181
0.7651979962841708
0.5383378991213457
0.978287583685003
0.5302109469324093
0.9425993320815762
0.574431005549641
0.6036977994127654
0.8476281758920508
0.8480272034588354
0.5511854578969947
0.8059888203687473
0.5647287093330938
0.736747238125982
0.949591819003837
0.781431054801297
0.5273205144153853
0.9980393898354504
0.7864694564050345
0.6754148312863992
0.6607447728143622
0.8839870269010915
0.5751546503198909
0.5051029644011769
0.8004727749189792
0.7833064466297178
0.7204129547964625
0.8050309478103587
0.9287942004380529
0.8361262393428948
0.5896940866452445
0.7211444344972848
0.9173194471958408
0.5419471849185599
0.6364016374586885
0.5535456210897294
0.8642231894757294
0.9873894488092043
0.8830469357271717
0.7293189388472331
0.6125488351628635
0.9175024841951472
0.9036415813044645
0.9760281723844001
0.5138316262896382
0.7497275912745961
0.8902989772249931
0.8305837465798139
0.7789771249619065
0.9018543042697595
0.5393796080250262
0.6521036033197861
0.7134039917690591
0.5878287518498403
0.992079203115853
0.8456309980180192
0.764025118582692
0.643724639434612
0.7097277011363171
0.5348048641199862
0.7339881127828404
0.7167461165194148
0.9541518581276431
0.8686322278892861
0.532188632203552
0.5473570176391765
0.5515085731310161
0.9738625314950681
0.5102566947352959
0.7053401427055259
0.5191925193348789
0.7140586428592491
0.5994640233621359
0.7175553720071624
0.8157805915644761
0.8691961208321585
0.7571999458492951
0.5577578382832017
0.8341110503901447
0.9486563402867608
0.9679912251354784
0.5589628190141398
0.9811368988002469
0.8419822497226005
0.9420067123319636
0.6037312360922906
0.626246966814486
0.8360360268638151
0.8674580216263458
0.7618556552368321
0.9920309196636153
0.7928394955592427
0.8447102535380219
0.641709540348147
0.9449127417395828
0.9008161871878807
0.8072993162200002
0.514582755495874
0.7933677201792062
0.7735046086237528
0.8218027328579485
0.5478752749006959
0.865585130007733
0.7499443484951419
0.9624862379270543
0.8949318355691023
0.7983131027499666
0.8168813446516265
0.9443188163079754
0.8715954260612825
0.9542568404707265
0.848799783488131
0.7420617061008535
0.7601797999714287
0.6365178054194499
0.9852957620522507
0.6028902413795331
0.9730169395456977
0.5944711987204406
0.7494372006225072
0.8436798087358399
0.9517070137284984
0.8312549829628266
0.760479428313036
0.9313116902498315
0.8337696152364874
0.8684476235701616
0.9189817914948611
0.6083801342952435
0.8876938568777683
0.7637039103186689
0.8078817816060582
0.9455408721066715
0.5237792146575607
0.877276890165167
0.9516391248760576
0.625612516410228
0.701877902290249
0.7973207800885956
0.7565174419635544
0.8646210360750539
0.8391538677216419
0.597423727813195
0.5427257141609285
0.6412705226062911
0.8037211818406059
0.8173363002137131
0.8645616036254569
0.7875228756708594
0.7624403462898839
0.8378489222159295
0.8913229697924356
0.5746843278352517
0.8785930904770828
0.7673179878936366
0.5432756574117696
0.5065372602743793
0.9002988826619995
0.903089575830687
0.9501455510469716
0.8563780973004064
0.5623958675615155
0.8590085168982654
0.6713378211306569
0.5427859383976407
0.5506379805515632
0.5401457394209245
0.6291876571154348
0.9238263900622222
0.5548274250152845
0.6470971050642255
0.7116166573515055
0.5698254214211467
0.8385683499870352
0.987767252409971
0.8693903630163122
0.9030803851532871
0.5065432930559554
0.5289490814749146
0.9071443314532853
0.588095162263019
0.9856067805254186
0.5095768610372825
0.7309078963984328
0.5145720059076944
0.6664862078586069
0.5676880581040454
0.5300925128380698
0.5799347230947564
0.733160190495611
0.5446418997496566
0.5106291580333404
0.7555884400369404
0.9165547282872035
0.7162977795263646
0.9482091147559479
0.7782762457652089
0.7055805491447362
0.8061220673126366
0.6871500234641119
0.8572797438080242
0.8628370917902515
0.7273243410477968
0.5179871721312428
0.8151099530033102
0.7675471855234715
0.8419269872528093
0.709271375375105
0.5739885288609814
0.5130302426012645
0.5694839622754958
0.618777953555048
0.814908363474005
0.9909439755080239
0.8446757280047158
0.5156263000802319
0.5853776275852546
0.624612937350607
0.8253212354176239
0.9776804248742486
0.9046666052690953
0.7463887780118978
0.9115014195371999
0.9010226421246963
0.5287110916722999
0.8422621080393967
0.812640934284036
0.5164448105444759
0.5401141960200975
0.7033312124041089
0.5796885177028633
0.5416155590239341
0.7754620908169435
0.6579983758120083
0.9223578439476493
0.6243144790432339
0.9337023620129106
0.6157558354980621
0.819503755690559
0.649390758722236
0.780615241989028
0.8123761442333359
0.8797594012078765
0.5200447885502478
0.8250631126448097
0.763945191363389
0.9782556268466388
0.5588316548174533
0.5058465669943026
0.5147599483145554
0.5499661106084804
0.5188893236837113
0.7047680004108798
0.646016826811216
0.5341762253205146
0.9133809574445277
0.7714513872164256
0.773560778593897
0.938022280590364
0.6946028550312817
0.5788608268548513
0.7170171324212822
0.819808902107365
0.6174382237044597
0.9793171018535002
0.9558701265828841
0.9490779228958119
0.88161946985272
0.7469405731993923
0.7025634080169835
0.6228452275055266
0.9800673800605836
0.7879086354663747
0.617072123510577
0.7328244436935105
0.8012068527316392
0.7204489787898234
0.7689457604446449
0.9219829987302232
0.5063118538667204
0.5459145811048753
0.6977558803549379
0.6317053757245347
0.6686368739182146
0.6813660053963786
0.8368136776946296
0.8312806295889127
0.7807642837431055
0.6952366030497529
0.7906647827698825
0.8046599857378173
0.9911106953906593
0.875868794570474
0.6452158800364926
0.8390032407961958
0.9413906319159279
0.7040712340504156
0.8647279262659806
0.7060488547624474
0.9248205531932804
0.8145088464366284
0.6525336996573514
0.7948487103426137
0.989337735457491
0.7570008920869399
0.6035415968449684
0.8231257991481564
0.8528101241521591
0.7054332851882207
0.5095184368063089
0.7446176315309343
0.949204832627614
0.7312586797730158
0.9047550853439444
0.5932945681050035
0.8754857472428167
0.8467850003740417
0.7138154434813031
0.6265133492453121
0.6209231662233957
0.9694460753328736
0.9889305940016249
0.5690158771145147
0.5257380058109018
0.6009400003685469
0.5396357196521839
0.8468052830523796
0.8567871359315913
0.5320617720161492
0.7017306885782125
0.704440886457314
0.6790409440332466
0.9000621794107877
0.9208714373849722
0.7970511291092661
0.7532121745237775
0.8215936731955034
0.5748120028384632
0.9508369354155557
0.7266684823937958
0.8943429431778825
0.5949300089235773
0.5448546465497515
0.58833848393269
0.7564778546357321
0.518378678223673
0.7040672899327833
0.9616443521182659
0.8167182702579467
0.5372629653180065
0.87370321596606
0.7718684192760915
0.539694292458869
0.7518473167350145
0.6508155546627399
0.7551534324421199
0.7724172539151644
0.5851926544083378
0.6254569731521367
0.9000331548935204
0.8925953660911384
0.6871451154233943
0.7894677640865115
0.6932351001964869
0.5726874498102253
0.7203051773498695
0.5744820437173928
0.6567602785691811
0.5474608951647876
0.8328643707026987
0.7031000741345965
0.8101988069170384
0.9587870196000682
0.8981733216243523
0.5503629178426801
0.9083677545948662
0.6535081163441536
0.5557122749627833
0.6592987704905677
0.5191011844567114
0.7805331365886814
0.735052496857355
0.8172165578955362
0.6567078905580209
0.9725008256524257
0.9691692488227479
0.8024679495666812
0.8708413134418288
0.9207333844498881
0.8721419948415419
0.7745995027611232
0.9681311803014953
0.8533642981172886
0.6094127838671299
0.6589177899061142
0.6636354402545263
0.8115392814603383
0.6746992690871397
0.5471926801800511
0.5737828055836653
0.5089542666966002
0.7644702717678767
0.7263014318802402
0.8582832357605835
0.8120477747476725
0.9777282061802869
0.8388123952550743
0.9253011012817853
0.9659474789613637
0.7477037155863095
0.8643064926812425
0.7745135831542568
0.8700897456231279
0.8864244526233265
0.6596775677517627
0.7339174434770559
0.9670148029878187
0.7322469530160869
0.7251961868358697
0.6275958234647266
0.7438594430447018
0.8457896206435045
0.7447475918144335
0.7567317490883854
0.726801861753294
0.8569194149655032
0.653990103022394
0.8767992208858043
0.7393633915479695
0.7183554187960779
0.61543202751253
0.8538011677209321
0.9633163770736369
0.5485864915058491
0.6858784361456899
0.6855273521005762
0.5893017974817333
0.9662104503766215
0.9008511409367079
0.727484752103447
0.562742571503721
0.5746242180485395
0.7825449636558192
0.7605563473317974
0.6354230603864836
0.5897740532476061
0.7550084005707242
0.534158383786296
0.9906668672870942
0.9779675758485886
0.6964721226461708
0.5947961680971042
0.8655289309762139
0.9335956669021659
0.928511480871305
0.7841382532929678
0.7911058271844331
0.6848397292534065
0.7501936785787411
0.9555875637747508
0.765163329599773
0.5129982037680285
0.5386280371756499
0.6574744277724069
0.7945912656816004
0.8436957601486156
0.5787209757707629
0.9933095090405867
0.9037974274098408
0.9932575819219819
0.9931699809150193
0.7598092578751268
0.7847097521637018
0.8349253906853085
0.8278608242403507
0.6104409479636906
0.513138793994187
0.8851309783320995
0.907629319481304
0.8157101468796375
0.9589885451653821
0.5855897013080625
0.9806752610637416
0.8855931893455167
0.5118224824058373
0.7582160427617114
0.7684324961945342
0.5630355424670836
0.6438237113567722
0.8261717042890764
0.5885239078664012
0.95455106818035
0.9828567025835198
0.7702382707050549
0.7342335890671069
0.8231942266724821
0.9831560145667633
0.5698636149654557
0.5206192565243732
0.9596595964315638
0.6023863420528239
0.5842536392767034
0.8875539095844589
0.7835119140176489
0.5547607968514038
0.6344061845375236
0.602407188718533
0.6247437809690024
0.6647416366438788
0.5875915357588793
0.6485036986769427
0.8516336078659899
0.8046732928859557
0.8595277419070377
0.6178553846090273
0.6276272894664132
0.7665070553064853
0.5235006437145331
0.9067583763325917
0.7092997424275499
0.9452880237033906
0.5357778474307412
0.8657267583566624
0.596196415759992
0.7439546932866437
0.6837839577196145
0.5741453217880921
0.7761807183876197
0.8858270153561238
0.6230083882917373
0.7425180244072475
0.7016508571647049
0.6217553442489641
0.5799512685050615
0.6726725796497437
0.6405400962609493
0.8497981822270503
0.6274361054735208
0.9796366842913066
0.9155834595963357
0.6656403197380173
0.6112900158532967
0.7873218061640891
0.8891947486421268
0.7761562108408614
0.8161494917110942
0.6180019636139459
0.7998766012113415
0.6464163200539464
0.802097548020989
0.6058246599245369
0.9285639898775168
0.5406116158879395
0.735178732793297
0.7767629138911214
0.9790671162867419
0.9927555608038459
0.534619395035144
0.6591291019897796
0.831847490228132
0.8885812762680612
0.7972168638492795
0.711192930560021
0.802650660817916
0.5462130666805076
0.7305293716269257
0.5358429544149841
0.671275023909258
0.9036278938930197
0.928199023057186
0.7325847414891109
0.7677165809434419
0.9566504588787899
0.749380977406859
0.8364455291900578
0.9276252915377782
0.951419995572067
0.5603244985770456
0.7093827661585795
0.9366996585867358
0.6255298118480176
0.632999297524816
0.533572256819834
0.5361620018491527
0.7348871089310127
0.6445662967436313
0.6993268014421792
0.7520096600084888
0.8214561405187761
0.6438370906976308
0.6192704969792348
0.6225322986810544
0.5777633912073544
0.8909279659902779
0.8044530317299945
0.886859805456458
0.7896502055989136
0.9909776308418059
0.9693426904344318
0.8068321642702538
0.6321102452492827
0.588293213086689
0.551536255376786
0.6308856307255021
0.6661492068974642
0.9274735663296364
0.8462870982209113
0.5038888362082445
0.8278649649391294
0.7810884850380999
0.5755302050317915
0.9507189624658593
0.8192560402549043
0.8423709607153689
0.7318852377848657
0.7867514105734994
0.6651229956526739
0.8102222088042246
0.5390166753324485
0.6498966301949406
0.6780672615334606
0.9025809982387945
0.6577523264267947
0.9383767176916803
0.8895910003805367
0.5698509636332179
0.6421061820565247
0.9737598359752379
0.8569902063489456
0.9910106489205146
0.7041676854204116
0.9402746912621472
0.7921507872481327
0.7349380145047276
0.5487188804796326
0.6668962335515469
0.6386606960025282
0.9599254393246182
0.7427490734303436
0.8466164010541539
0.6121779983693362
0.8490470029675302
0.9363004153776161
0.5804064743544005
0.9197200905344705
0.9780221531959828
0.6141736617462829
0.9603345599948797
0.9726045274223822
0.549143915043904
0.5183028653036805
0.9004903416873602
0.8048247486449843
0.8670080712990992
0.7904695248663322
0.7569146989052151
0.7815114428448874
0.5820227924091297
0.7708535288608562
0.6754970510420357
0.9772499455476427
0.5923764887714672
0.886785254364392
0.6488427499611886
0.6289676461870048
0.5645904542388833
0.5580376147499424
0.7838084630341219
0.7892159514160394
0.5017970360692579
0.7643127739912176
0.7349301465476086
0.7294441180774554
0.5070240693847496
0.5897836100864934
0.7782008119806518
0.5660188156211465
0.7661012023853049
0.9060147757625273
0.5563339723798731
0.9597191525122726
0.7871790318295426
0.6562876792787552
0.765123524746634
0.9725632694523056
0.8615107086271562
0.5389705019678643
0.5612941816744081
0.7180898001511173
0.8712926354608959
0.6025038911859696
0.8325580547137819
0.9861529449032892
0.9936365947666312
0.5776148859275549
0.8852701002215086
0.9060639272283126
0.684012089461054
0.7513872754386466
0.7784276415880038
0.5165401179227463
0.8164184058624586
0.9226337534023891
0.7792398327181835
0.9646035043389403
0.5353633885302707
0.9059480229930008
0.9349017008865594
0.625505301339214
0.8959353281131532
0.6484470770497619
0.8353222822693408
0.8083761722369003
0.5516889818852162
0.7269566420130708
0.5549042589183181
0.653326736423622
0.9433777889557334
0.7426999943646003
0.826803549520743
0.8183041050420907
0.9212065513097178
0.8790369636810872
0.5912258976061499
0.5302139021526695
0.7840702481902709
0.8815120042138279
0.8336874571399774
0.5635658217803318
0.9155554679878334
0.7677747730004408
0.7253913460100416
0.805686158089057
0.8353638404397316
0.8406551268724113
0.5469695445164281
0.8467871491782182
0.7348339677579462
0.7659510015901343
0.9004424522922374
0.9812127187050905
0.6199272177954718
0.6888756228504188
0.8503151581893468
0.8978932322484446
0.7001333675685985
0.5844554833121777
0.8020855376858352
0.9030986928711425
0.6441321339661725
0.5596242715254359
0.600459886197644
0.900228332078122
0.8245959838550819
0.9884608705637794
0.9241734627888385
0.9845651112031489
0.7185154039572037
0.5487253522453219
0.8647687010487569
0.8865222943984689
0.9161501281483241
0.5225392400425247
0.535564005446569
0.6490381901818804
0.9400484150271892
0.8942643681829967
0.5637314900646118
0.8406113919189605
0.7459958551402974
0.7998215404862519
0.9656638278366901
0.5568894248399782
0.9732862467981485
0.8656254399386377
0.6343697064630214
0.5375332628710371
0.6956059553819878
0.9594055154884897
0.5210592753313665
0.6933275744472117
0.6298086150725157
0.8487802959455022
0.5268475124455032
0.623597965037676
0.6115052213135826
0.5231614580194818
0.8863579561569892
0.6707238623116837
0.9192188191795034
0.9941482905016672
0.535157805351112
0.5261534531927645
0.8342321872748171
0.8012570476246416
0.813433796776849
0.5820407205712995
0.5580141243004623
0.8995199481741571
0.8755254341235894
0.635821609913346
0.7672435619556016
0.5145618028355364
0.882041492101452
0.6573584798435932
0.7165651330694595
0.9791285731187195
0.8691725834479984
0.7420570309145503
0.5231783920017593
0.5296425031945207
0.727926494366125
0.643476243794693
0.7088534412799223
0.6085464498985727
0.521356821900102
0.7099158916398869
0.8824416457233459
0.7439156696381833
0.5761857284071445
0.8569470628868905
0.5643855369529518
0.9042458047651742
0.7604451005394739
0.8571368179762117
0.5940441548916643
0.645226820424056
0.892353094386519
0.5413971631184191
0.9438054164626773
0.6658020298806503
0.6595979538092966
0.896007846176031
0.6091537122807499
0.6194115907968617
0.6999589189975118
0.9045495140257186
0.6214911325355214
0.6955361597444778
0.9058851429194199
0.7376470952977899
0.8932766602808114
0.8195982958295904
0.7771025000209731
0.784734134212574
0.9612832765961138
0.6130613530065582
0.9103393535684354
0.7473253142340348
0.6660707511231607
0.9525961944420296
0.8891611718559864
0.6988109577528755
0.9137063591823986
0.7900355762508312
0.9089188426849757
0.7305016108627089
0.8526010558583763
0.773657851347445
0.9573959037845298
0.5920972868751636
0.9078333570325655
0.8773606004396184
0.5230001911490869
0.9372464488795696
0.6357397065588475
0.8501685975532429
0.5690691215592486
0.9375305490710222
0.5899242703621923
0.8361075964624722
0.6735544487992203
0.8435264910719886
0.6611449739915781
0.5783926873966777
0.6322720707191918
0.9376632376951581
0.5513925792780331
0.5469349655018805
0.6321898255573675
0.6436243892138602
0.9195558322749803
0.9788882440791352
0.6553078144315218
0.9697408161995202
0.5066176530838292
0.8266161486131319
0.5198783722538346
0.85816675877142
0.6614606045960417
0.5193780919219723
0.8874711663466446
0.5403439197015565
0.5090110316465737
0.8009237492739363
0.9004848285067367
0.7530208009193936
0.8772158610025527
0.5293965645090076
0.695738023530314
0.9173544452517659
0.9750484629236571
0.8777063060518097
0.8526714986691051
0.5231098718201711
0.523121508937896
0.9843376425229534
0.8092756820528163
0.9103751524698368
0.5476483921432838
0.9678382101979889
0.709997335985402
0.8444974680368119
0.5860993219201421
0.5929108149074647
0.5501314412655652
0.5180500306183895
0.8053749441867855
0.8945176126929063
0.8817057747677521
0.8799290220681204
0.6057832711456934
0.6954798388254375
0.905138937970671
0.828399686254
0.843928961778277
0.8520885304127908
0.868399479009146
0.8063742279916459
0.9636188819817083
0.9493285196030009
0.9649290042094641
0.7195685052947249
0.9284024642879323
0.6086903176875347
0.6226978188087411
0.9496453120261907
0.5127328815205539
0.6897067122821202
0.9617628078750845
0.6253311349930086
0.6247123943791345
0.6781070449550186
0.7902712373777485
0.9842942183220172
0.9338074680160855
0.592099614991186
0.6049437485974016
0.7464677087871896
0.5112386147284056
0.6340274088542919
0.8256093979774102
0.6776801817480806
0.5031464801791189
0.8781558099417955
0.83836801832018
0.7060569168707785
0.6600439736546283
0.693004057055688
0.9712225426000098
0.5346996912142952
0.7901037116068984
0.9087736929102889
0.8112595777739335
0.7458626450321579
0.5223374312651623
0.5164529408887606
0.86276511823622
0.980490266910454
0.8332297230612337
0.7543822197610565
0.6348233498283921
0.7585635454877357
0.8669181939185215
0.7988524924362022
0.6402440381816399
0.6962998644916581
0.6310732002534006
0.5655980953125607
0.925918108587265
0.7636457551515096
0.6601267382413581
0.8965600414845398
0.9061042374441957
0.9730427537711707
0.8908716383292415
0.7008137932383516
0.8344410208576009
0.560340937506469
0.9107339791112178
0.6085067630810458
0.5271101242875617
0.6950970002242651
0.9885902542368219
0.7514693664878247
0.9323023793415492
0.6078064249966143
0.7010786803419441
0.7758234010633696
0.567397098152445
0.7998641786949618
0.7664621383255005
0.56359203171234
0.9839287869256514
0.9656205261643249
0.8175674943690802
0.812787531299586
0.6775721056517716
0.8324376933064648
0.950779042151267
0.8583817556554757
0.9496609800709135
0.7483453746557802
0.8481320185291777
0.7471799076731253
0.5639443477174841
0.814770135698222
0.7400703973814718
0.7882979332858283
0.6441740878720777
0.7538961714758676
0.8837582243449553
0.574376868147821
0.9516859312118202
0.8223014612842837
0.8999373351354961
0.926920415338726
0.5129033136856945
0.6626512205769033
0.6015772075769511
0.8527656705302757
0.8196219178073344
0.7377323741268542
0.6662306220152311
0.9159375718445104
0.933295711223271
0.9287383006706771
0.6402243150138016
0.9029496549470566
0.8514083838934362
0.7435185481438333
0.590033641200681
0.8010098423232556
0.727648190567234
0.529723045955791
0.681417169639396
0.7285454277153308
0.5704093478193548
0.8266671836931799
0.9343678002916966
0.8678384016403486
0.8227077329694346
0.5618913520391339
0.666028189502885
0.5515720410714844
0.7147103772288329
0.7057490583393885
0.5105114453525422
0.7375015491095733
0.6297170166707768
0.5204462868087532
0.8146565407073271
0.6779073380720155
0.9035315669426567
0.632847465039245
0.5107547685915045
0.8098366844672689
0.5545834010921491
0.7910744366155309
0.7765673548711421
0.8931502879104392
0.7354023634909675
0.6023198170095184
0.8770609192785276
0.6165583811262589
0.9379146400595723
0.9150478154942631
0.7168391056357444
0.7268795383425385
0.8999847165978635
0.5832181583239799
0.9238045447599134
0.6271654758196606
0.8769067816619588
0.7357018515853394
0.512597071482149
0.8310774173165331
0.8972160951706191
0.9309063695774745
0.9206454417187391
0.5342595089280844
0.8196478759502538
0.7114081102850305
0.6908205489756918
0.9895933540705046
0.8302714324087137
0.6868226079576556
0.6306137977596313
0.7771920319705437
0.5358246462730053
0.8585094355278147
0.9804775888180962
0.7173482894705603
0.8287035805655371
0.9100854209863732
0.5476963820740289
0.6652745002485877
0.7890285856030819
0.5338739368546059
0.9022304344245161
0.8234795399590628
0.8062367812035789
0.7290531540280316
0.5486297343266909
0.6579094909352561
0.9718359428069931
0.6084226873453283
0.8442057118829323
0.5396336274647976
0.7720882371404346
0.9915835839706915
0.9193462445217877
0.7837424601841163
0.604595444240439
0.5245651803226757
0.5688694550601474
0.9436280169470803
0.8767602504798603
0.6995945289188569
0.9322347574229096
0.6845027414391098
0.808702731822627
0.5569233070320517
0.7834403685647132
0.9384352817606344
0.7618117566262054
0.8627047682957296
0.8205625034206181
0.811647543815838
0.5949344827077956
0.8621809872853597
0.720175424409504
0.6634881530758149
0.7765550236071478
0.7364957056200412
0.9351825806138873
0.5800518657143893
0.5446973006162138
0.8857299129116218
0.803057424645308
0.9781933840670108
0.9155842985160568
0.9470994432938507
0.661349836615627
0.5258077513066848
0.6217739331100841
0.7145999915384568
0.9674249728602349
0.9165007844834848
0.6879911345903089
0.7560811783575879
0.8158926831732397
0.8932994368177848
0.597782811406521
0.9533443522350569
0.7075939936529473
0.6279943051246802
0.9887250301793788
0.6479081996165658
0.5338185643358242
0.6138970146998729
0.5202650546748813
0.9282753461997313
0.850210632887811
0.990573121428357
0.9198429320859997
0.6597252628569538
0.7538289544941134
0.7205940658326326
0.7872429879976401
0.8235197743837219
0.9187577994774335
0.9854067358854541
0.8053852890917205
0.8068612563399842
0.8004164764380398
0.8089396936655538
0.810290863567002
0.5546331659986438
0.521292318957882
0.8581149936840352
0.5644638512267123
0.9234425694296335
0.6624554539834323
0.899916293463141
0.6188618371316279
0.8538141049581481
0.8148520624062787
0.5156165530599849
0.5730448661767829
0.9918460940183476
0.7164592475895324
0.9325083550479132
0.8128593705444243
0.8273915929164088
0.8388942819899096
0.6651268404754984
0.5628907210678739
0.8278179419249576
0.7826216943077445
0.5743391497121342
0.9127544270194842
0.5167196514668956
0.5977000710125553
0.5072023808875293
0.5598878996220658
0.9426798519352431
0.6034139803695426
0.5763727352719734
0.7914253018445067
0.8028142860429482
0.8424445380705148
0.5856497706724745
0.9353000963376008
0.7288330207563942
0.5496304669497875
0.9563780344374687
0.74668719799983
0.98967348536167
0.505682060947939
0.7974914924576922
0.636661750203847
0.7290033958006282
0.9563430973583862
0.6754574722302179
0.7213868532477551
0.8417057256934792
0.9261231967698551
0.8444862895842695
0.8128192197324343
0.5515018370672484
0.8247186893205053
0.9308003100428713
0.5032536242809313
0.688475274136455
0.8198368757606785
0.7494171699677606
0.679356348548917
0.6866761684864272
0.7305070517121017
0.6444194226955838
0.5930765064549879
0.8807419785478595
0.826710201108585
0.5683310408478122
0.5207823599260342
0.5354496123828963
0.7495472339185809
0.5615035561658119
0.9844268034773963
0.5238102321268121
0.7114945407590748
0.8908160084664749
0.7628823493899564
0.7308160992933559
0.875100243987363
0.7727248703317188
0.8126654394329298
0.9348836654408575
0.5641824236202034
0.7604382328122167
0.7051036709772802
0.8780469055901028
0.8730478266379604
0.8873576482554221
0.6802651107045619
0.6930698099917032
0.8959204293870741
0.7005923050207872
0.7980887378527614
0.8273286150697902
0.9652553287760446
0.8008551456632761
0.7337518230209564
0.9827210425754858
0.6736171639725801
0.982975933637145
0.5588736188939881
0.810011680831096
0.8879756697357821
0.8683586981800705
0.5858415815884203
0.7354388927910297
0.5064276811007019
0.5826006823078349
0.9550542464481057
0.9229840700047492
0.5761076438306529
0.8929257971796276
0.7564121309218182
0.6525944058107646
0.5948173175726336
0.7700095347053356
0.9091664550341075
0.9231652583506142
0.7731614516466215
0.5250140122792697
0.5208618145577397
0.5970436524698759
0.8628189297741954
0.6780653644309405
0.8510021325672399
0.5377118572961602
0.5476210057218325
0.8322973460977712
0.7209763159856525
0.9686681736192765
0.7180004820698065
0.6106751082813684
0.594183231005903
0.6614641237587516
0.7929409877985302
0.5070841872554851
0.9836451603668082
0.5595110842228183
0.7159975004266989
0.9854089166041783
0.7673632114478454
0.7137112844542631
0.9746200098401079
0.9504502991603319
0.7370813988861481
0.6897854099022924
0.533572256819834
0.5295253279820005
0.914261902151582
0.6557956589840835
0.9315487355674067
0.8467215335438216
0.8445212673193886
0.7790780724496503
0.9114252831288912
0.9916099506476549
0.5282845001868487
0.6865815731113643
0.6954293800081193
0.9318199725468185
0.512719945323783
0.7145291306709686
0.6751785641620264
0.8916401383424946
0.6535900592549773
0.9009665003591824
0.6507404176982705
0.8772550520659385
0.7453974764443801
0.6268745659740523
0.9773892356871305
0.9470218491384695
0.9421580720493554
0.8721962268404712
0.6537212000798583
0.6839225085853693
0.5476386155599078
0.6614496710144394
0.6987173431777629
0.769793166482626
0.6770033693676211
0.9351066028440954
0.8148592174839805
0.6839301120625039
0.6388139116293242
0.8022279557665911
0.9050066435155311
0.6420457052877558
0.5112314338371791
0.8851753739391571
0.5649657493882453
0.871277259004009
0.6728826215478084
0.6836241235941426
0.611755985264114
0.8735311077071244
0.972050762261362
0.511791958767609
0.8168593017915592
0.8043916510632291
0.9108818453166948
0.9575663270150723
0.594035924798605
0.5655624468900026
0.6857296084757978
0.670741101982643
0.7615771442503197
0.6857646896959548
0.8110283134928007
0.5615597411252446
0.7270054485276535
0.7395223351215903
0.7221582221419246
0.8157459605930948
0.7020582761873713
0.8977709206957136
0.9393023565925318
0.5688114298651562
0.5481436435443356
0.8699872346552274
0.9474793226965394
0.5763718651878902
0.7897109581176531
0.9702148916648187
0.5133791399390985
0.9138871191619712
0.6651190504144245
0.8115482228858322
0.8260286503209978
0.9869501501765834
0.5171030567994068
0.7240733995341526
0.8791646131665807
0.7391752037548838
0.7878375220932561
0.5748342254167965
0.9639869129489682
0.8684658281637391
0.515508103255285
0.8020465156949488
0.7819993644395044
0.6325066483783714
0.5968840174777476
0.8416434383321226
0.9040706935352825
0.5233634584968317
0.8039163781688253
0.6438617023604755
0.8049250416606433
0.5422326560449174
0.9230121455158157
0.8697571922229498
0.8789590412440528
0.8922745842192623
0.6144716243152234
0.7127991741322975
0.9657723892273858
0.6320250640386489
0.6075662022417334
0.6289470375160013
0.8911704949741159
0.9680792559183343
0.8514239224167012
0.6372810104112477
0.8222096849702347
0.784400895719946
0.5950201068117309
0.5252101452478717
0.562124151650631
0.5508736222067756
0.8231721997284561
0.5489328097614481
0.8397827951551511
0.8831972880971914
0.8378294472186306
0.9669375627258028
0.8848982413236479
0.600842416079691
0.9454099888670842
0.6197925546717012
0.9519914607002277
0.5772077188269794
0.5561578974611631
0.9798942977126182
0.6688875825587862
0.6554938181302266
0.5159721197669211
0.7935860471614241
0.6549834714484726
0.8128861910342388
0.7572861422160154
0.5704668680437944
0.6406747378200128
0.8416881360760875
0.5356241479494757
0.777363591140271
0.952028324899517
0.8543907017262332
0.5164280687288442
0.9325913408638302
0.8891340939289157
0.7116754968573389
0.8969802547133873
0.8395332311702641
0.9045974478393493
0.9206706722544254
0.7908140638165728
0.851791136095162
0.6905246916274106
0.7052534925624724
0.9074365926110878
0.5962138824595878
0.6108198438076461
0.6750924996343666
0.9807158673292634
0.7955958659475705
0.5614092223059646
0.8878596892376969
0.9242077401942935
0.9299475050778618
0.7612166146610495
0.8682934521459048
0.5716338230182704
0.7726201492099822
0.8824170412025979
0.5974793234844356
0.5131008691678334
0.6479572957603286
0.5260742774713776
0.889893773523629
0.6906368322590413
0.6963795967040893
0.609729140870213
0.8211583563002227
0.5340104839416666
0.8048439120750436
0.7667552497323452
0.9203477958107552
0.61337934924596
0.8077994118182826
0.8239542619349361
0.9074688635398331
0.8083601453192597
0.5053813650450691
0.8969423822105809
0.8948614908093706
0.5939638565755948
0.5766344513049516
0.7248162536506962
0.5352213119360402
0.5614665091209027
0.5034329105221278
0.5534099141940461
0.6965173739564395
0.5337789499630002
0.5320617720161492
0.6886638941674855
0.8732149492311295
0.8502045125012054
0.8259192131492425
0.5196098128587636
0.7997312024385852
0.8772562981510753
0.8510705505756523
0.89985569269559
0.9135762511095493
0.7704177667698253
0.8882382548163043
0.566026342717567
0.6890071839920211
0.8704549402072318
0.7289003889128672
0.6407312010906266
0.6527762516337497
0.938119728274808
0.9463522175907101
0.5611648036152541
0.7513872754386466
0.5432955564474049
0.7111918289000804
0.8869556383895304
0.5658880765629115
0.5131851228207361
0.7092605511703821
0.7341584039340076
0.7877214651762363
0.6043189693500856
0.6395139176373508
0.6002900552022291
0.9337519700375375
0.8954178812096106
0.7067620865661598
0.7801268120850909
0.9859586963047187
0.6276839371351228
0.9305716187680746
0.7388995887345269
0.6668473686192773
0.6094461992635809
0.5559856573970159
0.7301031774746646
0.6465647798019342
0.7945208456630588
0.608832769594473
0.7369748552260019
0.8689678448867367
0.7624384339426343
0.5459935221128892
0.5834172031747074
0.8538053591487705
0.5659375017843341
0.583784715152353
0.7415603049008982
0.8173372211501929
0.5935343576340053
0.8252527648435686
0.8713121621030657
0.5198431428005831
0.8676689574413526
0.5464991509475555
0.675879853717122
0.7570446092968289
0.9759729579423103
0.6861708063988636
0.5147151734302078
0.6554018375188747
0.6879154079105217
0.5897210906029755
0.7444222773423174
0.6298517603100052
0.6041793725208958
0.7964009738223845
0.95333651945699
0.7398279443145388
0.9145691379594953
0.6098464619592933
0.8122127523630082
0.6352650428231833
0.979199931044355
0.89561867140418
0.9111565412435534
0.8701065859418262
0.5306583680028554
0.6774497125831033
0.6609119288525522
0.5419878922302471
0.8716726374046263
0.7717893715946992
0.7283388920428527
0.9449225623102505
0.5143313287733433
0.9599920948264031
0.9632012338434661
0.6093383216537132
0.9467804467114639
0.9848068138619749
0.7152731932369618
0.9731403353131174
0.5860358478834236
0.9661086305867957
0.6309044066218171
0.920889699592976
0.8319687867254846
0.9495303110930003
0.7695917513449712
0.8518628531290675
0.5151663111129052
0.9519978973666555
0.8050705479398009
0.661349836615627
0.6948644793419283
0.7148059283366486
0.9935510276720128
0.8652590811826893
0.5674675142913401
0.806514186138283
0.556259077635261
0.8049880564881717
0.9197593517960104
0.5715455091306012
0.7270153187729291
0.8216811197733639
0.5459950710582386
0.5858850391713992
0.7358223967015461
0.8225759061134359
0.8157570902088497
0.6977220362273594
0.9362227773045696
0.9011797441382365
0.7464157678755878
0.5940310326245735
0.9705661814341394
0.8570196886714216
0.8208148816765335
0.9046943554372399
0.695346921126643
0.8307787226270463
0.7731387771156369
0.7981087000790542
0.963860389761821
0.5490773574946939
0.9622889009072589
0.7494297958099599
0.7324360730591171
0.8481014646917713
0.9049372229315408
0.8559626532313527
0.8076481789998755
0.6638715235258308
0.6554055758970646
0.682993823847363
0.7065282878523977
0.5124500982469331
0.8311805374497613
0.7992735937364221
0.8561624176770168
0.9305659909240462
0.5282185965336829
0.8928482221002976
0.6410755829894904
0.7124624976883045
0.9619502152504497
0.9609853191118605
0.9006400533217114
0.7164699581844746
0.6311445142991665
0.7907754117148703
0.5056103928482529
0.8402877513932064
0.5344031792987088
0.7546402675537197
0.6602446265354922
0.7971678393349753
0.512983904976404
0.8549108497322796
0.8837527866308785
0.5162398481518845
0.9116230649536494
0.8574914907651213
0.7186198780488865
0.6683986493466073
0.896907486464611
0.6828073682585963
0.5134054561215058
0.8159700734327587
0.9573665339688063
0.5388305327481563
0.9960652396013495
0.634285024403554
0.9049436605037738
0.9619157248934765
0.875618966806788
0.711137629102014
0.9717836381952486
0.7356743751163171
0.7342468695921811
0.6299716584083329
0.819092710787748
0.5226814575916585
0.9728151371176701
0.754395016200926
0.5327717089664131
0.9534883743918212
0.6474625832586272
0.5707158427261224
0.8870944555524796
0.5664963141436329
0.5979172581816901
0.8873556348306273
0.9793618770124825
0.6897402642032006
0.7656891302540223
0.9744268935257834
0.6215732842815156
0.5689520812933786
0.8587410977907045
0.6535953764267998
0.8319332559570339
0.898664184912737
0.5235868337340326
0.7312049827319095
0.5660616592093943
0.7775330215889455
0.6465467353906644
0.5508521154541524
0.5209258282193433
0.6517104813002932
0.9656925522512023
0.8700612316901953
0.5931026424482942
0.5680238093532752
0.7683333948010059
0.7716561619334403
0.5269580093488615
0.5509296870669668
0.5546987298680461
0.8228504267688134
0.709711505893142
0.646788982714056
0.8867749311675251
0.8269111162567242
0.9146526652071956
0.8896677136608719
0.6717709473138751
0.6720727146946582
0.8162773787285242
0.590975019325395
0.8468668732804177
0.5733764120379713
0.5148696512104024
0.8073782689445849
0.9659284496415388
0.5257656887828085
0.6656395014796327
0.7660548913163869
0.9672839708178183
0.8546200038177404
0.8021346567716278
0.6703315664464348
0.5653221877788678
0.6832820815235678
0.8151117188849417
0.684446508699823
0.7871114401775298
0.6769891753865068
0.8308073255854077
0.6212616544741029
0.5625504032098748
0.8856529399644681
0.6650377203798765
0.8458553512581342
0.7073503149083008
0.5649149906496961
0.8688390005593408
0.6353202403390926
0.6077908104967948
0.8738819964471327
0.7001093368810397
0.9387060365172468
0.8380598823359362
0.8564744421762803
0.8524520060531121
0.7884904547707099
0.8281169759178983
0.6189903757669278
0.9702574679446448
0.5204992770861403
0.6818801922004103
0.9597293694080953
0.782554477364306
0.7163388150788049
0.9555303891491483
0.9804607627103237
0.8153201705985911
0.7914769516355725
0.876241898265161
0.6495262492709306
0.9703981714787699
0.5676604406081369
0.6868247396211856
0.9485323510233601
0.9125078597082388
0.6253715531014645
0.6692403524715119
0.6704379187365783
0.904989160848417
0.8306130778389004
0.9266669776966806
0.6032758293894158
0.8755397598930633
0.526350345676943
0.6012099682808904
0.9661134178723199
0.8969994615201107
0.6107877042214471
0.5684453956973017
0.5453210446949339
0.7221417205926011
0.8080783652492276
0.702053925540558
0.7900666243749139
0.5841287109674566
0.8842575787323899
0.9003751783119439
0.9561431358683992
0.674320843983707
0.6627043421295987
0.5331867672196972
0.6535977180004691
0.8021729997995815
0.802711852013784
0.8796200980346396
0.8209934005010745
0.8771716779524708
0.7110800161291386
0.790495246794351
0.9337519700375375
0.6037834528749195
0.6623199311198218
0.5806090018284877
0.5510835382383449
0.9270692863409817
0.9035703069430038
0.5101003621712142
0.542758534617767
0.9505886559024931
0.8285856073382493
0.9583824925756513
0.7892366512391439
0.6856336483668801
0.9656672067355587
0.9459865507160394
0.9826553590663758
0.9700223217346078
0.9759779925052569
0.5235931302543554
0.9849923360604098
0.792563671644412
0.7556414790766821
0.5501319338982971
0.7191458326771898
0.9340534333401971
0.8597988813114293
0.957639647742089
0.8624520258170452
0.8844664620168994
0.7296438815488229
0.9958121629022278
0.5189493770731878
0.9384388548374494
0.8507110370523671
0.9444965518582614
0.7484806138626374
0.8465392549415102
0.8373814000147478
0.9772176358159725
0.5694029657825835
0.9285250673482491
0.8020430645511535
0.8903472711918871
0.9831190746746481
0.8574118901898611
0.8550776538582932
0.5477730307003678
0.8083629583282576
0.8261688979568979
0.8853958234704141
0.7332109745725295
0.9812466418097426
0.9217007616548338
0.8747301460940676
0.9363198662514765
0.7694596998679765
0.9010558779641457
0.79168679646739
0.5237650555862843
0.7503108302834924
0.6836160108599962
0.7023488363183005
0.5925724562979852
0.7267741752452742
0.6502629939801271
0.8994887426832326
0.8386965045683092
0.5309689297798421
0.5694718231941771
0.988435966098985
0.9696749837342852
0.5597604601388567
0.9708625736277946
0.9822988578237639
0.7921607916630005
0.6202602686300838
0.7477983136796031
0.8956451506289347
0.519768619228393
0.941946151557613
0.6875745677580913
0.9036083949202234
0.7318667157805371
0.5932801268354142
0.5119711391980265
0.7373299951591298
0.8936789623168296
0.5568299893346919
0.8066219959340584
0.5836564823899651
0.7044968979705456
0.7918796165370252
0.9831516595871749
0.9116230649536494
0.8256399456936725
0.6988212049468516
0.9464088074995282
0.68170656754786
0.5898648361732243
0.6970198724296625
0.947183825313015
0.5158363974695132
0.5664177732498855
0.5539159248006249
0.6414994658386775
0.5770076055555114
0.7369315827455097
0.5720019633864258
0.8231578618767883
0.9470790979841653
0.7904901618687653
0.6413721830747261
0.5195691394782092
0.5746345422045264
0.5078078449380528
0.7817460254268641
0.7894541132802868
0.5257163634302251
0.8394816787276117
0.9135066401048606
0.9310159829084855
0.7740945324140386
0.7856047498123595
0.9090954306829707
0.7216506341560058
0.8772710020452964
0.7222291628302817
0.6082665571164414
0.5548210780532095
0.9471621919257174
0.5800020494409391
0.7462933136805703
0.8706080615603986
0.8415267697936184
0.5277791078030835
0.5746970061795182
0.5126270240169166
0.6156352518261742
0.6777418868194546
0.5290575923292895
0.8689962955703322
0.602399648176508
0.8729152426117979
0.5396516475353741
0.7666165179333534
0.9914902994450304
0.5076477229016594
0.7412449373278972
0.6720351343866479
0.5094428876018736
0.773129487779678
0.6014452344116566
0.9825133644979204
0.9291906245916707
0.6634356939573502
0.5174535391414001
0.5887329693675031
0.6778413157877979
0.9444792397172002
0.7618867771185958
0.6924038781495819
0.8143010503878878
0.8624607397133884
0.992718342907842
0.7896063317028191
0.5855183123553973
0.627395259861486
0.5658435357018547
0.6661670925995561
0.9134923553273309
0.540163414061907
0.8592488444034734
0.9151083877285803
0.5635408392335846
0.58712855970462
0.850937400640845
0.6341446468666567
0.647048873785554
0.6380133860710955
0.8008623376817298
0.9928544739688764
0.8894070140066056
0.6775276440007786
0.8332793117509154
0.8139001813314086
0.8436957601486156
0.962565892898109
0.6493667969556374
0.7744008613726481
0.5563423122665087
0.5818356711452207
0.6104857089189515
0.7881461613903242
0.756312412538628
0.9285444607371603
0.8543072318784948
0.7850087740597339
0.5384483543026468
0.7709862815264884
0.5642183104654719
0.9646296106819399
0.7478586253162065
0.7282332929377711
0.9431941104252409
0.5356082480190574
0.7908193686133673
0.9799026593958768
0.8787607646659434
0.7314732185689375
0.8302945217214183
0.5545884985432165
0.5740062177347521
0.8949478609561563
0.9788839788189693
0.8721852256360937
0.6557344415309435
0.5932640380887839
0.7096857402742808
0.7981399148831269
0.5903455157399815
0.8828288411743961
0.7907217064813162
0.7542976117707747
0.7041212494086939
0.6388139116293242
0.6278449450765756
0.7171837621593358
0.7098078289660427
0.5907671850426209
0.7271244655229923
0.5806481394344352
0.6114786385524605
0.5618519617657529
0.8989162170013654
0.9351518080150989
0.6690110649747614
0.942242317225785
0.8479666394277248
0.7362042956533459
0.9189492683549958
0.66485765855673
0.9635192530795175
0.5344144590892997
0.733750663101361
0.7136762722768786
0.9447358657059903
0.5122866355695083
0.8044162458926772
0.5876718820225731
0.7335327026104997
0.6972873727829638
0.6344533474568375
0.6519618258282108
0.8781110701226467
0.7195630007984299
0.9544884580131978
0.5076900600135478
0.6308394280183492
0.5695541754891109
0.5107486609219158
0.5141873958490791
0.846909728546749
0.6279739489673151
0.9174939253982519
0.8759652372983182
0.931529090613865
0.8973328476589865
0.9125647152864331
0.9705714057640468
0.9701975954493987
0.7899704684719744
0.5428253487795779
0.6722362767566537
0.6803425104766335
0.8156616016128525
0.6034397089898198
0.6309282487576522
0.8076015468414948
0.8367568312244698
0.6620112732572362
0.5236687513581466
0.9032243216505791
0.9806371931121969
0.9895683398905787
0.7842151723864091
0.6173665959585749
0.8608358570059478
0.6560292619639394
0.5139900297495956
0.7862767788805065
0.6921487088512304
0.6186093758553158
0.785214623541601
0.9143318101640083
0.8613602326284606
0.7425436796623422
0.5243589624174577
0.9243446833542457
0.7603035707553827
0.7101560391772841
0.6807486059652083
0.8323203108053794
0.8306576583930672
0.8072711700369354
0.5363752851796753
0.8987712909400212
0.9859881464515247
0.5681925882911226
0.976503909892062
0.6046713999655925
0.8486530322778671
0.7611016918160052
0.9808866318338297
0.5671829099361189
0.8437882836948062
0.8665593030134728
0.7744906824167861
0.6769324487519207
0.9783320269033025
0.8221746647251342
0.7179846855913431
0.9509552217103129
0.5055465543559666
0.5592542062923406
0.510443534439155
0.7763012669037997
0.9505019306057868
0.7036919398707085
0.5786394635919389
0.5241819369724307
0.5530875155471423
0.5347221483261049
0.6275574750047465
0.5036833424072368
0.6351809870614348
0.7767353903832133
0.8101798103910652
0.8262118998639217
0.8770101323473751
0.7029669094009943
0.7492654607166018
0.7865950013769473
0.7133509829653976
0.9616822431564979
0.5774005061368452
0.8959961556577708
0.8061772721616054
0.7029049843910404
0.9110533718948187
0.5201822830467774
0.7047763959813927
0.5613726854561704
0.821472899308304
0.5991103722876516
0.7767562868035518
0.6577489311329183
0.5602651269119656
0.8427279288634708
0.9272206049409516
0.8157805396181166
0.6741272799377146
0.6012021110589223
0.8297683246996725
0.7315976821712781
0.7182961679055139
0.9378181901889531
0.9479701842051703
0.5141595104923855
0.899940891888919
0.9359779296178597
0.8989378332079365
0.7797314468988636
0.7259447540298646
0.7653801857725516
0.8650284825519101
0.8586059832526586
0.8536731141190018
0.6461983576159326
0.8020052558095547
0.5758958350691056
0.5385369347343948
0.9375095997638222
0.978157865173113
0.9204927784471805
0.9052130208596926
0.7628242891563806
0.8865581579789946
0.5822545606115166
0.9709058901653849
0.8829543835381588
0.8190796191611823
0.6417425628354712
0.9916658044808625
0.5818607876013822
0.8820855613405638
0.7842891492782563
0.9570591981345433
0.7960873816152887
0.7000216385493991
0.6071042746891762
0.5216692205907864
0.5394380090858156
0.6836733519062201
0.8228295807887276
0.5234537360211737
0.9633776419371937
0.6130276399380112
0.6656229784993325
0.9879487018276735
0.7852501125009593
0.9300625129176133
0.9328935039646812
0.7666277126023373
0.6456757408741974
0.5454688379759014
0.908976803099877
0.9017970150812062
0.6236901875318096
0.621837183179145
0.8763339415989153
0.5857688262414351
0.8921013000188932
0.9249676557109049
0.7812210687464987
0.8145528070668148
0.9188707290513183
0.7974305523936811
0.5928508231139669
0.8702293183428117
0.567146539232914
0.523512295399497
0.5610956610332958
0.8008666153876592
0.6035326320397773
0.5978732758911091
0.7211965750537077
0.9600265229577405
0.7114811924579855
0.786070490780397
0.8895467117619832
0.878164950883976
0.7546447609295575
0.5860872915255076
0.8321132531067947
0.9845847085927555
0.9823467629150666
0.9596554432931221
0.8069066730346746
0.7748985914722829
0.7180468801033485
0.5125965742392489
0.5257212233318287
0.8479513347138182
0.6703607677168607
0.6273529102352722
0.7568759687614852
0.6614956140028251
0.9928769980442463
0.7246290314894084
0.6381494255215088
0.629645378695306
0.5055380242849297
0.8165153960288153
0.5986769673537434
0.5853575894287135
0.8413150502884285
0.7550435483043229
0.7705471678636885
0.6184799064562588
0.8002115216320302
0.5614181535167965
0.8471977803137478
0.7606413871885473
0.5485242554360411
0.7068089199506892
0.9942578685362858
0.7941499071635262
0.8496642770719299
0.5598660396070091
0.8938895050313013
0.5557122749627833
0.7889883020869709
0.9179597705804958
0.890322287784579
0.7198232464625234
0.8985505558249921
0.8074494828431414
0.8336070841455686
0.9477385342305532
0.658500355924136
0.7269256200125193
0.5549322747513793
0.5138342647493879
0.5502829409887188
