0.5435091332321244
0.9054530019158816
0.8178816957262202
0.8152799887217524
0.7808341983201375
0.8282162919515115
0.855835224243702
0.5154387251785815
0.8759294154411855
0.7002677025737253
0.6294496715133773
0.9069049386917691
0.5698660366142876
0.5062757492761619
0.6924446807079001
0.8295287971504135
0.7515375282022123
0.7680502691567741
0.6714263451018108
0.8680240124106398
0.5249024517081571
0.6458686100858685
0.8740845194079006
0.5054805047399574
0.8044058870898507
0.9375054829869015
0.7821616734841765
0.7013808874722128
0.9770693697754128
0.9217635260678
0.6639452139265684
0.526084458695947
0.8352808447973679
0.7450801091699336
0.7385593528700175
0.690525735804556
0.6960313595317057
0.6404912695135008
0.5976792346845041
0.721181457877551
0.9631003493807343
0.9111524415584532
0.8982689074710588
0.6948830614322794
0.8483434300232218
0.6555726663080123
0.981969138254731
0.9232547763437429
0.6861074816721278
0.8536010634911452
0.8767113428062322
0.5259912820276262
0.9212616891885489
0.9446014624788945
0.8924327911515681
0.918939202774165
0.9298486466900937
0.8899686148984285
0.552294334591357
0.6182122063589705
0.6012608118652615
0.7039061484549146
0.9757590740439641
0.8530804624036693
0.6945275571803806
0.6853193008388939
0.9358259664203302
0.9018648453771554
0.8461198798062525
0.789289779367563
0.5654723869821885
0.5736561476286341
0.9349383270002204
0.6944520193419413
0.9113330699060652
0.5556843267276815
0.6651254695541211
0.8533302106381837
0.7894268040911419
0.5956324211327766
0.6722429921726437
0.5755437756996254
0.6093319959210812
0.9364233533157293
0.9442570308577658
0.7240184144759299
0.6387272880623661
0.660017228761724
0.5509380817842846
0.8759674676805785
0.6026617281931178
0.5541722142491489
0.700371107458716
0.5702623605949183
0.6024270140265722
0.8235254115824069
0.5533939300586697
0.842953993881733
0.6230354998878724
0.8938150270315186
0.798672340250643
0.526359292675044
0.6823414515025833
0.9483978315155754
0.6881082312449243
0.6275514960393165
0.641015103735884
0.9717674361806942
0.6857672769195754
0.819697255965345
0.5945554712170908
0.804748953754185
0.681917944196246
0.7502494428050526
0.8516854741075112
0.6663302961007945
0.9790348220856178
0.5960556867215867
0.5293588153700639
0.9156644402554096
0.5263648418430774
0.7773820354952914
0.7652259700188143
0.5379974618478286
0.9781553318955812
0.5299911480553032
0.9430447208287075
0.5744111944929795
0.6039593984723586
0.8471462983738438
0.8478693593325215
0.5509499735899103
0.8065476680130483
0.5649783295656996
0.7369712494163281
0.9491910402198188
0.7818170540568432
0.5267073165385928
0.9980028822518977
0.7866567203052441
0.6756795713117968
0.6607099659548854
0.8843179914912422
0.5752145491642712
0.5050818104707184
0.8002831127660016
0.7832813614959343
0.7201145652010146
0.8049160668507657
0.9292465912924979
0.8362435997771897
0.5892612006234154
0.7208439823352362
0.9172866252757662
0.5419839322258955
0.636697789276933
0.5529476074884764
0.8642250832201439
0.9876400673582477
0.882277377213795
0.7298140989681136
0.6120195222735767
0.9178086257231658
0.9037112125734178
0.9759490772436465
0.5147476320854112
0.7493903095670654
0.8893743967519626
0.830152621672311
0.7786270292375097
0.9009406609056904
0.5398224600124889
0.6521159513909711
0.7132235832864599
0.5881523239038062
0.9920136292798247
0.8446274299135361
0.7637752072037537
0.6439856750997596
0.7109324914692268
0.5349907422377901
0.7341226811545352
0.7155671543246078
0.9543144182823686
0.8705117741318461
0.53312306881025
0.5455823065137917
0.5517764067931468
0.9735987296432804
0.510684319012978
0.7057057331878925
0.5189993723162898
0.7137022351304415
0.5993957020495734
0.7172925267644796
0.8149016303230976
0.8689245577103267
0.7575996658544493
0.5574418834191305
0.8344614377808156
0.9484973414041414
0.9677763952662558
0.5603064422341999
0.9806868748873699
0.842243490301038
0.9420054696657552
0.6039110792571836
0.6261079137196778
0.8362363996555137
0.8669116118275996
0.7616560193345702
0.9919943316518849
0.7929149280423509
0.8446771700874093
0.6410382657393047
0.9452746303389842
0.9008546429463032
0.8074670414679463
0.5146581539198948
0.7933764471048581
0.7734204631381665
0.8213044431124255
0.5481328269067796
0.8644016911210031
0.750853833344309
0.9624519796803487
0.8942822169987729
0.7975826821402681
0.8165621851649344
0.943176241194452
0.873094628361286
0.9539303306026943
0.848339092869756
0.7418774072995111
0.760081166838407
0.6361433396769086
0.9848343967445978
0.602367694764487
0.9731170437568173
0.5936412842578008
0.7493408160646352
0.8444203421172681
0.9516046535071279
0.8311011104726636
0.7607444446398683
0.9310336044647687
0.8343189008157146
0.8682403638266616
0.9191687900957287
0.6082499771050255
0.887930045903168
0.7640559112694595
0.8078372684897623
0.9457655896038261
0.5235914140992195
0.8771085508028967
0.9518021969506743
0.6255836536982187
0.7017252926659874
0.7969154889663013
0.7569509580065177
0.8645633055284841
0.8387834997534971
0.5981148934546956
0.5431571799462908
0.6413541390183388
0.8039628349484491
0.8175531606434324
0.8648305931317638
0.7877357725325798
0.7637060707828863
0.8367567643986656
0.8909403188709104
0.5741185424142482
0.8783240062923845
0.7682003424825117
0.5436633662933752
0.5065435220081246
0.900620663797422
0.9033017814781367
0.9500434292755134
0.856615209197839
0.5621164630941456
0.858996120501175
0.6713946609193275
0.5420995285415386
0.5502395042377997
0.5394689299769517
0.6294232410541153
0.9239126536730865
0.5544642679952381
0.648856224241192
0.7114721459640595
0.5702226696021377
0.8393018020672273
0.9871180006413625
0.8698724690611417
0.9034347477265195
0.5064022354566208
0.5291628572339904
0.9074875287576686
0.5878421500171819
0.9853694710162605
0.509549600041029
0.7310960497326467
0.514257453833956
0.6663938246289498
0.5679625986793069
0.5297693581561872
0.5792993067786627
0.7332548705894356
0.5446265185577979
0.5099734929474453
0.7564249414038874
0.916119488651619
0.7168611488870585
0.9480901642477539
0.777976654281469
0.7056831978652852
0.8051797459458421
0.6877364514283024
0.8572504351701289
0.8632670589802188
0.7269903884589047
0.5181181477732238
0.8153949225423752
0.7679095868962779
0.8416111361061447
0.7085446510696021
0.5749045264907439
0.5128674974877859
0.569362539895265
0.6190395875268923
0.8149862953191618
0.9910011954489875
0.8442991544926041
0.5153015384155295
0.5850973391356691
0.6252098292023823
0.8251308868695973
0.9778292127741277
0.9044672383884104
0.7460837484792573
0.9117274890928343
0.9004924982344733
0.5287053060077989
0.8426072333676577
0.8123883248352365
0.5152389059278772
0.5393223900545474
0.7035432403512725
0.5793898660904093
0.5408062269395886
0.7758282196801342
0.6577308182502563
0.9223403983776101
0.6244429254206106
0.934021131217849
0.6156098235809478
0.8194792625375517
0.6484858476510199
0.7803036220427755
0.8114534107772496
0.8803437933198441
0.519999006629806
0.8254878225302527
0.763647677815246
0.9785104855108038
0.5602055994172379
0.5061351898698502
0.5154277650623748
0.549418946217689
0.5184006773582457
0.7041885978260649
0.6461392719707146
0.5338390335792559
0.9121177652302872
0.7712161434517075
0.7738664247824124
0.9380505017314976
0.6943764965713062
0.578551517082666
0.7167838454084423
0.8198857933165673
0.617249597998672
0.9788783958954475
0.9557273976973079
0.9492273630415481
0.8813585859477171
0.747472183780659
0.7026938411405941
0.6228100684129281
0.9802674199852016
0.7887414953202636
0.617223321078682
0.7324916536414241
0.801179223227111
0.7204335065418729
0.7679876774824755
0.9215228897719421
0.5062243469145264
0.5454697395527665
0.697028676069541
0.6310099202149635
0.6690485342212891
0.6833531837726333
0.8367444595247123
0.8314458886901714
0.7804297217091352
0.6951488701378704
0.7912142632358211
0.8044611938718611
0.9908309813823558
0.8765630656836086
0.6436370448235482
0.8385648477743372
0.9412732827177241
0.7046680193294893
0.8640649865636272
0.7060576727999492
0.9249966505352544
0.8136659626538751
0.6530394622738389
0.7952239412692929
0.9895244710698913
0.7566589852351701
0.6036269151802931
0.8232653881421902
0.8532786383306589
0.7059891631272572
0.5095932030958344
0.7450298607368672
0.949138696836974
0.7317709026947714
0.9055359885682325
0.5930145435019541
0.8754159857203453
0.8467322046272674
0.7140075854830096
0.6265802717184638
0.6208486356862515
0.9691841168400939
0.9888974112014429
0.5692603194621814
0.5253882354213382
0.6015703637082339
0.539936573230608
0.8464609702707648
0.8568427189558807
0.5326874316361224
0.7037654693924614
0.7037544087704108
0.6791753124640139
0.8996058421983505
0.9206604688047979
0.7975704261588837
0.7531507793737908
0.8210146649797793
0.5748097298263481
0.9506931202293724
0.72730900262366
0.8941778544099153
0.5952924890377174
0.5451150387224255
0.5872550453259753
0.7548642230796473
0.5179847180009302
0.703293663155574
0.9613284358928713
0.8163682528073175
0.5374862436810188
0.8741338393515372
0.7719812171554382
0.541142089126954
0.751440906361868
0.6509904022502502
0.7543999215204746
0.772156169003959
0.5861342263650328
0.6258044727471663
0.9004243506119032
0.8921540360230349
0.6856824151390605
0.7893566406289981
0.693690554941095
0.5711489969052289
0.7200920238898888
0.5748806843761607
0.6563789813425048
0.5480581706126011
0.8316419182836172
0.7041751066084323
0.8100127562056224
0.9586729104016429
0.8986515898037453
0.5497771014838354
0.9086289772763215
0.653647495194198
0.5556226339780742
0.659774653436608
0.5193053828975317
0.780680711481347
0.7353849149464882
0.8176581638409187
0.6568254498237615
0.9724878210597969
0.9690045596235745
0.8025196172796876
0.8705588793483527
0.9197712208602495
0.8724872253406376
0.7742269092116689
0.9679967162200125
0.8534759755068466
0.6098604493501385
0.6589227328346735
0.6632160240004823
0.8122623669830337
0.6742960364717716
0.5471061403775203
0.5735917041173878
0.5096127209654863
0.7640702062762792
0.7264807116922314
0.8578942177159288
0.8120094125735489
0.9775716573925374
0.8384588232882393
0.9256129075431312
0.9664545176160849
0.7471130426696155
0.8640231055746114
0.7738232348925523
0.8702082227091971
0.8863488438498452
0.660017228761724
0.7347513558594039
0.9666559035128365
0.7324775512777719
0.7255378999521017
0.627321303266345
0.7436434939724887
0.8452984606343628
0.7447626210874548
0.7567635123879677
0.7266431714417939
0.857523945288626
0.6539976549736698
0.8759550884460808
0.7397881901362413
0.7186990311110046
0.6151104708296081
0.8538833614914222
0.9631420342651084
0.5483001480061671
0.6851817009018495
0.6853340405839689
0.5890244968036422
0.9669452627440561
0.9004037000721384
0.7266811465481565
0.5627421202657422
0.5742029407591298
0.7824840675049041
0.7603852940164825
0.635539912551069
0.5906960964753168
0.7547729161470422
0.5338023286776206
0.9905223033723851
0.9780008285425358
0.696272000929293
0.5951172874306349
0.8652812503658008
0.933902506301747
0.9279085836693056
0.7843673336909388
0.7911362516856817
0.6829326536179227
0.7512213327167214
0.9556594669637243
0.7649719645015245
0.5131071291580146
0.5393311986304647
0.6573307454088582
0.7947951561295847
0.8428161589669805
0.5783958576389165
0.9932614420494401
0.9042025474401763
0.9931854818044537
0.9931139115653875
0.7598101065419014
0.7846722385639432
0.8347378062082845
0.8278140610350213
0.609944180083296
0.5135518291757509
0.8851093305504715
0.9073340660056446
0.8145923982763403
0.9589353053293403
0.5864595378644075
0.9809976472316814
0.8860388754604767
0.5122622469976064
0.7581561615402977
0.7683343011750011
0.5629505848031316
0.6444654823613757
0.8257511901044137
0.5883635461086617
0.9547735157157681
0.9823907898411078
0.7703491124166311
0.7338593184296969
0.823085287427504
0.9835743997265737
0.5692027931526369
0.5214025495105563
0.9597242755156694
0.6025834592687969
0.5842326632133031
0.8886067491156171
0.7832738715814844
0.5548036634711274
0.634342472579492
0.6021783362502318
0.6251273304788258
0.6652621479688201
0.5875825685364796
0.6489414606708707
0.851759482397983
0.8049328055401239
0.8594362728921412
0.6188254510243437
0.6274769171708342
0.7670212292887872
0.523922237293739
0.9065396540403117
0.7093801462041607
0.9458159018356956
0.5354237978372677
0.8662590447421127
0.595905841738645
0.7442061394937941
0.6836770278680173
0.5729002757390408
0.7765048900478622
0.8858462543180078
0.623126239076061
0.7436471973600147
0.7016605553366382
0.6217076424661302
0.5802412616134112
0.6721085380976547
0.6398411612932209
0.8494096612173198
0.6270456583901836
0.9797269659313449
0.9150862975245154
0.6660653721858077
0.6118528564889069
0.7869501135741832
0.8882895121214053
0.7764221546920675
0.8164174607206915
0.618214916381241
0.799707805395324
0.646442405190166
0.801961742459997
0.6059460020041141
0.9285647701741684
0.5404836519724073
0.7345657947184481
0.7767661280986345
0.9790593435444642
0.9924934380313855
0.5345921814070366
0.659280899001225
0.8311836609940462
0.8882388369807384
0.797121293672545
0.7112478108161395
0.8022289171593653
0.5472293317359581
0.7305666772178538
0.5355818700413375
0.6713614767457252
0.9034815058354199
0.9280113657274961
0.7311828060678747
0.7673912435134432
0.956576190091539
0.7492719284268057
0.8364963064829617
0.9273696612361512
0.9512654918958926
0.5607251480254631
0.7097114530062406
0.9370665211306696
0.6252550614462904
0.6324683895568267
0.5337276278094812
0.5364014538293724
0.7353632435911035
0.6454630632609513
0.6991614888264623
0.7506674128991436
0.8225916535787781
0.6439633326311626
0.6198329964936828
0.6229079210761285
0.577431587088037
0.8905882067533545
0.8052530567757498
0.8874622137851381
0.7894716488362015
0.9910662915512236
0.9698847734749843
0.8065321330624788
0.6328630249003291
0.5892189584760293
0.5516440332422864
0.6308314119911091
0.6664623545869567
0.9270838751014135
0.846476179566247
0.5039606670496155
0.8281833797243552
0.7816243222839427
0.5758486328818984
0.9505585675082691
0.8195395482672482
0.8424055978664001
0.7314794342189763
0.7865292323587509
0.6659177312935558
0.8106053083882673
0.5395921744625931
0.6496019884167388
0.6781614134052454
0.9020505511923707
0.6581439747466077
0.9385176828511465
0.888274330867684
0.5698102503398836
0.6415669106486016
0.9734166234525152
0.8561737088093634
0.9909418889930864
0.7042755629684456
0.9406324397736432
0.7920625362490346
0.7344749260355323
0.5486359123405968
0.6677007898273687
0.6398442869202543
0.9600165712810166
0.7416295898482893
0.8467140337786234
0.6122328730835531
0.8498929048865921
0.9364076345637834
0.5778029478334427
0.9193360397707745
0.9781887446931478
0.614277274481145
0.9605931263741205
0.9728286661641175
0.5487979420813354
0.5184077810521666
0.9001168787638965
0.8053692601469895
0.8667936789057714
0.7910601863037185
0.7572897116908962
0.7813567594903155
0.5819410052191742
0.7723833842246337
0.6757131198243443
0.9771329397417904
0.5925623654988879
0.8869142371089239
0.6486783178672091
0.6297544025389012
0.5659195484821389
0.5584137222552124
0.7846173320553356
0.7879958003041397
0.5020588107542792
0.7635599267595522
0.7347371140622494
0.72940520986222
0.5067823691076271
0.5903354057971252
0.778533758980301
0.5659887844946546
0.765670418835596
0.9057049840671247
0.5569649522376472
0.9589624282766478
0.7873716750848488
0.6570169688126885
0.7650313456041054
0.972579405909852
0.8616626717807339
0.5385607917001454
0.5612305066721657
0.7180732968351596
0.871802914264314
0.6024377483361522
0.8326351903792617
0.9859136225283307
0.9940338392470038
0.577211701283258
0.8859341580307484
0.9058526901710455
0.6842022388896647
0.751274062368712
0.7785662494032305
0.5165068073707954
0.8169336993517227
0.9211804166396125
0.7794938045817477
0.9649760841133223
0.5351191484867475
0.9062791951989898
0.934654587801669
0.625666083885319
0.8966163936458763
0.6480755516737917
0.8353168246220599
0.8083866481170741
0.5516509481781954
0.7268490096999103
0.5537730917589844
0.6539815756591277
0.9444185428454797
0.7432111262752488
0.8265425610668726
0.818558493383921
0.9214525617476846
0.8786437384767005
0.5908435762006176
0.5308169335199229
0.7842775594660111
0.8814185292761653
0.8331647207933943
0.563318881912792
0.9151537239377876
0.7676924142153083
0.7252016508291126
0.8050040339650572
0.8366483262298178
0.8408058215972827
0.5469243799680789
0.8463160860546108
0.7342934001955097
0.7657046374251019
0.9001372538039382
0.9814205339601912
0.6206048229027649
0.689667341116254
0.8508323340554855
0.8983794524773416
0.7003815884713649
0.5853920795337479
0.8023135042153396
0.9033839780019516
0.6431301812116361
0.5594975812360202
0.6002176121291781
0.9002428514955962
0.8253028769078287
0.9882885220731232
0.9248289250391978
0.9845999901945018
0.7184699639467096
0.548026515488982
0.8646994308070779
0.8872209279641444
0.9166708116356704
0.5217464083288565
0.5353596151137994
0.6491636743615314
0.9396953432081897
0.8942939349220018
0.5636587179510043
0.8404569711003599
0.7459801427322306
0.8004074511319529
0.9654651064030669
0.5568096959885411
0.9741772340287467
0.8663850379057167
0.6339804205844101
0.5372612236472887
0.6953260189004452
0.9595536079837577
0.5212571880193174
0.6920907643802962
0.6300666826026063
0.8491851123574535
0.5278384342856451
0.6230692813340113
0.6123304096205925
0.5232950025575946
0.8870072083228744
0.670967820827437
0.9189451804373375
0.9941750799383748
0.5345242422244979
0.5260000120611422
0.8345409136051385
0.8012717930943609
0.8147007478992915
0.5810962272056743
0.5583804666057419
0.8996695599330041
0.8760678351995042
0.6358832031296887
0.7670672680347645
0.5144715330204209
0.8812157721219328
0.6592122016836781
0.7172808822569727
0.979483192704691
0.8702146630853499
0.7421354573940542
0.5232366210663153
0.5293977693123321
0.7278119971213725
0.6435030580861267
0.7084855450427614
0.6100958185083434
0.5214966945290448
0.710084821576988
0.8829716461839362
0.7433674655453463
0.5762811759152373
0.8572903119418981
0.5644230468727778
0.9036538228463428
0.7603619233387559
0.8568496558374123
0.5944810646357219
0.6447933900880067
0.8923521124870337
0.5416396453581728
0.9436483242066495
0.6665410642891137
0.6600395040879357
0.8962631026210769
0.6091654342300626
0.6200890553693411
0.7001332484940045
0.9044280309819362
0.6221332465349906
0.6958388258412933
0.9052081392246111
0.7378690980761116
0.8932790048273427
0.8198246038963133
0.7775816075112572
0.7823463851709953
0.9615876666121055
0.6125792025332969
0.9102756885036103
0.7474059323528677
0.6660664044439987
0.9524981828197007
0.8892275375291903
0.6988353566489047
0.9136074767844917
0.7906554612341476
0.9088683883405675
0.7306595726522112
0.8523572475612042
0.7733664294560171
0.957496124025608
0.5924350200368229
0.9080930594868422
0.8767759997165389
0.522887244662723
0.93755947511754
0.6349974646056601
0.8498479814235199
0.567901700474365
0.9384193973123216
0.5897223247887629
0.8353268927985432
0.6732340413146607
0.8432974408396658
0.660274465055345
0.5781166102982997
0.6318974147716417
0.937605360741132
0.5519360465647942
0.5465744460533001
0.6317883211760937
0.6442419573094503
0.9184552726557965
0.9785551105145728
0.656506721164815
0.9693713065582561
0.5063025627978528
0.826620642510613
0.5198274910661136
0.8585608560811416
0.6614093207117502
0.5190976205387822
0.887417297925023
0.5404441826703212
0.5089040057157072
0.8005176339630552
0.9003946914974471
0.7533452539082443
0.8776881106330007
0.5291313994062536
0.6958709511956505
0.9176072749358862
0.9749482315676037
0.8775416243917907
0.8534477866395509
0.5233274997814743
0.52296558876256
0.9853109153163268
0.8082742059692672
0.9101210384525684
0.5477524249407296
0.9677176054304732
0.71001541665541
0.8449087191580634
0.5861198952697012
0.5926891536263379
0.5500322519894197
0.5182080439845349
0.8054458015931603
0.8946833716478761
0.8815712510611013
0.8796942988709449
0.6054124744327964
0.6955986680429077
0.9051420479238013
0.8283767224493813
0.8440925546551289
0.8519326948246502
0.8674864566613305
0.8061428404052972
0.9643110391716078
0.9490594579149397
0.9653754106772329
0.719640670078105
0.9288331497137412
0.6083885269886643
0.6235284878778505
0.9498658671156057
0.5124245568194811
0.6905505279588388
0.9620183454499186
0.6251327126500738
0.6246670131837019
0.6805367918997227
0.7894223415675362
0.9842924335809692
0.9339241697403202
0.5925197792199286
0.6047281050341216
0.7459317593676583
0.5112459751172961
0.6334920631881115
0.8258719590956983
0.6772311171013835
0.5030169591638529
0.8782923316109832
0.8387471824304644
0.7057051196977756
0.6604203812207317
0.6926451398368725
0.971315830976665
0.5354467356631305
0.7891683197719008
0.9082279709864431
0.8119934767342056
0.7463366157493942
0.5224181593265877
0.5163020721347437
0.862469299176982
0.980951749300027
0.8331732401968195
0.7542698337329796
0.6345890531579254
0.7584778045457724
0.8671342743810191
0.798593110311544
0.6402198632528123
0.6962170815348145
0.6305328329606639
0.5653383271477309
0.926139916284837
0.7634295274462061
0.6593487692382062
0.896848595012344
0.9059286239654291
0.9729922969390309
0.8904494357897723
0.7006587180595133
0.8341994348781041
0.5603570437854365
0.9108423741479506
0.6086741218996321
0.5271771009115901
0.6953538575633099
0.9883972359430113
0.7511901968421296
0.9324198630587446
0.6071671513585284
0.7016101767477101
0.7761890528001162
0.5678398481863337
0.7995676177954253
0.7664309298317279
0.5639942384601723
0.9836383868136046
0.9658870817321893
0.8173418776848818
0.8125435643310468
0.6787043396823392
0.8322662112415452
0.9507135606431568
0.858105745442881
0.9495717409469815
0.7478485685629496
0.8474805287665353
0.7464035589541932
0.5638643434227618
0.8152398633557191
0.7400570270588597
0.7872343743257345
0.6446443587832544
0.7539074045482512
0.8840166087841662
0.5744243354401044
0.9518138997877346
0.821059904840067
0.8999587710922656
0.9271059808215881
0.5131918220252836
0.6626427504644506
0.6006119823521844
0.852813032971392
0.8201006462332942
0.740056380155549
0.6657832457857069
0.9155072438804909
0.9341963684511875
0.9290275177410163
0.6399951074003476
0.902103591852569
0.8506950452965427
0.7437748586269646
0.589545624441634
0.8009382024652701
0.7276017265966732
0.5290750303054823
0.6813973761922137
0.7288476542858565
0.5702520514669152
0.8268986657108917
0.9338425036741836
0.8672946522967825
0.8227253918537594
0.5623258111394288
0.664986417980036
0.5520926763287989
0.7146883659844576
0.7062119560636407
0.5105348119881239
0.7375225951450955
0.6299995324321698
0.5199858603900284
0.814729803266969
0.6772676388046454
0.9035013127502456
0.6322099342658771
0.5107031382709818
0.8098839803218206
0.554798734374387
0.7910815685779022
0.7762902376114251
0.8933767147696594
0.7358479107482719
0.6023315215804353
0.8767467307917629
0.6168989564105076
0.9384477393793494
0.9149484202136391
0.7174393078307771
0.7272051748159157
0.899922210865403
0.5836859618144142
0.9247991994858611
0.628451897225949
0.8771449194699988
0.7357431021643613
0.5125320017222169
0.8317066256101528
0.8973003145481064
0.9312440297437462
0.9199887806221125
0.5347533389861402
0.821001609773891
0.711370368715315
0.6909497421585347
0.9894431938579731
0.8303736243560791
0.6861871081789108
0.6316471941550498
0.7766279640285234
0.5356642729599949
0.8592438471576134
0.9805420446030751
0.7180138207101477
0.8282932980589826
0.9096214430185833
0.547276640640907
0.6661813160939155
0.7890200886212594
0.5339472738394996
0.9024928169279118
0.8238134617230136
0.8060845381732327
0.7295823842944621
0.5488700295457271
0.6583974413285866
0.9721458549617051
0.6087588579336453
0.8448321220589255
0.5391907120520719
0.772023834057238
0.9914258408587677
0.9203356061314729
0.7835074795206547
0.6042425825511141
0.52508993395717
0.5697248623843022
0.9434321823753241
0.8769155352992626
0.6978829921920964
0.9326531830720065
0.684663409262741
0.8084494826281952
0.5577575830021859
0.7843046893446486
0.9384952749505251
0.761237713238148
0.8629407006608544
0.8207139835655672
0.8118923617973656
0.5957803035474731
0.862079827843631
0.7204734666553768
0.6638875668921981
0.776396068102047
0.7356083406605253
0.9353337177116272
0.5795027220827192
0.5449982741556769
0.8854836695535001
0.8030039200202421
0.9780586583130333
0.9158952408891085
0.9476916905633499
0.6617601358038303
0.5260340911770682
0.6222974704978318
0.7148555477542592
0.9671250021701876
0.9166533344582237
0.6886793534343276
0.7552773711875864
0.8153470362278484
0.8933687498070542
0.5977137792838708
0.9529745916938367
0.7074467582222315
0.6270506553534769
0.9883694099891861
0.6481134875223777
0.5338585581871494
0.6137921675889849
0.5200931775350996
0.9284321014111206
0.8499356825243525
0.9905121818191999
0.9194790384263233
0.6604270399085928
0.7538095796921819
0.7204379361020934
0.7870389947408095
0.8230086748810097
0.918468626314095
0.9856482302327506
0.8046054727646887
0.8065514870639355
0.8007162941994465
0.8096350453922121
0.8108725446676123
0.5543328449998424
0.5212678447712039
0.8573611541282996
0.5648248435688505
0.9236227400536243
0.6628923696956579
0.8997393436017602
0.6181161992444077
0.8535677901650459
0.8148727739574605
0.5149139782204738
0.5729057056405967
0.9920526204111256
0.7162778856890201
0.93297440783639
0.8122880157389933
0.8274268590105464
0.8393056065963475
0.6647560260641204
0.562477283399601
0.8275588530872591
0.7829308123995574
0.575491135544563
0.9127408293495229
0.5158939743619051
0.5985840598755402
0.5072744988136507
0.5617669078538825
0.9428126281705924
0.6034029371154483
0.5765476920315561
0.7914908169440898
0.8029411676426397
0.8423023885733985
0.5858570083018212
0.9352505545985178
0.7288380734205014
0.549907228588313
0.9561617525919462
0.7466088664426754
0.9897598530682268
0.5054035295696375
0.7973846116001574
0.6367473079251457
0.7290010864600759
0.9565139330444432
0.6751602861601477
0.7211565818194178
0.8415477946926828
0.9260280555441601
0.8446915646802838
0.8129142507168979
0.5518212984162841
0.8249874898724505
0.9302654713244778
0.5033557666438832
0.6881551275478552
0.8193858450238277
0.7498284214449926
0.6794364236998278
0.6860976736294246
0.7298238586532199
0.6440177200880566
0.5907729552729226
0.8815440638255616
0.8265648203134902
0.5674020898362284
0.519754611859501
0.5353256399872217
0.7515980270364521
0.5615301877522642
0.9846686642688279
0.5238450503341961
0.7108051547434657
0.8911044087808347
0.7626630202856894
0.7310552279279885
0.8749819305086332
0.7728870119480911
0.8125884088792515
0.9344700546285708
0.5637623878563724
0.7604204527981286
0.7044300117549698
0.8778553890583333
0.8738011617065821
0.8863684315370107
0.6806299564986398
0.6932868067101609
0.8961498808578349
0.7006057412152905
0.7985272977987133
0.8278481547613474
0.965721086015621
0.8022296015081747
0.733226449870619
0.9826630332420743
0.6733396145747191
0.9832184791536931
0.5581423568786777
0.8096503577357633
0.888506522518599
0.8679476659125388
0.5859263070918401
0.7353452967631202
0.5066130108227485
0.5829081392982561
0.955323489359883
0.9229663410478876
0.5751435552784355
0.8938309660320376
0.7566508517076626
0.6519698554280948
0.5948836994453881
0.7700313797211709
0.9088660850172965
0.9234732059960788
0.772845936181413
0.5249078078933187
0.5205556572068809
0.5969406918160254
0.8629999628500896
0.6780890726323212
0.8512575894828915
0.5375889550015673
0.5473070722273539
0.8319311140035827
0.7208197889567649
0.9690309228211476
0.7182468572507726
0.6107446554250293
0.5933366465813094
0.6614466899199388
0.7931024892391019
0.5072109134496802
0.9830751862907541
0.5587237368766942
0.716602482075688
0.9851789516580043
0.7679343552965348
0.7119246306831057
0.9743633517520806
0.9499787773700377
0.7369750991507622
0.6903496836446482
0.5337276278094812
0.529164765680253
0.9143562091741647
0.6559007547953187
0.9315058305312008
0.8463869963453942
0.8443468000923867
0.7788517059955992
0.9110378648275712
0.9919724349769591
0.5277796761927245
0.686565351039017
0.6951312839385407
0.9311450740343102
0.5128332318880787
0.7141064797059925
0.6752557473619147
0.8914993016954418
0.653795080638355
0.900544853287101
0.6506454733986927
0.877229237931184
0.7458770784214329
0.627821103458859
0.9771688820119379
0.9463108281996724
0.9422006183951955
0.8726924913141945
0.6541296807535006
0.6845231725316673
0.5480746108085848
0.6615723207847625
0.699312637351825
0.7693202471386729
0.6770281934547581
0.9354315662858573
0.8150467066744885
0.6840207535462102
0.6391658368152182
0.8027810864386148
0.9047370649691812
0.6422679198796325
0.5107205538718241
0.8846771419724124
0.5644132074234232
0.8715637454135637
0.6732528913662466
0.6834715260251828
0.6116140521805805
0.8725134395190783
0.9720569711546312
0.5117437329122593
0.8162690777978837
0.803877263361654
0.9108786675644015
0.9574590968382164
0.5943543250823969
0.5653175204950306
0.6858240260449643
0.6706002273398284
0.7614678403539836
0.6858196670942867
0.812478167832501
0.5614515789339253
0.7268241798465962
0.7395303200234913
0.7219863199943345
0.8176810500189886
0.70204088783247
0.8973053216831676
0.9388635525542071
0.5684965793835678
0.5477745586253486
0.8694823932481685
0.9474156186536965
0.5770455223077219
0.789440514662179
0.9703927909947115
0.5131723437931075
0.913782603592647
0.6654489630809786
0.8130411981109237
0.825701078823496
0.9869834367833348
0.516708058174751
0.7243554873741845
0.8793805893751651
0.7393373781843456
0.7881915641191438
0.5758714530615481
0.9634153533862966
0.8684618020962896
0.5147730073298177
0.8019861831268029
0.7817943411749453
0.632038313839088
0.596599450720791
0.8421129128032805
0.9041425098587367
0.5235339761838639
0.8035416188307368
0.6431651531778336
0.8055591036641798
0.5424682211555365
0.922652508382103
0.8698290726709902
0.878854403924408
0.8919182608155126
0.6145010307888076
0.7130760864864283
0.9653120668998721
0.6323466893579831
0.6074988823696288
0.6287504344136043
0.8903748831140086
0.9679089716622973
0.851551060235292
0.6373817508113417
0.8222672593146594
0.784129325033068
0.5951003971745754
0.5250787896885519
0.5616723316208813
0.5502390635686109
0.8227475533484325
0.5487591156419945
0.8391245383168157
0.8837045309087804
0.8381205016349174
0.9670941012586337
0.885078872809872
0.601346103733563
0.9451107014815404
0.6193689718597561
0.9519384621160702
0.5759620910826819
0.55674059113544
0.9796759368221784
0.6686187753136749
0.6558371455710417
0.5159492500451673
0.7937141325246269
0.6552694341123901
0.8130592529918258
0.757009265474376
0.571155733591574
0.6401925765853596
0.8419721505426347
0.5353917844108493
0.7777578190900815
0.951753047892995
0.8546723165412289
0.5162152958388454
0.9320814919614394
0.8896090811387463
0.7116853913151511
0.8963638332972284
0.8399106161081853
0.9038433870317106
0.9198648762957956
0.7913864779438189
0.851696910186938
0.6902383852393491
0.7061260000238276
0.9071051941521373
0.5965905292721554
0.6109910201125097
0.6728521466234764
0.9809072968003827
0.795472533165495
0.5612085190201266
0.8876175031734124
0.9241724927402862
0.9296306406524941
0.7618623357911314
0.8681297990531791
0.5715099456147568
0.773070741533993
0.8825894748813105
0.5980197705604208
0.5131204992295733
0.6479724433483824
0.5252997595842251
0.8897700310595859
0.6904366420727542
0.6968347309058469
0.6100644862955867
0.8212538773593029
0.5346538191043195
0.8047557258945244
0.7668862772303614
0.9199299129930193
0.6140867551288706
0.8089880226452618
0.8233837851462218
0.9084338417056821
0.8082294720658763
0.5051695878030737
0.896310396138613
0.8949024026984941
0.5938752503285012
0.5764978278310563
0.7243190743242287
0.5364056444081281
0.5622141674532322
0.5034724187870989
0.5534451077691865
0.6973946425797038
0.5325725262606276
0.5326874316361224
0.6883741164162804
0.8732750361859393
0.8500181781786774
0.8258708557367633
0.5186786254170986
0.7991836781939594
0.877126504545706
0.8511845553473801
0.8996667770894035
0.9129526090500567
0.7702091637404319
0.8875764644781918
0.5667240980512614
0.6897842065198215
0.8702677593645705
0.7291892463261965
0.641399225228124
0.6528249170573971
0.9378525351747239
0.9466134561819112
0.5606772835449811
0.751274062368712
0.5426646207134558
0.7110606505388524
0.8866747911642325
0.5656829151209256
0.5133440094560312
0.7100059563436647
0.7342664719011168
0.7888862069891188
0.6044120209631069
0.6403903833323921
0.5996009343007557
0.9341758964095447
0.8953150034709931
0.7070550615397724
0.7806780197173815
0.9860635229787055
0.6276260660024603
0.9309414807336206
0.7388833900807542
0.666740476608094
0.6088537870295864
0.5560876431618265
0.7303106156838021
0.645314225439007
0.7943401720399733
0.608230376306236
0.7370262131095264
0.8691143824679498
0.7623778903219991
0.5455462091023306
0.5829825820125041
0.8538313721968761
0.5660028203758397
0.5850570128525999
0.7417289350629516
0.8160346720011802
0.5934752430585459
0.8255581162782715
0.8716380198604652
0.5199340772596099
0.8676111013526335
0.5455319149202758
0.6768923262682187
0.7573597873982105
0.9763502605477088
0.6857112929816543
0.5147786298444869
0.6559973902954921
0.6885192248521557
0.5898029930509572
0.744778945262563
0.6296403612581399
0.6041329659710535
0.7964969331724199
0.9534918346952203
0.7394604346118199
0.9148516525427812
0.6094291416017114
0.8124724576772759
0.6348849092001967
0.9786578818847461
0.8953763859031156
0.9109712668755887
0.8703581740195817
0.5302988831437356
0.6770453467502845
0.6607524664968939
0.5419783026435742
0.8720338291721064
0.7723623558869046
0.7280212626922427
0.9454104312077084
0.5137634583569637
0.96020347898221
0.9634437369602049
0.6099307400291054
0.9465838238945421
0.9850350728567071
0.7154981027676811
0.9734496013887886
0.5862578532727427
0.9662488956227764
0.6313471856402986
0.9206984523416916
0.8317673366829315
0.9495168657692891
0.772137798121541
0.8521960724339388
0.514549280205328
0.951528690805313
0.8052428743489729
0.6617601358038303
0.6935295355059733
0.7142178442057836
0.9939090046745447
0.8656045756947776
0.5658069116619606
0.8060450746969312
0.5560893372149038
0.8044439056061683
0.9197053788591953
0.5712831836151584
0.7266215702541359
0.8214332871115861
0.5457270155737673
0.5860445672993374
0.7359215368552998
0.8225626244465849
0.815599365782242
0.6977610749544971
0.9362449630720036
0.9012736221733543
0.7468573960700091
0.5957561080231142
0.9709912352626067
0.8564273631856884
0.8210962071053812
0.905331605258225
0.6949420615085831
0.829604022036731
0.7728869700604168
0.797707634812277
0.9637655346691045
0.5487378437254729
0.9625874385360773
0.7484840293501046
0.7323691377106621
0.8477793027427327
0.9050263824570862
0.8562656495402176
0.8072282363216445
0.6649360998195357
0.655022798530771
0.6828688532856192
0.7061343385095074
0.5123715212432951
0.8315940553626033
0.7995144223163938
0.8562479305467536
0.9307358021870795
0.5278525106103106
0.8929868033900425
0.6408879975690851
0.7115120254724034
0.9617453493907412
0.9608247054416408
0.9007497975292484
0.7161150903338975
0.6317893677251095
0.790713459686208
0.505174165053582
0.8398550267187649
0.5343791719025204
0.7543321921650487
0.6603458158830724
0.7971682221336108
0.5128144306654587
0.8553483485108614
0.8836202118186706
0.5164593297950106
0.9125669709882117
0.857188584152413
0.7184931099625353
0.6684025728355871
0.8965827878807477
0.6831402690236941
0.5131952895901156
0.8153948017065188
0.9574357317186031
0.5394250056380006
0.9958969656555684
0.633984464708619
0.9052591920858281
0.9617329901561108
0.8759148324690161
0.711343832250296
0.971798188975717
0.7355511026123215
0.7330077617106904
0.6300330156487853
0.8187459883818764
0.5227533210414556
0.9729976284734699
0.7544762844811748
0.5327664602635923
0.9532206703478017
0.6470722994724818
0.5707214561449895
0.8873775908198133
0.5663559731524033
0.5976623448697949
0.8872381920757627
0.9793753970179228
0.6887718146908738
0.7646941192664327
0.9747035873035097
0.6220295822707652
0.5692447277052198
0.8595727942001444
0.6533992262939506
0.8325104654704362
0.8984134932125305
0.5232977327169345
0.7311719217589475
0.5663463664622052
0.7768423516502315
0.6471062606916973
0.5512908711605142
0.5201118566184832
0.6517776295252574
0.9663353471224819
0.8702046144788685
0.5936980039951495
0.567536803370826
0.7681069796964503
0.7714033440744973
0.5269527217984504
0.5513174034154289
0.5550609643865038
0.8225288918133534
0.7105419522994655
0.6472944781125449
0.8863056392138676
0.8263106339033776
0.9148720591820159
0.8892059457425503
0.6713616111235323
0.6719906004584554
0.8157675392034495
0.5909482693128424
0.8466498995274739
0.573309767726892
0.5151560759576812
0.806489315735912
0.966416864626251
0.5257256824538603
0.6669966239710937
0.7657767717467279
0.9671040471311232
0.8547639206305648
0.8029164640247198
0.6707748575676608
0.5650154296378569
0.6829856725146077
0.8147509817786713
0.6846752533413168
0.7871686498693398
0.6778325776412196
0.8305676755641778
0.6207138053738127
0.5629312263239096
0.8853658896648405
0.6649323136127449
0.8464008457904446
0.7067914681310494
0.5649733656020229
0.8695712176923305
0.6340266965809692
0.608487779256642
0.8736277984331591
0.6997872745700733
0.9375864102293229
0.8378112381620261
0.8562705126035107
0.8522407843162146
0.7887364088685328
0.8278134872734658
0.6193294676254154
0.9712995631996003
0.5210975576868435
0.6818871510963344
0.960055144395928
0.7822623845790813
0.7161849242776486
0.955845141422629
0.980875470256123
0.8152312569890005
0.7918107294023133
0.8760219138916363
0.64959985073282
0.9704240286719155
0.5668458345903671
0.6870626029433108
0.9486609111364877
0.9128289355018125
0.6243861625764998
0.6690324762879061
0.6705195194776633
0.9045630057199884
0.8308546570311739
0.9269759248428749
0.6031667904542746
0.8755948614519521
0.5265631978287866
0.60074042838719
0.9663599765872412
0.8967541670269161
0.6108670604416734
0.5683518907536843
0.5448581561961289
0.7229419422203243
0.8065692672914316
0.7022315406998026
0.7907132850320346
0.5841724581700634
0.884749235930316
0.9003518629470817
0.9561123396600001
0.6741469859816633
0.6629709561942428
0.5321513662966402
0.6532921067399936
0.8022838748564528
0.8026048473689749
0.8795939967795199
0.8192852183224302
0.876793343355942
0.711235588463431
0.7910029506415749
0.9341758964095447
0.6033157315665962
0.6622404755634236
0.5808937764302762
0.551504154953777
0.9265251156931341
0.9047445271991107
0.5102952806571716
0.5431008429465001
0.9506166255089613
0.8280586084648265
0.9587560185269369
0.7891777549437501
0.6865837981656102
0.9648629777589323
0.9465589384301382
0.9824703455852367
0.9698946254854034
0.9757270837943738
0.5236662398874428
0.9848571029658275
0.7921707693822528
0.7549575256067008
0.5505751725762165
0.7193036119801582
0.9342715740261514
0.8599452413728562
0.9575451061726782
0.862095760302418
0.8843721595501292
0.7297335546562549
0.9956587427249686
0.5188221714036045
0.938434484680928
0.8509265088627321
0.9441257874629436
0.7484538159938658
0.8463047664852367
0.8356984931957807
0.9774860654868595
0.5690826408046719
0.9286745250703801
0.801483648277458
0.8901590516547356
0.9834491835664567
0.8580162459948535
0.8554883216075855
0.5481236851298028
0.8081573591380955
0.8259629583839134
0.8856110987304383
0.7329898122517241
0.9813072182837518
0.9216805204638573
0.8743504860078932
0.936262029015449
0.7702610810890406
0.9009133284596591
0.7917142757542179
0.5232107062205904
0.7505828567739589
0.6838825159124464
0.7017890280784138
0.5925775377170893
0.7272845896679069
0.6494572553548401
0.8995385431362972
0.8382984232132836
0.5317231515734495
0.5700383582992542
0.9888848459112398
0.9697050568922153
0.5597340322924776
0.9708270591203019
0.9818712310790778
0.7925676285167276
0.6208352778162533
0.7469013767493238
0.8955317145877154
0.5203652610021956
0.9419278348002497
0.687740309583032
0.9037787844078937
0.7314615553272491
0.5932290798512603
0.5117367397051176
0.7375263038084624
0.8937523376828234
0.5562305218446015
0.8064474150994532
0.5845164631535514
0.7041573124460929
0.7914694430389339
0.9833953986102774
0.9125669709882117
0.8255057781366241
0.6987818413274307
0.9465766575887444
0.6806304205085546
0.590510060430773
0.6975973075516038
0.9472894439868078
0.5150100233783002
0.5663391798077928
0.5527875610499676
0.6416556926133413
0.576067254068956
0.7371128376816152
0.5711419677629511
0.8229355862840495
0.9469141422790035
0.7900522652651614
0.6418198775143502
0.5202639483179098
0.5743710113749286
0.5078164212205003
0.7811398297892694
0.788741509810151
0.525659165454921
0.8377835213768621
0.9129897637164296
0.931810032137492
0.7757951477207009
0.7855522413351667
0.9082543588199051
0.7211392869591684
0.8771291146964768
0.7228272731631114
0.6080866291471905
0.5551586993841706
0.9468496955440124
0.5797362832400379
0.7458382333538178
0.8700532945913636
0.8409218141387936
0.5274853785314452
0.5748420540880711
0.5123476150765393
0.6160708634083697
0.6778719358368341
0.5288226268681645
0.8696461263051204
0.6020588584863943
0.8727090981144
0.5401375856740177
0.767478206471919
0.991018701049124
0.5072246409002472
0.7420828654867093
0.6714882503469521
0.5095333370140354
0.7733188237731241
0.601084267346555
0.9823241105958146
0.9289272862837612
0.6642917279571819
0.5170615180119237
0.5890111037396714
0.6787022033611798
0.9442379654969323
0.7614992888729848
0.6927997162630812
0.8144035760082861
0.8619005642361
0.9929119272854071
0.7902365824467382
0.5858577274592567
0.6284553564669625
0.5653302497760502
0.6664184340008303
0.9137473988173718
0.5401105641128414
0.8594712764710027
0.9151428905086402
0.5631496945272965
0.5865563694724487
0.8514146731867512
0.6343802175093802
0.6469592781171436
0.6375405864967089
0.8009768501522248
0.9930369384565167
0.8886597569849561
0.6770526878700152
0.8332554732087201
0.8145569010723983
0.8428161589669805
0.9626542757379545
0.6492881237613913
0.7733489477905516
0.555929322666983
0.5820374657923251
0.610923731958736
0.7889874543323445
0.7564253209436324
0.9287305367885361
0.8541795033963713
0.7849615433983684
0.5385250145118061
0.7704333789822384
0.5638711507490527
0.9653395779292687
0.7480890524460118
0.728715646415225
0.9432719432122302
0.535766861279378
0.7904667000322412
0.9793915137766371
0.87882776610005
0.7307893319015418
0.8303017344450023
0.5545185589500413
0.5748935570561952
0.894511446068605
0.9788610558404347
0.8722808580342656
0.6560946492556256
0.5937564382783189
0.7096339109583472
0.799907537585021
0.5900206431969965
0.8829671468477776
0.7910869046518013
0.7555363710135692
0.7052387420294065
0.6391658368152182
0.6272239725832314
0.717238946163963
0.7101365924623432
0.5900356863010404
0.7284305718858775
0.5791525159321611
0.611327898535199
0.5619881994688508
0.899103729669872
0.9349665938482241
0.6697090699312754
0.9423826567676894
0.848039570747992
0.7359360780426997
0.9191791458446964
0.6641099158110754
0.9640899677116398
0.5349368698565165
0.7334286027146308
0.7133874265010319
0.9451506908940763
0.5119778445925666
0.8044505765338824
0.5873906136091855
0.7328311858014634
0.6973985529411222
0.6340730826199209
0.6525467732892292
0.8781734842216051
0.7193084115501844
0.9552808474034313
0.507798035231453
0.6300371354015236
0.5680384762387631
0.5109062214725861
0.5136997747460625
0.8480252278044165
0.6279169104300225
0.9176921561546044
0.8750386359317098
0.9314399917078741
0.8973820992966364
0.9124404621033314
0.9712298010582827
0.969817102018795
0.7896880987677309
0.5431921651413384
0.6723349050434084
0.6807544504477678
0.8153040341109354
0.6033469783793087
0.6312925269003484
0.808898987836429
0.8365458293099721
0.6618324726939963
0.5234867568591878
0.9022561186851629
0.9802714850176335
0.9896003484366518
0.7847516490664053
0.6177759802432081
0.8611291324198946
0.6562339482876942
0.5140047487543573
0.7863878601689291
0.6916282668738055
0.6182688042166533
0.7858342133322889
0.9144290037156623
0.8600223307885135
0.7422366806713734
0.5254049465529377
0.9237743654970219
0.7612949546011785
0.7101024389342984
0.6809832393736995
0.832349993195647
0.8305620677247546
0.8078096412738284
0.5364561481907515
0.898306140229597
0.9861749592063603
0.5674596952236387
0.9768856999345206
0.6048124141278226
0.8487568312495987
0.7609437199682053
0.980270226560767
0.5666856271290762
0.8422364902821904
0.8663471499256808
0.7752302473933937
0.6780303645787941
0.9780445451110754
0.8224949134950736
0.7178867680515345
0.9510445653306726
0.505498058206684
0.5593919456365838
0.51047370274264
0.7760465936337089
0.9502475844187175
0.7036320794667177
0.5787776229587082
0.5241879075063349
0.5526208323515552
0.5346477158049714
0.6275674960549478
0.5038336887030181
0.6347448142417185
0.7769324482518298
0.8104026202648549
0.826909120870078
0.8772587373062306
0.7023558334720351
0.7489600576864889
0.7865059513093421
0.7135734338206124
0.9619552310981557
0.5766095809216255
0.8960445530026454
0.8066353103029427
0.7034191807150095
0.9104913135849981
0.5199838464470882
0.7044655480898431
0.5617571357724068
0.8207041520804017
0.5987758979240418
0.7762967876886091
0.6575212693270738
0.5599488404843093
0.8434050199012967
0.9280533427674947
0.8177190740585556
0.6740353893106625
0.6006684785203307
0.8302271190446728
0.7306341464836555
0.7177040571983835
0.9380521525120825
0.947934484208249
0.5136923057940284
0.8997743886253289
0.9358153827853422
0.8991232325047537
0.7790728285355552
0.7265113213367926
0.7641472655748177
0.8660868168823486
0.8589761597595313
0.8538489452588657
0.6463146639267018
0.8022198139569248
0.5751457949407088
0.5386107478417753
0.9378753716834404
0.9783771929038834
0.920523297623417
0.9047017858599807
0.7626764087665382
0.8863540683291888
0.5823727325614756
0.9709374272208798
0.883106584243024
0.8191800454017746
0.6421662325804608
0.9916622356347533
0.5818493078682605
0.8825566232308933
0.7847196128211968
0.9569668628167682
0.7956123291091107
0.6994163019756167
0.6068651175372227
0.5213457457316993
0.5372335759218936
0.6838453189704807
0.8231176161428133
0.5238333985938645
0.9624977857939839
0.6133683245163675
0.6650898029729047
0.9875557303012676
0.7848386375076031
0.9300804513576449
0.9339159961522726
0.7669163829697175
0.6457936557699976
0.5451981465819168
0.9092065419927746
0.9015005694675067
0.6245820129452767
0.6213821980039776
0.8765122531105822
0.5866229986028388
0.8922360965303845
0.9251275907367645
0.7803262632361213
0.8149199243908005
0.9179582563683877
0.7977663878651015
0.5928322386347211
0.86989126005318
0.567220548232812
0.5227473373288866
0.5610197630314919
0.800960008420151
0.6037556420203459
0.5969621825527512
0.7215471726563043
0.9595589031795663
0.7119823945200136
0.7873601709430106
0.8902820018766257
0.8783414273700391
0.7545702193508137
0.5851240142758447
0.8321686269942595
0.9842124601629948
0.9818178010295874
0.9600027188147435
0.8073197975253997
0.7750787121698172
0.7184103561119846
0.5132717643926565
0.5259639952905978
0.8480693433546768
0.6706444808871314
0.6268103708952475
0.7569732211044296
0.6618913968070932
0.9928980401772064
0.7256706373855616
0.6372585404279065
0.6302016051842875
0.5054277685289125
0.816908373102578
0.5973238183397893
0.5850512983184485
0.8410013545386889
0.7553247614878559
0.7705400488256048
0.6185631507135296
0.8008721178728523
0.5611462166114918
0.8475159511425768
0.7600949601011575
0.548142055384282
0.7068377317259907
0.9943201846376064
0.794103226179254
0.8499825910194163
0.5599056587153877
0.8940124080440992
0.5556226339780742
0.7891174841673217
0.9175105262764303
0.8903818838431871
0.7198729000399292
0.8987641388695666
0.8072506625951381
0.8337518312503304
0.9475666519024681
0.6584475465724725
0.7272238404714348
0.5550167795289237
0.5142419737167061
0.5508899515203592
