0.5429940951968324
0.9046917682495016
0.8186249120500947
0.8151977516033506
0.7808598376914606
0.8280775396449771
0.856564034669466
0.515907511734366
0.8758759810580599
0.6997344049377544
0.6289527027477736
0.906907491973878
0.5699970944879817
0.5065493760873381
0.6917281636512222
0.8297985849488132
0.7512018921986945
0.7682315960460893
0.6714609482978378
0.8693209328004307
0.525212557112081
0.6469045251965636
0.8738246002028377
0.5053212696112127
0.8045318362857612
0.9368468200860071
0.782339491162751
0.7006505053151161
0.976545131799461
0.9218746409033146
0.6637185966111426
0.5261395714564587
0.8349062139224194
0.7448815709398834
0.7393466650361209
0.6902698169180053
0.6960702871936899
0.6410982281105663
0.5982291875904696
0.7209889358472152
0.9629011849739282
0.9107871485396016
0.8982585913406005
0.6947688325471967
0.8479644159209712
0.655998275233475
0.9821864005186319
0.9229925309583881
0.6838284624206568
0.8533950737431415
0.8770341830321128
0.5254573546878302
0.9205640296475165
0.944636530620126
0.8932360912450993
0.9193244364725957
0.929526400068096
0.8892852567700789
0.5522949590043623
0.6188805569433581
0.6016064522768887
0.7037218266325165
0.9758558923721793
0.8532963919776999
0.6944543756733906
0.6853388362419665
0.9355821608209919
0.9019595780249695
0.846307977551154
0.788976602602534
0.5645469198365806
0.5744355900674298
0.9352540809502689
0.6933906694501544
0.9119094593772166
0.5552408401013534
0.6649082702278197
0.8525995059227425
0.789274762436834
0.5939332643202961
0.6721327162377707
0.575400002298604
0.6100110451999574
0.9368823484303113
0.9439288897629762
0.7246856234822893
0.6377929292482137
0.6598211112329827
0.5520462884915144
0.8763033189026184
0.6026403950475206
0.5547874212587386
0.7000747523950385
0.5702420205687128
0.604308408170806
0.8232584721014041
0.5529869324756633
0.8428590680165428
0.6241407185273457
0.8941924421139611
0.7982156421611768
0.5260351380548195
0.6818698232996759
0.9481846192576987
0.6885903280170627
0.6281996481027905
0.6417059182456722
0.9713750850407402
0.6866410132932433
0.8188168488582656
0.5947500482852581
0.8046538014703573
0.6851408296402386
0.7496864861423687
0.8512974326423293
0.6666321081064353
0.9797313945352221
0.5960296425310826
0.5293386822947906
0.9159140880639197
0.5267853175972347
0.7774997430239047
0.7652532446218395
0.537435941369857
0.9785963720735519
0.5308740379814019
0.9428924576454737
0.5751313321919945
0.6037446960847388
0.8471491745264136
0.84736913263425
0.5506047206651863
0.8072404517553577
0.5652119204006865
0.7369256191980607
0.9493511467743383
0.7819055824048599
0.526872511276763
0.9979634111601174
0.7859805763436545
0.6760364990211825
0.6601163206086949
0.8843996630683624
0.5749922058772587
0.5051517909208973
0.8006485385163856
0.7828893465713676
0.7204946947897448
0.8053015660964763
0.9286170652658003
0.836337423794428
0.5887432626591497
0.7217319083421541
0.9171930970663145
0.5416341037093826
0.6365022104898841
0.553525245500146
0.8627253664217706
0.9872554099821627
0.8828977350319174
0.7318275609973988
0.612324426037028
0.9177624594293565
0.9038408832761791
0.976457972882279
0.5141282497206762
0.7506597085595853
0.8900638080519206
0.8298717101261049
0.7789691641404207
0.9011461599081737
0.5394764140462643
0.6522533181051928
0.713720427413012
0.588084061058998
0.9919806841760407
0.8444417369221242
0.7640351892821221
0.6431300873744991
0.7106320189475122
0.5344314205212968
0.733992347307917
0.7161783968669403
0.9546944352101783
0.8698377766648265
0.5330559380806708
0.5469760481317686
0.5514304918755111
0.9739132364288482
0.5107944968930449
0.706439236633327
0.5188742403945653
0.7137362645647369
0.599723656936783
0.7176640051993213
0.8154758248485796
0.8688541614573636
0.7573049441886118
0.5572008724286027
0.835199439750962
0.9482639319771679
0.9682274839065784
0.5597029387503524
0.9803819998024456
0.8422512430299113
0.9415081174361134
0.603722198724565
0.6261769170075498
0.8359409192770696
0.8669497851335575
0.7614061844468625
0.9919039906110868
0.7925077108610517
0.8446107197726014
0.6418189882183262
0.9450076982517227
0.901383500191446
0.8073329127157968
0.5146159906079806
0.7932787304244379
0.7732007608364189
0.8216479254354329
0.5481250083199455
0.8640968809172632
0.7500431903044246
0.9625740025160328
0.8945558561485621
0.7970940416400308
0.8167328261317766
0.943845094646359
0.8718442755956779
0.9541307495361319
0.8482932997329536
0.7420815857579537
0.7598858972823122
0.6358246821432585
0.9849982533353897
0.6027730543307452
0.9730432718771148
0.5938371616753545
0.7498601916672786
0.8441772817043286
0.952149828933685
0.8313371315359819
0.7605464862894021
0.9311776697420632
0.8341996388181633
0.868379083324322
0.9198329743523754
0.608400827006248
0.8874014210369966
0.7638564032751184
0.8078699318893177
0.9457169110662624
0.5230182093982301
0.8775963739717911
0.9516093112149686
0.6257255619003139
0.7014228675499101
0.7970887951459015
0.7568888137503537
0.8643557646036245
0.8390421819624923
0.5978977503713576
0.5433707291838467
0.6406832938673073
0.8039170099882954
0.8175861415665533
0.8642555457061825
0.7875253895533258
0.7634907395097025
0.8383349912820102
0.8910415216132022
0.5751492528297596
0.8782393337017225
0.7659898335399012
0.5435022982608501
0.5068957807364965
0.9001136833694221
0.9028581359386585
0.9503500458771756
0.856449929385877
0.5619916266637989
0.858447320590446
0.6715147285742207
0.5414637656597364
0.5506339180140287
0.540058767854514
0.6286698991826944
0.9239953426503559
0.555275404000826
0.6475749217156438
0.7124849801115082
0.5695120504021308
0.8379323879343442
0.9873893626221453
0.8701483375751633
0.9035470805416811
0.5064845294524112
0.5294426967196163
0.9082050355030606
0.5879704252542992
0.985278774701431
0.5092430202623602
0.7310309153453222
0.5149184411383382
0.6659417133664378
0.567930793131558
0.5303829858712773
0.5790931000919581
0.7331700197860956
0.5446956096436888
0.5106832544209495
0.755774399815132
0.9168055338545714
0.7161132597694169
0.9475406824791153
0.777929325153995
0.705353635382783
0.8055453642288326
0.6875054653765063
0.8573759384102775
0.8631903856761389
0.7274871381170978
0.5181142380363879
0.8150163810110521
0.7676394222148938
0.8419573562667666
0.7088379189437631
0.57586234683068
0.5127205630489737
0.5696097273059108
0.6185552176621499
0.8148320815380842
0.9905327086654538
0.8441555835725674
0.5151050637062026
0.5851419340505866
0.6256241411036811
0.8245571761671932
0.9778818895267795
0.9048565544143108
0.746413993841638
0.9111806308588766
0.9007381104346168
0.528492040842984
0.8426232542221608
0.8128464783594955
0.5151076549444534
0.5397364741103752
0.702901288285013
0.579682819747656
0.5411978153251109
0.7760932147152063
0.6580885478107443
0.9223690664703496
0.6243649212141705
0.933909523407899
0.6157322738245002
0.8191843918470519
0.6500059479410939
0.7804091085101683
0.8114352217672386
0.8799349372187031
0.5204076837580167
0.8251848756911897
0.7636823211938506
0.9789355001817369
0.5598127143846579
0.5058263421721473
0.5154056441671888
0.5488839115646651
0.5189927602834151
0.7043925935726052
0.645703635568761
0.5335007910990125
0.9131959831820249
0.7711298771836338
0.7737019656430162
0.937864324734442
0.6947534155951163
0.5788496863445357
0.7170933397008368
0.8195676387742457
0.6176813791437613
0.9789838468889293
0.9558855925454626
0.9488819149977736
0.8814777046411977
0.7466938263768644
0.7031389963510633
0.6226129326784499
0.980595919889907
0.7886529733574766
0.617102255989887
0.7326620237374838
0.8010014104234965
0.7203552548170308
0.7680098117284252
0.9210754348182099
0.5063763936980898
0.5458114292427136
0.6972324344574001
0.6299464103537246
0.668526736861879
0.6829629454062487
0.8376115677177723
0.8317294634173494
0.7803233126659284
0.6950082785153472
0.7906388866360221
0.8040293426959503
0.990778332208325
0.8758700169543359
0.6429551119512655
0.83922303379192
0.9412733221771642
0.7040802558613785
0.8634025968633182
0.7057856090916128
0.9240638712779317
0.8141992215798829
0.6524052386252241
0.7945577834170727
0.9893691313854188
0.7568591919273274
0.6037980570451883
0.8248011350986024
0.8530202186328434
0.7046569733631901
0.5094525108388049
0.7448717114514367
0.9492892805586776
0.7307832789218186
0.9064217423475444
0.5932947157471792
0.8756059579881332
0.8469350682737032
0.713952063785335
0.6265670568321163
0.6212389455186427
0.9689063399369073
0.9890530605238675
0.5690724917005556
0.5253330636490714
0.6010322831459289
0.5392893342482701
0.8462389373841451
0.856495435329112
0.5322812169061155
0.7032623849263723
0.7035183960156118
0.6789495918266513
0.9004072754348722
0.9205007332050216
0.7971049358361381
0.753094255517783
0.8211483103794476
0.5753181064739773
0.9508465089276035
0.7271141626499336
0.8936947660702504
0.5949536006589452
0.5441743154355169
0.5877861897592754
0.756147225339198
0.5186711433310222
0.7034958784935895
0.9615792129655748
0.817147823155529
0.5376149255514
0.8744833155921959
0.7720875048549601
0.5406816505647442
0.751635879740263
0.6515580192849146
0.75592058391614
0.7720122902382842
0.5848024951000741
0.62600551342065
0.900489218670547
0.8915028672892006
0.6867505795324783
0.7893500254641257
0.6935179761068097
0.5720371502319722
0.7206110736055734
0.5744251310946635
0.6567127535158858
0.5478837768560337
0.8329940003967969
0.7031548242064047
0.8103254946003751
0.9586842617198142
0.8983983030175747
0.5498545394899038
0.9086150055261464
0.6532281423291517
0.5556879590147976
0.659506313707724
0.5193717734034115
0.7801199104219817
0.735428040331376
0.8165581693605696
0.6569055138237092
0.9723880392424058
0.9689245024837551
0.8027700742779403
0.8706899818178261
0.9193525451043334
0.8718729378733665
0.7738621711418866
0.9680311860567596
0.8537026942665945
0.610314421283072
0.6593154791310173
0.6631489347436937
0.8118428945776243
0.6755060218881097
0.5473219533251145
0.5737018066991983
0.5090426201038463
0.7646264547850842
0.7265931263277894
0.8582356227376607
0.8119501172764427
0.9773706353103588
0.8384178437410568
0.9256400594905823
0.9661919896962575
0.747945246626888
0.8644234748692641
0.7742364255137985
0.8700619400720091
0.8865277172698985
0.6598211112329827
0.7346362486842007
0.9669041724784122
0.7325097607899846
0.7264074212866699
0.6274420092386959
0.744063703847675
0.8449457400184034
0.7451284307383927
0.7563585647241033
0.7266726048525985
0.8573923536387155
0.6539785471128056
0.8763357670220816
0.7396848617868338
0.7185397818337038
0.6147839735415492
0.853320877385555
0.9632806927339421
0.5483555868624688
0.6850742817100779
0.6854626416510177
0.589375070895274
0.966413647263327
0.9011976101865118
0.7272254664816166
0.5629549485942719
0.5745275030460331
0.7825035213453402
0.760712204804223
0.6353687394432924
0.5909996823059974
0.7543391066498673
0.53408034243167
0.9903736299281398
0.9781781512862395
0.6963063195361515
0.5941640242855525
0.8654250843103467
0.933683745609376
0.9284051580196888
0.7842097884439337
0.7911072384128278
0.6846730199599632
0.7493159020839733
0.9561297673889119
0.765322932714847
0.5130042303339809
0.5390913433129189
0.6573487836127269
0.7942745642168917
0.8429965627079978
0.5786562776982911
0.9932631974015395
0.9042231176833602
0.9932309053204981
0.9930979433721787
0.7601102413794255
0.7846997216191098
0.8344961546002508
0.8273380769000223
0.6107228749297106
0.5131839459487743
0.8857541689138916
0.9066489818549646
0.8151113252089155
0.9591347671461414
0.5862401295850614
0.9807996418242902
0.8861387184004618
0.5123954707608216
0.7579555978773715
0.7681269321934874
0.5628101139088966
0.6451838093922948
0.825749454114996
0.5888064987310216
0.9546734095871148
0.9825229295746112
0.7705457199354139
0.7335439605663521
0.8229874027264809
0.9835472815986313
0.5694827303154111
0.5204846078709454
0.9595332819909365
0.6025865824572643
0.5838925723938341
0.8881469653100855
0.783900353340258
0.555267918655644
0.6357725625308318
0.6021131068106471
0.6245605848711291
0.6647101395892739
0.5881676806847377
0.6494887166473433
0.8516797551852358
0.8041775646893022
0.8595270704021603
0.6187219239485888
0.6275729644362631
0.7662705590897242
0.5240042275729428
0.9064322548886251
0.7095564796471259
0.9460517649981918
0.5345831740869526
0.866114665370204
0.5965930194314959
0.743562354972917
0.6833197997453622
0.574134256193052
0.7763563313907945
0.88599024575032
0.6230030294396065
0.7431355257873672
0.7012207906755332
0.6214346895896369
0.5801252969299607
0.6722505418431056
0.6399331408836203
0.8499244291236606
0.627347789149109
0.979842301949275
0.9154569925330457
0.6657725702373761
0.6115729141019967
0.7885231977753336
0.8883105080178227
0.7765275965595667
0.8159349025218464
0.6178281484157484
0.800091288107844
0.6465804864947574
0.8015898004021896
0.6059982818567926
0.9290453661550289
0.5408469015266723
0.7349712055668499
0.7768662430432899
0.9788694601393646
0.9927309557590799
0.5343044169876195
0.6594330225757549
0.8315495789287829
0.8884686614075149
0.7972849158344243
0.7109081061397965
0.8024482474865267
0.5463299231254981
0.7298574265370089
0.5358623491173624
0.6719914882204315
0.9038047652364248
0.9280733863748697
0.7329769978463506
0.7663827667826941
0.956838206589239
0.7490396759469728
0.8359375106191688
0.9274171977267108
0.9510555789866244
0.5600215788743123
0.7091739869536977
0.936502409674011
0.6256590700253972
0.632616416347002
0.5334592350151113
0.5362847367262448
0.7345180357946737
0.6454750590546575
0.6988981800245996
0.7515297658151741
0.8205778091258509
0.6436208487296017
0.619463260960662
0.6225236399491384
0.577803940111528
0.8905969163942229
0.8046600016001734
0.8873260900043767
0.7893246440454155
0.9913277554253803
0.9698008589057504
0.8068795444091469
0.6331832301595025
0.589565921888642
0.5520102073409446
0.6304670755165948
0.6666668487048658
0.9270706188606425
0.8465623562268603
0.5038678966164493
0.8279637142746467
0.7809486550330769
0.5750253447751381
0.9508086250284637
0.819414385117553
0.8420058566058025
0.731269054081867
0.7867544501627318
0.6666943665492763
0.810938416292225
0.5390310764946916
0.649456295816223
0.6783123992776162
0.9027039529536939
0.6581247623499011
0.9384511828105527
0.8887007110545353
0.5697657727404226
0.6415256219392246
0.9740936419991078
0.8564661808835887
0.9910402306648418
0.7052405228961927
0.9405521303599782
0.791951987558454
0.7351623911282795
0.5486471508877769
0.6672374455444935
0.6392006341403973
0.9601195615968106
0.743380847387543
0.8471812201945261
0.6119541239656902
0.8496791861316383
0.9366669105336934
0.5773743481371573
0.9191547005631269
0.9779936731962446
0.6135377708659839
0.960729572229145
0.9723718951542344
0.5490639651004624
0.5188292460888677
0.8997156086577579
0.8053135887768595
0.8668335825375688
0.7904722767454666
0.7567738346663443
0.7817084192887845
0.5821484216524003
0.7711153692896746
0.6750592077245215
0.977200402437167
0.592468515038263
0.8869788978616472
0.6482639232707239
0.6293666446812662
0.5652912955224958
0.5578621820813433
0.782977490013744
0.788471817526336
0.5020039806487631
0.7639024616115184
0.735075931314474
0.7296910806047558
0.5066501635083479
0.5899139427283204
0.7784509737890356
0.5659432607640419
0.7661704418413227
0.9058566804987274
0.5570912296437409
0.9592646974031064
0.7868837837613681
0.6563591294347353
0.7647078995170947
0.9723338675132425
0.8617076463235793
0.5386340010543746
0.5618517947043222
0.7183863384000523
0.8717560330915644
0.6024244091380874
0.8325629172071891
0.9860134614236519
0.9937930982428805
0.5775975402143468
0.8857554095022003
0.9067137481146477
0.6838397219538632
0.7517076726718953
0.7789413816457081
0.5166220983841885
0.8169482761568817
0.9217376806858116
0.7793664315260332
0.9649048472565305
0.5350271548775607
0.9063232807005657
0.9344681458262559
0.6252469607363464
0.8958895025220474
0.6482578947790778
0.8355331055586372
0.8088094770328098
0.5517394729365055
0.7271541457959515
0.5541529543650403
0.6533103863509936
0.9435502663597451
0.7428689785148928
0.8267542235017645
0.8192928047230692
0.9209877358499954
0.8791655032052299
0.59245705149302
0.5310414663617792
0.7845024380547653
0.8816986485087692
0.833300418846985
0.563375023164377
0.9155838766112063
0.768061420921654
0.7256181347803702
0.8039777886134603
0.8357981881490357
0.8408216933421647
0.5468622847940884
0.8461323009584737
0.7347354097459761
0.7667466581513153
0.9004116442230885
0.981214287100586
0.620156535952086
0.6891231713344756
0.8504114343667021
0.8981216091640722
0.6997926721702076
0.5848116685490311
0.8018237755564233
0.9033056337782006
0.6428768625774711
0.5596671401879207
0.6001916732655198
0.9004109504242894
0.8246005982751811
0.987772037010868
0.9244346521598622
0.9845356243358422
0.718733275543643
0.5488976538780647
0.8645830089164764
0.8868984351137259
0.9159517315251482
0.5225386000651437
0.5355718927914965
0.6489017971475134
0.9396361085017348
0.8944986618177679
0.5641017509637016
0.8403509739236136
0.7459855840687212
0.8013640353867428
0.9654453985976255
0.5562513155026496
0.9743956524771399
0.8661831383696731
0.6340604055579254
0.5373934845219981
0.6946751252003128
0.9599558299651694
0.521423643292539
0.6916964295760958
0.6296157427284079
0.848201548929665
0.528152003932834
0.6230355159502959
0.6113237444730363
0.522479435523203
0.8868717148469444
0.6713744872281391
0.918260130449813
0.9938543810935765
0.5353332628246101
0.5259381401335406
0.8343623049987431
0.801692745332738
0.8131325113279393
0.5824733435761551
0.5580471560932857
0.8993737817542213
0.8758017144047001
0.6359532867476022
0.7674466085600852
0.5146681926674191
0.8817797727724156
0.6601442848544643
0.7174852054268697
0.9792868173006268
0.8690891267702523
0.741821278743808
0.5232129661450934
0.5295513857178932
0.7281576671681386
0.6434397837304394
0.7092835546265288
0.6099357165139356
0.5217312368109959
0.7100736130987633
0.8831091377945847
0.7440783091436283
0.576320973261968
0.8573529551265497
0.5642146197376218
0.9048553193499529
0.7604953852181805
0.8568148407583565
0.5943421189662301
0.6447839953561745
0.8919031278462417
0.542276822624314
0.9436313323735217
0.6662731406291661
0.6598153346789825
0.8963440715323692
0.6092250462650555
0.6197615712938611
0.7000554585533509
0.9042102342250771
0.6214828936293161
0.6945264006024064
0.9056577205202139
0.7375230861175709
0.8933653256340339
0.8196240086359574
0.7776796445756581
0.782853063252113
0.9610592991568728
0.6124060105249911
0.9102565047764551
0.7469186523425791
0.6655741238042953
0.9519727550474967
0.8897780125700657
0.698841062683232
0.9138487374097073
0.7902987500134026
0.9088045322965415
0.7304107859690978
0.8515354156524012
0.7732258627135344
0.9572364766237541
0.5923300262188325
0.9078454205513797
0.8780108302992131
0.5237392023987049
0.9365350701576424
0.63578707512325
0.8495852288581685
0.5687115098513056
0.9377143824752341
0.5906801567143349
0.8360686895110883
0.673015850742307
0.8438323279591238
0.6607098924531706
0.5784765845721275
0.631393591851059
0.9375445809633239
0.5518145412553356
0.5467772053320491
0.6322367344159727
0.6439848111361022
0.9186623339247115
0.9785644005246665
0.6573184843540816
0.9698314640136441
0.5063210867752395
0.8269842475907644
0.5197270005448336
0.8581366373813081
0.6616494004508143
0.518918025804358
0.8876964954075357
0.5404267648864941
0.5085920533166967
0.8000708803068093
0.9011097317005974
0.7528923545340672
0.8761659771371214
0.5291698273314788
0.6955409482142779
0.9178232986495951
0.9755063471571653
0.877273308734667
0.8528220730757758
0.5233774223695229
0.5226939923250117
0.984608642431962
0.809639424130259
0.9106562162201951
0.5480266051322391
0.9674173688412089
0.7098921974340198
0.8448224355092115
0.5863918404127455
0.5931934581585683
0.549953852163019
0.5192501662155901
0.8055297104482556
0.8944418578927034
0.8815199487813421
0.8791714947700999
0.6062775772659942
0.6954668957852692
0.9051569619748748
0.8287149837227579
0.8438444278197171
0.8525013203123928
0.867863287588274
0.8070984974804631
0.9640866991030235
0.9496372151614418
0.96545372838229
0.7197899549899494
0.9286035027234064
0.60775588460818
0.6212740493154715
0.9498987012006154
0.5129325576702768
0.6902181617614412
0.9620732880356128
0.6249841519454882
0.6245682902425729
0.6802690896788313
0.7896802310929355
0.9844562139873552
0.9335613451432438
0.5926353402088382
0.6045245398865168
0.7459792638253637
0.5115875597357274
0.6334680841313807
0.8255785237488068
0.6775355487699084
0.5032500823723501
0.8776608970127181
0.8390580020283255
0.7061007172691749
0.6613689381121146
0.6928269800068684
0.9717725142957472
0.5349455448285821
0.7904063944138661
0.9085957032679953
0.8116768133415877
0.7467602864903461
0.5222391274557919
0.5170312884101306
0.8622897122690539
0.9811271791490805
0.8331558423600822
0.7543444930803813
0.6349751786124719
0.7591335693133804
0.8675166001490725
0.7984761477841061
0.6395912322433673
0.6960257364058158
0.6305674207316929
0.565698323031885
0.9261174435078925
0.7638376939187389
0.6600052826703972
0.8968879898890977
0.9060144695600406
0.9728805906748679
0.8904675922599915
0.7011451646086316
0.8344925605961379
0.5610359628048427
0.9104615998834727
0.6088691169791076
0.5267009438115562
0.6954007983351009
0.987913748837669
0.751151408635463
0.9329451965194595
0.6076468728444798
0.701493232419217
0.7751775747944482
0.5676248111275372
0.797953578943225
0.7665698614080287
0.5635608550789263
0.9833320935848159
0.9659301882054672
0.8174560404518874
0.8133001888888165
0.6789942296426554
0.832309397464318
0.9503300074616189
0.8583485526263676
0.9495094057265699
0.7477129969379598
0.8476264334605892
0.7462432579593778
0.5639238224331296
0.8153798544134901
0.7404236990925156
0.787444564137973
0.6445445917590538
0.7539031802656425
0.8836795731259645
0.5743474668054224
0.9519199391225929
0.821201033086427
0.8999282780898935
0.9274302975241013
0.5127356100316426
0.6631652765489687
0.6015581257204257
0.8523374357906884
0.819759507698327
0.737381160828496
0.6651948988528064
0.9149900870635852
0.9328948784435587
0.9284098547914914
0.6399732559442356
0.9019115675428461
0.85117346729802
0.7435947003876909
0.5896941514023831
0.8008672418957704
0.7278177201084296
0.5277257289914474
0.6816990486399004
0.7290543863207809
0.5696105740760719
0.8263040488286038
0.9343624385553458
0.8678970369657254
0.8233433533121589
0.5629955570338325
0.6653727767262756
0.5522199557376823
0.7144366105760592
0.7047996800612789
0.5106582682345219
0.7361790372616787
0.6298601361086045
0.5205072821305503
0.8153000472478349
0.6781538408364408
0.903093291641829
0.6320021211671769
0.5102168871364863
0.8096283900284337
0.5547503413520658
0.7904036548929367
0.7763359019376355
0.8929796277980803
0.7356033663240039
0.6022628139516298
0.8764430400333988
0.6165944870527269
0.9381963967104915
0.9149845477076232
0.7171851792629501
0.7266199108732694
0.8998658752387391
0.5838811407520893
0.9237669784712229
0.6284057181229243
0.876700804744252
0.736030172844676
0.5121283048800453
0.8315761789932866
0.8975278969035717
0.9314473029386916
0.9200907879848225
0.5338403456878635
0.8201322373828065
0.7114697166748539
0.6904388145509892
0.9896059613587334
0.8294335370484288
0.6867810163130242
0.6304419558042671
0.7778945533164432
0.5356185856120894
0.859446075730591
0.9805217686175787
0.7175691743683333
0.8291587218882596
0.9099826669086631
0.5475821904138104
0.6650437186272441
0.7889248445954808
0.5341400484806157
0.9020102085382257
0.8237006069735932
0.80598804626143
0.7285664466388129
0.5490003423997376
0.6581060327508633
0.9716210658955654
0.6093484431193766
0.8443896619051948
0.5398306120263895
0.7725749953997201
0.9913606822783141
0.9202493577348247
0.7836659553185221
0.6046717754564579
0.5249139425501905
0.5692711460651323
0.9435511878838032
0.8769658756326795
0.6984250085449514
0.9318611446653725
0.684237807062359
0.8078369269321172
0.5575418162538927
0.7840469583302887
0.937775518281034
0.7607848270938792
0.8638222192693026
0.8207108163660989
0.8119631279205201
0.5950921264133597
0.8625252695300303
0.7207174473923
0.6627245002222985
0.7761293872138372
0.7364176528731624
0.9351567469059702
0.5799838858579651
0.5442997456753668
0.8852668707490605
0.8030773491437819
0.9781920392175297
0.9162923928685603
0.9476729891660094
0.6618036978755536
0.5250356366551279
0.6225101457596866
0.7140347378110379
0.967462890435051
0.9175975065531862
0.6881479328521869
0.7564404086153688
0.8158030740397716
0.8933283255403859
0.5972652242541739
0.9527145690173892
0.708156478467658
0.6274635137043252
0.98852005204516
0.6473648113167764
0.5329949325454458
0.6140692015461574
0.5201909343444132
0.9280066970595646
0.849525963601709
0.9909176293480593
0.919807018123961
0.6601834603170886
0.7535470822869238
0.7203859501150011
0.7866545970456778
0.8230432663703661
0.918109306872854
0.9854584449407157
0.8048661698212688
0.807362150186283
0.8007580410971842
0.8087907011314702
0.8106093773016706
0.5536324886713906
0.5216546927457273
0.856837860344922
0.5647153776977167
0.9235923262672674
0.6624950618702263
0.9004235587379296
0.6189186961015241
0.8529381224834393
0.814719232190769
0.5147895150001364
0.5727962736797233
0.9917764779848578
0.7165422092134679
0.9323352048441842
0.8126695559385982
0.8271938382490371
0.839638702129049
0.6649452743150611
0.5638550299701144
0.8279957659741323
0.7828146338337606
0.5748063900634707
0.9131909442685873
0.5165946818132804
0.5977751229004885
0.5074073040131688
0.5598252531645966
0.9431686017275087
0.6033694585939317
0.5768851770432915
0.7910630162425847
0.8028905920276995
0.8419806612244237
0.5853806137875217
0.9356151319653875
0.7288767680630179
0.549772448178922
0.9566127744914672
0.7469335811461418
0.989627331841117
0.5056555276053517
0.7971956659833179
0.637419723382195
0.7291678267016785
0.9561810933989038
0.6759084978538404
0.7215005152636859
0.8419155081186473
0.9260416858574736
0.8445525732666137
0.8129827967240609
0.5518615482975059
0.8250545975538145
0.9304423084502145
0.5034910739266194
0.688623012612891
0.8197304749122433
0.74915926549671
0.6797890458074984
0.6860411460579737
0.7290050458645229
0.6445733041135834
0.5929894496907053
0.8812954220190169
0.8267181703220712
0.5673713053816081
0.520118484982749
0.5358753288641132
0.7500492758486891
0.561007568437598
0.9844384580668368
0.5246984580939966
0.7111906557253752
0.8909932521430568
0.7631580164737056
0.7310412660312959
0.8746850627540043
0.7731053303000323
0.8128059949222731
0.9345500981182715
0.5642504044441384
0.7620967271501221
0.7051346460876423
0.8779707846011493
0.8731438515740514
0.8867505743022474
0.6805397411336415
0.693286874067817
0.8952783612344376
0.701242553142877
0.7991003463897602
0.8274782115766849
0.9655925254859041
0.8016678426309768
0.7335224669179129
0.9826676127775983
0.6738613752187522
0.9830603554653926
0.559155338250843
0.8099373920709406
0.8883235242767168
0.8686607261830143
0.5863020748865284
0.7352555325876614
0.506507727435257
0.5826594591366029
0.9553972233118737
0.9221020612247931
0.5754706312381366
0.8933753732176946
0.7567330170760579
0.6527034776415028
0.5947324431661696
0.7701451915899541
0.9089796420514429
0.9233092247761706
0.7730571658148175
0.5242354903867391
0.5205801116922231
0.5966347613312718
0.8632233602210087
0.6780324378256717
0.8512625236315172
0.53730813068457
0.5476549591893556
0.8320230821935939
0.7207314718879324
0.9687043527745349
0.7182689583953635
0.6106822539663949
0.5925634606484141
0.6618121008016058
0.7928031011364918
0.5070202320592865
0.9832891560041556
0.5596762893556172
0.7172555376398837
0.985442002025519
0.7677359539507884
0.7136880008904574
0.9747651462706723
0.9503530636717773
0.7368164665936121
0.6899691695414614
0.5334592350151113
0.5285354698842768
0.9143347008409807
0.6556773389502825
0.9316536501983783
0.845913782529492
0.844732157617378
0.7786010690121806
0.9110414193199905
0.9916386545576088
0.5278906126418558
0.6862196752609548
0.6954426346705169
0.931248518270482
0.5129435827202943
0.7148731765966121
0.6750196350709424
0.8916177589316974
0.6532344868597378
0.901050613257502
0.6510539323528619
0.8772390193800108
0.7460262457196402
0.6271965359210278
0.9781419588149716
0.9471208608145438
0.9422080606330983
0.8726868798031447
0.6540007187419804
0.683429758329567
0.5485868391115809
0.6612339435170167
0.6990448591075926
0.7691282371277232
0.6772724151262381
0.935418613647062
0.8159127607849179
0.6833532586250348
0.638737315541333
0.802828647569956
0.9051096669391476
0.6422522606174148
0.5109739376681045
0.885039117726365
0.56503026773202
0.8718506239786783
0.6733000361929384
0.6844011479607683
0.6116350947987419
0.873159397032111
0.9718264119549697
0.5119579986092332
0.8163129060264517
0.8037814187332681
0.9110239485536602
0.957658160466228
0.5937113752315731
0.565875769074364
0.6861685605541147
0.6706213064745368
0.761068069857546
0.6856048028117097
0.8106523210201985
0.561576212873314
0.7266961126593158
0.7396841374826383
0.7216309636445348
0.8183091048135923
0.7020325920722448
0.8972561461190938
0.9389748661349742
0.5694366791474319
0.5477452096733338
0.8696924988283111
0.9467405464019589
0.576601847110915
0.7894618685562509
0.9701097304568057
0.5132846832693359
0.9135600718555048
0.6650661173549305
0.8110060586753957
0.8255735877585128
0.9873292781284682
0.5164840059657709
0.7239464599820621
0.8794142452497627
0.7397645098667427
0.7880281145206374
0.5749422383965104
0.964529099433816
0.8689953600593496
0.5153712122322187
0.8026192818508996
0.7820914414433607
0.6320603636525363
0.5972027491043127
0.8421068005112413
0.9038228532770053
0.5244833420185594
0.8043313131319346
0.6429929616159021
0.8053583681337264
0.5428644074422132
0.9228825974223301
0.8701212460777096
0.8788400309126515
0.8918067092101923
0.614595703005994
0.7130288376038664
0.965522331042577
0.6316181201424463
0.607570894667959
0.6288046890887026
0.8909244596913952
0.9677482904583901
0.8514430538924448
0.6369020281283035
0.8218787300734371
0.7838739634902279
0.5943645075389893
0.5251576526817258
0.5621040688849167
0.5501500367798039
0.8235956769380963
0.548716892349494
0.8392957877921841
0.8846197908801144
0.837655724536503
0.967104043676146
0.8847604458586358
0.601709935822181
0.9457979255321776
0.6196885173367058
0.9517961781247194
0.5764645544476876
0.5567370408373302
0.9794973713231072
0.6682794182257762
0.6559284978543504
0.5160906780327746
0.7936492818183835
0.6547042606730291
0.8129085474948495
0.7567756959052714
0.5702728271911972
0.6403234743717175
0.841866800050429
0.5355700609960551
0.776864511924112
0.9520310519998159
0.8536885086342106
0.5163263660988673
0.9323659660915014
0.8891861684611905
0.7126010494578437
0.8963686885575138
0.8405264969828027
0.9036803737760652
0.920338322934444
0.790999904823138
0.8522418512015427
0.6905937713628444
0.7056848252339192
0.9075054633336365
0.5963480829993808
0.6109836778328231
0.6746237773249418
0.9810772385722496
0.7954702050812926
0.5605100226838853
0.887005535380004
0.9242452239827122
0.9300258421243462
0.7615321763749101
0.868189932887437
0.5709109714412485
0.773642451020987
0.88242370125352
0.5984808355636265
0.5129986574501846
0.6478021807272999
0.526123003084382
0.8894848611531905
0.6902593813082218
0.6967545523660095
0.6098771664892864
0.8214961055523614
0.5342482809755473
0.8040143610871529
0.7667083695313842
0.9205014550492541
0.6137490268078267
0.8081904566445929
0.8235563764926914
0.9079029678802669
0.8082001083244179
0.5052505468954993
0.8968272043483076
0.8959976194106531
0.5938597781194136
0.5760538886859667
0.7250268350060444
0.5360552903941105
0.5612856985800451
0.5032312956234177
0.553096080224405
0.696635628572037
0.5332227433719305
0.5322812169061155
0.6889318841275117
0.8736783725775928
0.8501687719238451
0.8261067870971722
0.5198754876748496
0.7994045857899372
0.8770340132886922
0.8515301035424999
0.8998770538060888
0.9125806329063407
0.7698335579610042
0.8878655990644203
0.5659863812545377
0.6902735161379456
0.8702921457683438
0.7292740672277419
0.641236134562744
0.6532252435693526
0.937768323023762
0.9464642724628157
0.5608041659461394
0.7517076726718953
0.5430905366083003
0.7115190762100392
0.8866770556203791
0.5656032343204866
0.5131835688524743
0.7097140972608091
0.7342460571835725
0.7882209211181456
0.6043355529805877
0.6402126028558421
0.5997315448846536
0.9342876674868325
0.895132775678016
0.7067843741031721
0.7805659327231413
0.9859096885498176
0.6279429402293069
0.9311179415073013
0.7385097679602758
0.6669184933246687
0.6094369691773129
0.5555355425097062
0.7304771281108249
0.6458892918270825
0.7932261376716954
0.608579953332201
0.7367019038190785
0.869727625198682
0.7618215645512413
0.5461331647388834
0.5829687575013066
0.8540225747817417
0.5658887874842925
0.5871993647618675
0.741174453261296
0.8167036307246379
0.5917662048237331
0.8252337305899201
0.8711326511609883
0.5196154422601029
0.867310019206421
0.545684226655742
0.6756629314946242
0.7565905515365228
0.9763391033128035
0.6864894146692366
0.5149826838486496
0.6555444503661179
0.6882480507265796
0.5895608369788788
0.7443260699034192
0.6303052633973144
0.6041611832668972
0.7962196394995065
0.9540836207264851
0.7400150921714358
0.9145993451505222
0.609602880978226
0.8129350597825872
0.6351725710744959
0.9781301357424856
0.895289944878743
0.9109724790920608
0.8702695040280854
0.531408689806998
0.6777772055959468
0.6614131473536623
0.5418673033092334
0.8714164120489778
0.7718889961792378
0.7281599846360111
0.9450380620446804
0.5144593128778467
0.9598026053172088
0.9635077626275022
0.6082800011099724
0.9469367274607405
0.9852104788812445
0.715092205727906
0.9731801789386851
0.5861599672207656
0.9661432863455011
0.6310834397600777
0.9210230436324721
0.8326295937908555
0.9491911949089612
0.7704810546153982
0.8523082884502818
0.5144268851237752
0.9512404174348128
0.8050770085170222
0.6618036978755536
0.6931936668519413
0.7143229104523484
0.9936928200914206
0.8655650595359721
0.5660871241140429
0.8064626026898838
0.5568452233797612
0.8051048323138463
0.91884752261266
0.5715531540942314
0.727062008045541
0.8216813461968472
0.5462288877438642
0.5855958189318403
0.7359864827568678
0.8226950944113198
0.8151838064644624
0.6975900959747754
0.9362931074671251
0.9013613243334203
0.7467522892353732
0.5944623231857966
0.971284414637886
0.8574363881730626
0.8214250277639461
0.905281611358664
0.6951859438152174
0.8303496804841992
0.7729438472658665
0.797254927031551
0.9637382969548153
0.5480315798284673
0.9626073139518911
0.7494642258745776
0.7322704190820923
0.8481112674839447
0.9049344661520424
0.8556144453264524
0.8072815569950637
0.6651844318892103
0.6555945212085214
0.6824877098892037
0.7064888195205373
0.5125742539660108
0.8312807502340334
0.7991364348482513
0.8559430744037249
0.9309055267996501
0.5281209464464143
0.8936050503181134
0.6410327318482784
0.7128188147225479
0.9617351665069162
0.9607507161109914
0.900832277909288
0.7163005627740495
0.6308806964989477
0.791387894345219
0.5054225863961133
0.8393725545270608
0.5345290066250542
0.7542542675699093
0.6606542617877758
0.7968869578567148
0.5124847876478202
0.8552029197074638
0.8839577413642552
0.516427707150337
0.9119173750740569
0.8575322632710546
0.7172725429377882
0.6689752119807665
0.8963548731627772
0.6833065042944501
0.5135947445110406
0.8158471601799118
0.9566917471395183
0.5389342115043512
0.9960889832638571
0.6342418094706491
0.9054630260074
0.9610625320119748
0.8758835136184858
0.7114297589921635
0.9715198189807187
0.7356327205150894
0.7328930079369897
0.6302347964299392
0.8189129365993598
0.5225303168609019
0.9731212730265827
0.7549176034483958
0.5329744260865606
0.9538702550459023
0.6477801248805982
0.5708924422106388
0.8871275405063767
0.5661528755853034
0.5977876625373627
0.8876297212071177
0.9792189616965622
0.688813480246729
0.7651009753669816
0.9744105010912045
0.6222023970638827
0.5687764843384016
0.8594056097537516
0.6535198714133457
0.8325954567611634
0.8986431249064555
0.5236089541193175
0.7318516282714582
0.566680542483169
0.7772631469304178
0.6466063207219865
0.5509373143624573
0.5206572934001702
0.6518782391433422
0.9657162354245945
0.869400917873816
0.5940494685254442
0.5679667025770331
0.7683514848401618
0.7716489348384902
0.5254487234527421
0.5503773374161328
0.5548173885368134
0.8222694486089414
0.7095451062097629
0.6471426292535599
0.8863960423601045
0.8264244231498294
0.9150347292187035
0.8898606274448406
0.6710623683972825
0.6722165020584374
0.8159855297695741
0.590661318983406
0.8469049099504116
0.5738389108036058
0.5151123969506132
0.8069273227741853
0.9665824648981326
0.5261869302846252
0.6650207841320448
0.765925264138762
0.9672046064439296
0.8548525663365802
0.8029308860749733
0.6703224395854763
0.5652865811975745
0.6833480494945907
0.8149837567532706
0.685000991417422
0.7870285663179832
0.677136440200112
0.8310057226358044
0.6206066485097181
0.562815963299187
0.8854191643150416
0.6652680395254281
0.8464868428729082
0.706874574627497
0.5649618798460807
0.8693406715421519
0.6349256149449843
0.6073151420021533
0.8740624860632189
0.7000287009625892
0.9378534801754763
0.8378911886763759
0.8567138134616824
0.852717508968384
0.7884487870300672
0.8279028603629012
0.619291791149218
0.9707239067438431
0.5207628871535489
0.6811571770645246
0.9598617752389507
0.7843689359178299
0.7160398025870257
0.9556788209655126
0.9805638296729786
0.8150130734312672
0.7915974050868212
0.8767193453025272
0.6496134381865175
0.9704196586881229
0.5673067820699706
0.6866923164606142
0.9485660323501134
0.9128444490446865
0.6247952854490086
0.6691311489928841
0.6712011728609342
0.9049941225181416
0.8308658861788957
0.92740436737156
0.6030491358148726
0.8756780591294893
0.5262651846498382
0.6012366970483692
0.9661680427779805
0.8972355572270893
0.611064531740547
0.5675538161721436
0.5450817805202919
0.7217638416611881
0.8085407926795966
0.7023225296442454
0.7906900763659896
0.5842341011285779
0.8846455985341154
0.9003788928186226
0.9560339509897814
0.6750760528616945
0.6630187682224362
0.5324191407004053
0.6529430326090966
0.802163572885526
0.8031002428895475
0.8793426228126371
0.8195655305672004
0.8771071959816226
0.7107561614585892
0.7903544131784459
0.9342876674868325
0.6033943159476973
0.6623661435708982
0.5806160134402107
0.5504861425858305
0.9265054902039987
0.9040356286642836
0.5104968739898144
0.5431388617231615
0.9507022619154671
0.8284427771393703
0.9583576488297407
0.7896655992560507
0.6861969336602145
0.9652779516307036
0.9454813619967471
0.9825704839049951
0.9700289873461119
0.97623387115956
0.5235373508538659
0.9840433876071831
0.7928918379213902
0.7553326832169818
0.5499685842180397
0.718757487185683
0.9344723159093725
0.8605195061831665
0.9573992117980334
0.8618962547350854
0.8845241702970253
0.7290814085957033
0.9955560594303952
0.5192237564821817
0.9386755449446226
0.8510031670790201
0.9445868987182356
0.7479072012412663
0.846964429096364
0.8369769469356987
0.9772893152991826
0.5691353170176492
0.9282257972151167
0.8023780467138675
0.8909012005086794
0.9833635575628137
0.8579014625228795
0.8556477724405579
0.5477951758690316
0.8078645284743172
0.8258145747035673
0.8833717331821922
0.7333694453656232
0.981294197467975
0.9213724161442982
0.8746541101056855
0.9362633087477736
0.7705640752755796
0.9013237473131356
0.7916554515012396
0.5240971528718016
0.7506399109063777
0.683653137977296
0.7018610463135501
0.5925507812395989
0.7269125235480459
0.6497436168261639
0.899097735085914
0.8390069777582471
0.531431800497616
0.5691006937994273
0.9886949500739942
0.9699325854553182
0.559884278047565
0.9708860036473427
0.9823344318657007
0.7928384926534615
0.6207971596028131
0.746766276286349
0.8958713431874682
0.5200128509927043
0.9417875263224511
0.6877305419133624
0.9041946071367806
0.731887632433378
0.5927546672622299
0.511950363384778
0.7369455823340154
0.8936685017853977
0.556220167919873
0.8063870171832146
0.5838755092395342
0.7044400883323529
0.7919729379025638
0.9831000485851874
0.9119173750740569
0.8252251764590826
0.698514425538763
0.9465902983738483
0.6811581401451369
0.5898153603268008
0.6971889356790862
0.9483596269023018
0.5147845130068058
0.566704222240116
0.5520204128989782
0.6412643926438071
0.5780470683963059
0.737016165509026
0.5716323483573443
0.8230715614192365
0.9474347620537179
0.7903153066284839
0.6420221606855202
0.5188542204351393
0.5743789434873608
0.5077446255027679
0.7796955632063137
0.7892901501350101
0.5259725521372052
0.8398157900691279
0.9136473549010731
0.9313805297770786
0.7769610599898035
0.7855037622144135
0.9088332328727196
0.7216076439138808
0.8771848056100617
0.7222501740097682
0.608590925491858
0.5544314500353468
0.9466313219185556
0.5793386095885409
0.745602379315461
0.870873004982314
0.8411940111651036
0.5276755188108128
0.575246272059931
0.5122778225539376
0.6159126283206325
0.6772215114639265
0.5290440321717608
0.8692873374841832
0.601950178824297
0.8724353430002659
0.539879469061251
0.7667284405318269
0.9910562172346775
0.5072409173466443
0.7411503442919344
0.6719370330266502
0.5095454963686924
0.7736222488593443
0.6015266322683918
0.9823075945008015
0.9289872773923785
0.6642300907166455
0.5177890586863161
0.5891707554649108
0.6793513210496219
0.9450697637827734
0.7618263328516821
0.6923764698762593
0.8142318884451931
0.8620904792478593
0.9927679417818497
0.7904841992821896
0.5856129704412109
0.6281427726953294
0.5660896189774983
0.6660767375098018
0.9138056990975257
0.5401967950958476
0.8589024853746495
0.915114300402605
0.5632274627450032
0.5859977077117849
0.8502291467952103
0.634386713566549
0.6471523973806648
0.6375978898977489
0.8009060068928909
0.9927424141864504
0.8896138351791523
0.6772720173695109
0.8328944249375263
0.8138327231217665
0.8429965627079978
0.9629461127921543
0.649052268445947
0.773545012012548
0.5562398790626485
0.5822571544075639
0.6098538904637815
0.7888493052600911
0.7561163713632759
0.929168439637656
0.8542447482936225
0.7851129222552491
0.5385613852594804
0.7703840277597859
0.5645726572371584
0.9654902281602386
0.7476311824221139
0.7293803593299155
0.9433502963423362
0.5357173293555537
0.7905918567211289
0.9793160197388905
0.8786826494338166
0.7319493790497457
0.831177930511796
0.5543012342949865
0.572493651543395
0.8945738653993405
0.9786756844720504
0.8720405333781752
0.655677025951184
0.5940603608485364
0.7093206617564829
0.7987906706541891
0.5902343543007528
0.8829484655305602
0.7907449225539291
0.7536072102694437
0.7049704530786577
0.638737315541333
0.6274598195193559
0.7171036375945746
0.7103305929634525
0.5894797607051442
0.728027498715973
0.5796580567952696
0.6131451324294345
0.561654493571181
0.8992747100754166
0.9347264769849997
0.668657342735419
0.9422750995308701
0.8478777954414389
0.7359429298911163
0.9189311521268921
0.6643573795171596
0.9632876728989588
0.5345029045776939
0.733632012994848
0.714502948301514
0.9446309082105492
0.511653374986067
0.8045733177136779
0.587706568554536
0.7329388814546159
0.6971952886994776
0.6342581032240845
0.6524590469688213
0.8787038853979834
0.7191806616151224
0.954647342448466
0.5074918101727454
0.6303646005112277
0.5684169675376918
0.5107261082730017
0.5142595064224195
0.8465745481773701
0.6278716187387993
0.9172207037092794
0.8754850059538175
0.9313082760323375
0.8973564208054249
0.9123231824457086
0.9706107386085621
0.9702937710355407
0.7897066995948034
0.5428906308678527
0.672009796707265
0.6804513405257397
0.8154206800884942
0.6026646470105682
0.6308639581776552
0.8088493847031462
0.8363855828493887
0.6622492188837035
0.5240209072273219
0.9025458084547714
0.9806449089591577
0.9897402342868395
0.7850218425527098
0.6176114398719696
0.8613236618769196
0.6563852850791526
0.5139519596115854
0.7863546281296161
0.6918959999604932
0.618735354723153
0.7851182976239256
0.9147716039235729
0.8598467059755113
0.7423753634097534
0.5241168982073574
0.9237828055923931
0.761008102033277
0.7099156920912507
0.6815826715254603
0.8318185106689379
0.8301932611299474
0.8078040179603112
0.5370623520296691
0.8988134618559548
0.9862341853034668
0.5684886928494862
0.9767558893790164
0.6041618756704367
0.849063396226228
0.761219708125195
0.9807949763525298
0.5672293822575792
0.8424327961308965
0.8657967967519042
0.7734565575235129
0.6778120174232608
0.9786699502824894
0.8227507612162125
0.7177982024049003
0.9516727366632958
0.5054884839313651
0.5588144289971072
0.5105780388602715
0.7763523172914877
0.9505531523023063
0.703925308477774
0.5788800664353766
0.5246083952243246
0.5528004316306997
0.5347917771345548
0.6275192009986389
0.5039222160478801
0.6338087441591665
0.7774961163503179
0.8106398320192783
0.8267683033004258
0.8770474206111383
0.7017599589095562
0.748923886841404
0.7864533149113613
0.7132167557899374
0.9618173348059783
0.5765700706455513
0.8948270737178953
0.8065985434503464
0.7043856300399383
0.9111653647389931
0.5205374491469322
0.7049104423802849
0.5614159388670007
0.8215550622027711
0.5992867230751041
0.7764242132498407
0.6577062551989746
0.5598303690523102
0.8436461583915508
0.9276370490606515
0.8165386945980788
0.6741266736863804
0.6011997860045601
0.8300503947570292
0.7314116239429961
0.7179916825602369
0.9381352897244533
0.9479498026630753
0.5144668310224069
0.8999776746050266
0.9357267178831435
0.8993144233478185
0.7795742574383503
0.7269100735154385
0.76630859674022
0.8654942690523658
0.8585778844701113
0.8536818418769521
0.6463230310528033
0.8029039393390968
0.5761521461562993
0.5382570945284834
0.9374606534148525
0.9781363087028316
0.9206114068505411
0.9053473857069313
0.7631169095945126
0.886626599180682
0.5827546031031214
0.9708858323002945
0.8828589996218978
0.819036421362724
0.6418124611071924
0.991742421204284
0.5814000319383789
0.8824757853892132
0.7843994349029183
0.9563141989331979
0.7960991180814463
0.6997317494970953
0.607150699718125
0.5215928274167513
0.5379467660024803
0.6838804030309947
0.8225911743004195
0.5237130102594888
0.9634755762969355
0.6137347572234686
0.6662060472530664
0.9877903641166016
0.7850872407268128
0.9300182240371463
0.9327627932461877
0.7670711669023419
0.6455273406284351
0.545393611212058
0.9094733708535351
0.9016679113699615
0.6250488413948038
0.6217218212913818
0.8765586410184142
0.5859774025051506
0.891946434025625
0.9251358847452136
0.7816927120492997
0.8150808597789216
0.9177258557246898
0.7974423690085843
0.5929385885007857
0.8695272581096183
0.5672905876421659
0.5233676245300438
0.5608886380401427
0.8011675307729856
0.6032185599450937
0.5965080919939186
0.7213168418745812
0.9594610381449855
0.7122518494241058
0.7870221407347443
0.8899013473256852
0.8771902507395029
0.7546527775059689
0.5862777267893651
0.8326766996897013
0.9844857546908925
0.9825762503989695
0.9608077805184879
0.807009372292645
0.7748710871846772
0.7186306890723754
0.513510597727879
0.5260106002808786
0.8479547761680777
0.6702165224809409
0.6264313954620615
0.7568688105800226
0.6622483107632775
0.9925467416821181
0.7247929616596283
0.6375426631930629
0.6298318274926044
0.50569820492544
0.8166243515453288
0.5985817204422226
0.5852254698134607
0.8410981903565692
0.7556006605682867
0.7707394122532443
0.6182727156353248
0.8003388530064036
0.5619994396236602
0.8471276387649272
0.7605537219617573
0.548516522752816
0.7070642561817756
0.9943850650021524
0.79400042263365
0.8497165051420237
0.5601409920859366
0.8938746386544091
0.5556879590147976
0.7883120209455747
0.9185816241327582
0.8909298884800633
0.7199075598211004
0.898863613229437
0.8073940653974075
0.8331018470777573
0.9475655169807746
0.6586661590055959
0.7269541010534681
0.5550376020653925
0.5134658835381929
0.5502080047418259
