0.56767136,113.525505,0.5451851
0.4747217,201.0043,0.90416306
0.39617312,219.7374,0.81661856
0.10558897,150.5013,0.81289685
0.33547306,141.82417,0.7803136
0.9595612,86.64168,0.82514495
0.46141145,184.61789,0.8607347
0.4769858,122.66278,0.51894814
0.49082217,83.0917,0.88403416
0.68139154,111.864815,0.70065695
0.90305424,218.07445,0.6297102
0.47964886,183.69994,0.90969324
0.46543044,215.05774,0.57549614
0.16436419,208.32285,0.50302744
0.10774565,186.06993,0.6948836
0.29525435,127.75135,0.8295177
0.24921742,172.09213,0.76287484
0.81551325,211.04099,0.76590127
0.1043562,88.536255,0.66713583
0.014322102,25.811766,0.8648801
0.43269274,73.99789,0.5290902
0.68779397,34.43352,0.64506257
0.26874745,178.417,0.8764322
0.116632015,240.5182,0.5072083
0.44353092,213.63986,0.80869985
0.8518637,155.62376,0.9368007
0.14649543,108.46449,0.78393435
0.4664752,103.51673,0.70443237
0.6269516,73.442,0.97840285
0.57071096,156.43648,0.9175805
0.28130984,123.60966,0.6628734
0.90142465,137.27415,0.5226676
0.38868478,149.77899,0.8336284
0.15966457,185.60583,0.74379915
0.84983116,90.12103,0.7288785
0.593483,201.54526,0.68552965
0.05353579,28.060385,0.6897159
0.9116643,107.459854,0.63102055
0.15308577,159.76999,0.59279394
0.23189834,63.05195,0.7074392
0.87673885,210.20787,0.9613449
0.09495413,128.1697,0.9130476
0.6097654,77.41729,0.8961251
0.56560063,170.48482,0.6961665
0.8001007,179.74266,0.8505055
0.78212833,210.11226,0.6599406
0.35534763,119.004974,0.98527646
0.9171516,85.658806,0.92334974
0.97465384,49.426632,0.67573243
0.1627335,76.67975,0.8553787
0.15737927,62.86194,0.8777325
0.50600773,96.06928,0.5240502
0.96572125,73.484886,0.9184443
0.7572735,180.81674,0.9433236
0.9202843,109.199104,0.8848042
0.18255165,163.84657,0.9137184
0.28949583,140.79625,0.93535364
0.68557185,60.027023,0.8726703
0.66952264,214.87968,0.5544662
0.47144875,66.21974,0.6231676
0.17952675,94.00623,0.5913347
0.3806999,70.50206,0.709324
0.940086,203.41762,0.976648
0.7173469,199.9529,0.8533648
0.7500398,40.989487,0.6923004
0.22679031,220.40111,0.69055545
0.34440786,210.30861,0.93374527
0.8355062,216.5567,0.90274227
0.5064101,187.85541,0.8459247
0.16665673,201.11986,0.79304606
0.31531292,93.66323,0.5660715
0.52227426,177.23547,0.5717943
0.036761522,115.678825,0.9395375
0.49251524,39.49235,0.6934705
0.94490373,162.18289,0.9108577
0.57118,71.40112,0.54761076
0.5831233,200.24706,0.6740378
0.89000046,179.38808,0.8548124
0.8670484,226.26796,0.7907244
0.49857175,52.225906,0.59266925
0.9744477,136.41011,0.6665477
0.5243559,139.39948,0.56550115
0.80040073,110.274284,0.6112021
0.46799925,110.17277,0.9359139
0.22148961,73.54142,0.9383067
0.6824096,108.24037,0.73058975
0.108913064,41.909534,0.6445269
0.2506175,125.916885,0.661595
0.43463284,29.731949,0.5495022
0.66866004,174.09747,0.87495863
0.044278592,175.52644,0.6036105
0.465267,72.12133,0.5503045
0.44843757,206.20535,0.6998869
0.37303177,137.27164,0.57159644
0.7779759,43.46372,0.594291
0.8525623,177.3076,0.82320535
0.38259697,119.3683,0.5566603
0.24122566,102.34067,0.8415253
0.31410366,111.42569,0.620083
0.32078284,142.53548,0.8894365
0.0135216415,38.893272,0.7950526
0.027058035,147.95016,0.5304469
0.012839735,131.61655,0.68306947
0.5749559,188.09055,0.9501397
0.0070744157,190.47696,0.69240665
0.6620463,157.25728,0.62527144
0.27307016,179.2417,0.6417275
0.5668658,150.49066,0.9708578
0.49373057,173.52864,0.6910667
0.8874646,118.19516,0.8166542
0.81949437,112.11714,0.5877523
0.7282413,57.59932,0.79718673
0.60543716,36.62802,0.6784512
0.33314604,65.178375,0.74924374
0.24984461,93.213196,0.8496056
0.37104893,57.996162,0.6746935
0.3595879,61.29777,0.98197913
0.09003538,71.39682,0.5995927
0.75846076,214.74883,0.52924186
0.00846985,143.31277,0.92286664
0.4326555,204.32022,0.5312727
0.39388302,120.27384,0.77463603
0.8819845,49.50839,0.7523413
0.5915022,27.54444,0.5402505
0.27582347,166.60463,0.9755653
0.48901623,48.321396,0.53529537
0.2567387,127.53979,0.9404527
0.6740392,210.32361,0.581659
0.059291363,150.1494,0.60152245
0.8643439,58.874935,0.8266192
0.448949,177.42792,0.8479651
0.4940104,198.86707,0.5506961
0.53038657,53.600033,0.80527955
0.6304165,187.58875,0.5645955
0.10734227,82.71187,0.7377425
0.90783036,201.80234,0.94723654
0.39978972,81.59486,0.77620715
0.10863325,214.5334,0.5307462
0.7251989,144.40656,0.99615633
0.28318292,186.01712,0.78555113
0.6983688,57.487602,0.6834604
0.7165749,227.6096,0.661392
0.94591606,209.15875,0.8837401
0.43843925,88.28522,0.5745273
0.343176,200.57568,0.50791216
0.89685524,192.74876,0.7992163
0.6674366,225.07889,0.78424394
0.41998953,174.61967,0.7253149
0.091587216,208.19714,0.8007296
0.6121981,200.63983,0.927366
0.77278525,132.30223,0.83410096
0.25071198,33.012646,0.5972491
0.37982014,88.44838,0.72386396
0.88682383,64.14793,0.9179119
0.25789422,116.32778,0.5384383
0.4643681,189.36797,0.6400661
0.20327991,54.051746,0.5519108
0.5668498,34.29225,0.8807203
0.27195263,98.795296,0.98679715
0.17069551,209.41722,0.8880592
0.4201756,36.834972,0.7127123
0.13372847,227.03108,0.6207691
0.25543582,177.01068,0.91463935
0.81923544,188.22113,0.9069688
0.3495962,158.71901,0.97483504
0.41812396,216.27515,0.52040446
0.5139874,46.320316,0.72227323
0.619277,33.64231,0.891585
0.03598842,57.8603,0.8281969
0.568898,203.805,0.7788105
0.42638075,102.85017,0.89936155
0.6239658,131.87836,0.53468615
0.6333009,111.58337,0.64986473
0.41159615,47.5577,0.7134629
0.83650154,174.81091,0.58766943
0.4610945,114.41773,0.98886454
0.6027559,47.210655,0.8421186
0.3231788,114.78123,0.761745
0.62252986,228.2097,0.6406511
0.9162425,65.43048,0.704686
0.28388837,147.23239,0.53908294
0.40334058,184.6367,0.7429871
0.44764078,42.319195,0.7167107
0.75287247,142.51099,0.9505657
0.37394154,49.221058,0.8732065
0.8122434,83.247185,0.5328033
0.4340756,51.299297,0.55075014
0.77336156,166.09471,0.5437267
0.89998496,187.96243,0.9709438
0.28998196,50.456703,0.50996786
0.62894183,197.53963,0.71852535
0.113253,121.23449,0.5200013
0.10618618,91.29585,0.715574
0.11411911,203.3649,0.60499686
0.53097415,52.4748,0.7181264
0.61154294,211.05873,0.8146776
0.15246868,35.11921,0.8709253
0.18062776,202.19133,0.76179636
0.36017329,217.42061,0.5560146
0.51615417,78.926414,0.8377303
0.16502395,223.19194,0.9510933
0.58643574,148.34023,0.9642294
0.97041404,52.597885,0.55067635
0.48267296,111.29919,0.97458345
0.65410495,189.0143,0.8442322
0.8077284,171.1294,0.94203985
0.21016127,116.16218,0.60134983
0.34967756,87.281105,0.6301368
0.24872941,129.62424,0.8348159
0.35061014,49.468536,0.86091006
0.28273338,55.299248,0.7765573
0.8342699,143.07202,0.9877074
0.7408784,220.37186,0.79367733
0.30852512,122.2289,0.8425859
0.9279144,102.312805,0.65067255
0.45432538,173.16171,0.94660705
0.29259467,167.6598,0.9054161
0.10148394,222.45258,0.8071696
0.3737685,217.28622,0.5139355
0.89610887,206.92766,0.7963923
0.8628372,216.38379,0.77360713
0.71248704,150.3989,0.82471657
0.3341238,176.5176,0.55320966
0.4256362,37.7225,0.8635851
0.60823995,81.18378,0.7446083
0.59055686,157.82973,0.9653828
0.29780075,217.38536,0.8996825
0.411568,202.85371,0.7993871
0.09014255,142.39616,0.8183818
0.9173685,82.92652,0.9319651
0.79082906,42.208168,0.8564086
0.74607503,159.83507,0.9485374
0.8243073,190.88477,0.8464482
0.5360312,210.07166,0.742476
0.9104072,204.78331,0.76022464
0.49843106,101.84232,0.6416837
0.6622853,170.90152,0.9895973
0.016270429,27.485872,0.6107281
0.18215439,118.67615,0.97161317
0.31594038,47.157017,0.6042442
0.7474549,32.950256,0.73597497
0.45975584,216.42871,0.85264146
0.7092323,101.599525,0.95051634
0.14873114,156.38434,0.83170736
-0.01965034,87.02707,0.76562303
0.93093216,188.98816,0.9334384
0.66373,87.10635,0.83028924
0.056887478,210.7511,0.8694532
0.49808308,66.059044,0.91489106
0.7051432,211.47647,0.61268294
0.44557536,158.21608,0.89228714
0.7770356,186.7441,0.7618543
0.09769499,61.696785,0.80893475
0.46742868,81.022064,0.94740385
0.13978937,47.19957,0.51531416
0.73576695,173.76071,0.8823865
0.2703986,64.038864,0.9471461
0.11414361,97.398575,0.6302652
0.66104484,174.23569,0.69781315
0.81943667,183.4271,0.79741126
0.25051016,221.14896,0.75958
0.24311158,186.7234,0.858996
0.27078032,97.665695,0.8486186
0.8660487,190.09404,0.58887535
0.6862046,162.26274,0.5399396
0.5690515,94.040344,0.6431267
0.86368126,215.94717,0.8041287
0.063143164,94.10143,0.8161744
0.1274879,171.35193,0.8631583
0.13705504,116.334694,0.7880887
0.26007313,61.65558,0.76643014
0.7928289,84.22609,0.8337494
0.39571655,128.7478,0.89642006
0.44583267,93.4995,0.57438195
0.05870247,86.53279,0.8832489
0.9714534,46.946205,0.75598574
0.2628138,63.22133,0.5438742
0.37294123,216.33553,0.5074566
0.29813468,150.9731,0.89508426
0.37223083,191.58652,0.8994339
0.30982283,178.32214,0.9539531
0.70488095,158.3554,0.8508167
0.6028326,186.8648,0.5596494
0.3019687,189.62157,0.85733676
0.8940972,104.34769,0.66167086
0.49606818,38.052467,0.5406537
0.47135386,84.12034,0.5541169
0.57803005,179.1487,0.5378765
0.32927614,220.73802,0.6324257
0.79965484,167.1376,0.92475265
0.81041706,183.58682,0.55175775
0.7486472,32.757587,0.6520628
0.47880787,210.16083,0.71094346
0.7614609,201.21812,0.5756103
0.6494337,61.2415,0.82591784
0.24094912,174.55135,0.98690224
0.15567529,214.50562,0.8705238
0.18967918,112.6184,0.90601456
0.5186365,152.76765,0.50574243
0.9583815,218.39133,0.5307413
0.84690356,151.9955,0.9068868
0.80794036,145.71448,0.5874027
0.6949781,156.43925,0.9864077
0.5082761,172.94365,0.50871605
0.89190364,137.84123,0.73076516
0.18138406,122.731804,0.51623964
0.37743562,108.38977,0.6667844
0.2530576,133.89218,0.5659207
0.6987862,216.63843,0.5309629
0.05810246,40.994183,0.57323235
0.02615425,222.32353,0.73573905
0.3580041,202.9688,0.5502366
0.19244483,93.93054,0.5089754
0.29364377,65.50576,0.7561954
0.49510887,170.22705,0.916538
0.34638804,209.0943,0.71984345
0.643613,141.8433,0.94174933
0.25976616,137.68634,0.7849526
0.5879537,213.33557,0.70317435
0.7205782,152.29541,0.80452704
0.15809864,217.81071,0.6905777
0.5832163,159.68718,0.855752
0.3821326,156.16866,0.8619158
0.6585479,177.27763,0.728972
0.16561055,115.42198,0.5192807
0.94355714,146.6068,0.8147007
0.111794025,101.59893,0.76843655
0.21757767,121.71404,0.8399842
0.46550673,89.68993,0.7067627
0.26424983,51.834724,0.57711273
0.05512643,112.77545,0.5127958
0.6760105,206.19193,0.56604725
0.82184523,164.90381,0.61579674
0.45501637,65.39257,0.81639004
0.3733909,116.64369,0.98629004
0.5812396,58.38006,0.8372773
0.47654468,195.6733,0.51850224
0.57424265,180.83281,0.5847995
0.760701,191.18173,0.6233298
0.17742872,118.80612,0.8236029
0.46042395,147.40822,0.97321415
0.79587877,194.21075,0.9036274
0.5421109,201.79082,0.74330384
0.19617376,168.89397,0.91402316
0.38913235,144.91893,0.9007285
0.28025168,119.77229,0.5334802
0.5537818,177.87952,0.8463395
0.94432235,113.5819,0.8061952
0.39223364,34.8743,0.5186186
0.42351508,68.014915,0.5476727
0.7824841,163.13103,0.6994679
0.6284821,167.38194,0.57578254
0.23460251,204.50304,0.54645044
0.4081592,110.02044,0.77070653
0.46947291,201.5398,0.6599928
0.29076725,109.91032,0.91172945
0.54331183,96.52137,0.62619483
0.62635803,112.22203,0.93916464
0.62314403,204.96976,0.61401385
0.74508536,223.96742,0.8226059
0.8442777,75.43385,0.6396364
0.63955534,159.47519,0.78159374
0.3512192,96.87014,0.82120425
0.5155908,132.724,0.87796426
0.7242528,191.26086,0.52435297
0.9002894,108.53435,0.8282088
0.4295465,100.17476,0.76078504
0.35128385,146.62233,0.9788896
0.77687126,39.513264,0.55486864
0.5520141,214.48322,0.5009456
0.64893,193.00285,0.5178117
0.69974434,216.36537,0.5474203
0.3589676,125.23967,0.51726764
0.5614858,211.51146,0.7036913
-0.008700669,123.90377,0.64987546
0.30382517,42.202633,0.5340916
0.077222854,34.888733,0.91512376
0.76500404,104.05262,0.7653031
0.5269029,198.05301,0.7803472
0.19164494,38.42681,0.9462636
0.8439369,109.81422,0.6990657
0.48326886,134.61554,0.57284445
0.7393192,159.8508,0.7165511
0.8922487,153.80309,0.8245895
0.102227956,85.80033,0.617137
0.10674697,60.118774,0.9763136
0.5592415,156.49385,0.9628625
0.47857815,163.29506,0.9492211
0.37583965,108.589355,0.88627034
0.53040904,214.73459,0.7493102
0.6503643,203.1058,0.70267963
0.039675713,234.12302,0.6225412
0.36433983,115.172905,0.97690284
0.97693396,20.810598,0.77433735
0.23359147,214.10007,0.6206738
0.78268343,189.83565,0.73301077
0.7333465,176.81102,0.7968695
0.94935226,225.03534,0.7207178
0.1946707,80.89253,0.76878893
0.32088393,109.95219,0.9299549
0.4472411,136.97897,0.50642914
0.37005308,117.820465,0.54165936
0.74999356,175.5232,0.697583
0.5977042,35.559612,0.62582314
0.023073256,175.09273,0.6720681
0.59215885,59.199203,0.68309486
0.46205795,151.06142,0.8359865
0.066124946,58.539917,0.8332368
0.43556184,216.53456,0.78257215
0.49581364,107.685036,0.6881822
0.47348827,90.96637,0.7879787
0.51734453,56.410748,0.8161907
0.04264012,140.30783,0.99463236
0.30763656,115.54558,0.8835145
0.86804533,56.7198,0.6378661
0.89493215,160.29733,0.83552504
0.8686755,91.811935,0.9393209
-0.0066672564,84.85546,0.7008479
0.72853446,144.55573,0.86527705
0.023869187,189.11258,0.70719653
0.5917233,78.10346,0.91189325
0.83530045,211.64984,0.81120884
0.8942298,202.3971,0.65512776
0.77503216,131.58792,0.79079807
0.28333494,121.99828,0.9873652
0.0786784,85.2956,0.75704265
0.8440155,214.54897,0.6030799
0.6959795,40.917675,0.8156012
0.42478088,212.96075,0.85608995
0.3414622,111.25691,0.70288813
0.19288006,211.28795,0.51157385
0.66685605,211.0247,0.7450495
0.4089551,103.40462,0.9483185
0.7276581,116.29124,0.72578514
0.1644179,35.172527,0.91031885
0.2578445,214.5701,0.5945436
0.27104086,195.70445,0.88129354
0.84769195,77.4317,0.83922184
0.28716278,180.15164,0.71531785
0.43553084,183.05531,0.6292894
0.51132715,141.42729,0.6200129
0.15996364,165.91197,0.97083485
0.31273258,70.67369,0.9903277
0.22800747,227.73814,0.57152086
0.13473248,190.5414,0.5328965
0.867651,187.45212,0.60721105
0.12248039,71.692184,0.5436239
0.23168689,145.43852,0.84872353
0.86686647,135.55922,0.8536585
0.67489713,123.08859,0.5295882
0.8904629,30.138748,0.7073546
0.79048073,45.184185,0.70684916
0.4514567,225.97705,0.67488575
0.5657324,38.65577,0.8936801
0.956334,190.01634,0.920883
0.036722302,136.89645,0.79841006
0.5039019,125.095116,0.7588012
0.2827685,203.28166,0.82269454
0.86971015,184.84303,0.5711557
0.4105084,184.3295,0.951642
-0.02052337,58.18935,0.7314383
0.3808145,179.39383,0.89356756
0.6909936,235.09604,0.5959633
0.30143213,61.796227,0.54515684
0.9193544,67.468025,0.5709218
0.5106073,84.15427,0.7572844
0.38549376,27.08761,0.5174138
0.107269764,180.14429,0.7057886
0.36433896,105.19162,0.9506809
0.71733975,64.29016,0.81852806
0.640838,153.05048,0.5382589
0.43648887,109.88488,0.87787277
0.8425652,184.00836,0.769532
0.6572988,35.455208,0.5390825
0.71093476,217.45532,0.7505003
0.5099119,77.90345,0.65010166
0.81670976,192.59018,0.7596992
0.25018814,189.93379,0.7735649
0.6196324,52.01072,0.5744674
0.66645586,220.47452,0.62352246
0.7447553,170.92899,0.89610255
0.79201794,85.129906,0.88831204
0.62544405,64.82647,0.68787277
0.54196924,110.41599,0.78641033
0.4249097,137.22581,0.6944549
0.7751887,35.571728,0.5474859
0.5913871,209.40417,0.716542
0.7971139,215.63747,0.5762908
0.39909917,135.79002,0.65615356
0.39422977,43.201317,0.5525553
0.47643432,40.11613,0.83881205
0.5593888,89.82766,0.7011867
0.4241012,94.46387,0.8148252
0.72059935,211.20525,0.961223
0.2953992,77.72323,0.9014424
0.2514975,185.27182,0.55053437
0.017641842,169.54965,0.906193
0.25531703,158.23166,0.6552703
0.62707,211.85945,0.55742246
0.7687148,176.84386,0.6615947
0.2596506,124.7907,0.52078974
0.720886,170.30255,0.7787504
0.19281882,28.607895,0.74345237
0.24477193,159.0332,0.82270324
0.66078734,224.85254,0.6563028
0.73881793,220.99406,0.9719931
0.66366136,207.49553,0.97010493
0.11545804,117.30992,0.804424
0.40661162,195.8722,0.87359273
0.041354507,33.133522,0.92530286
0.2175102,40.6278,0.86786604
0.846141,30.494415,0.77311337
0.5521837,62.676155,0.9710677
0.8572211,190.67587,0.8544271
0.7831366,174.99342,0.60708207
0.42125964,205.13396,0.66076237
0.33502364,160.71994,0.662182
0.81968844,189.54701,0.810442
0.37155494,42.49022,0.6830824
0.9081122,191.11546,0.54466873
0.5743553,181.08504,0.5727103
0.7377984,211.30568,0.50566864
0.21367124,134.00787,0.76275253
0.5698111,65.076485,0.7285662
0.7138187,185.9697,0.85749686
0.5438634,226.11336,0.8131798
0.3224747,82.76954,0.97496486
0.24954072,129.3908,0.83753574
0.87458265,221.12384,0.9240929
0.72964066,133.88765,0.9643698
0.9092806,192.81583,0.7556399
0.26456574,204.56697,0.8654255
0.5726647,103.29763,0.76992404
0.26910916,79.08062,0.8666042
0.7561953,198.36755,0.8847395
0.2506175,125.916885,0.661595
0.6959621,198.64047,0.7386921
0.38140276,92.98639,0.9674965
0.25612372,185.83868,0.7280098
0.11370346,68.543816,0.72472817
0.51331604,52.771736,0.6199686
0.8410708,196.9326,0.7429025
0.17247593,119.064095,0.8466758
0.59813696,180.21909,0.74678504
0.1449537,114.27147,0.7622539
-0.007180631,60.45604,0.73297447
0.4765445,152.08104,0.8546928
0.14999399,136.39583,0.6546069
0.4464609,134.46085,0.8794813
0.6997999,213.81815,0.7362732
0.02946207,124.203835,0.71918046
0.46806616,59.25766,0.61918855
0.6565703,166.8812,0.8528285
0.50310934,64.895065,0.9647055
0.5394583,127.64744,0.5457846
0.17779759,91.048584,0.6841464
0.13346663,213.31516,0.6856236
0.18915853,198.5568,0.59163535
0.4372377,123.54469,0.96200836
0.7358155,60.975784,0.9000063
0.0804078,33.11862,0.7329812
0.43468207,217.91388,0.5643146
0.7513759,110.8883,0.5767777
0.39847517,162.29933,0.78345454
0.16458637,220.1033,0.76331306
0.77494234,86.94145,0.62873006
0.48962587,151.88654,0.5902889
0.4426469,91.88047,0.7567353
0.65410924,198.59708,0.5355662
0.59992075,69.51725,0.98945886
0.86799204,152.59924,0.9761275
0.48748147,67.96579,0.6961041
0.8858323,209.51646,0.59124345
0.5265229,178.16559,0.86474437
0.37906736,162.86142,0.93261915
0.45167342,209.03923,0.9264842
0.45253316,202.38652,0.78771937
0.47016928,208.73476,0.7923812
0.9089209,93.928535,0.6741999
0.8549795,64.372314,0.7555586
0.61302495,130.44775,0.95788765
0.37651396,136.9137,0.7659868
0.5024612,218.00748,0.51449883
0.174846,186.24666,0.5437713
0.33285135,149.70354,0.6588125
0.88147116,106.40982,0.78968006
0.060765743,45.164738,0.84303653
0.47170103,180.67264,0.57662046
0.5782003,134.22194,0.99532104
0.6936034,65.76919,0.91036725
0.95668507,142.83838,0.99525845
0.8282487,139.54997,0.9912342
0.37927565,195.86063,0.7570436
0.5082525,185.8487,0.78856254
0.5807806,181.2986,0.83753264
0.5986302,68.399826,0.829304
0.6498029,147.83957,0.603656
0.37321025,122.76551,0.5131915
0.67968786,88.178314,0.88481903
0.13153449,82.1811,0.9126718
0.09126064,209.19127,0.81967723
0.95976406,167.57584,0.9582101
0.6033845,215.54088,0.58701843
0.9321236,99.32353,0.9798238
0.9038553,195.26616,0.88510525
0.2631798,105.669495,0.5088548
0.33686823,199.06102,0.7671157
0.48155445,190.76953,0.7702167
0.120703876,147.59998,0.5587705
0.70604837,137.00597,0.6499665
0.6503479,177.79597,0.8237899
0.9108223,81.79536,0.58077425
0.89333844,111.812645,0.9540075
0.9359296,164.5498,0.9820569
0.88309515,162.56883,0.768433
0.33192974,86.50142,0.7337967
0.4506377,198.94841,0.8231399
0.52193433,76.87139,0.98218346
0.49687648,230.46606,0.5685412
0.3277732,72.79694,0.52342737
0.74225634,142.37894,0.9580356
0.70977986,129.91885,0.5976052
0.80191725,102.25923,0.57205343
0.8864973,207.60777,0.88807
0.924541,30.78372,0.7795751
0.6249105,147.2876,0.54972404
0.7323793,192.23816,0.6380807
0.6271132,186.70744,0.5981623
0.29393733,108.47791,0.6266608
0.13602957,111.40681,0.66370595
0.7405653,200.28998,0.5909198
0.8797691,66.26027,0.63619316
0.8406744,104.3814,0.8467362
0.5742995,197.67659,0.80190885
0.29688877,180.93185,0.8615502
0.36951792,66.62662,0.6331562
0.33256933,199.29698,0.629053
0.37213603,188.10338,0.77099156
0.72386813,217.34366,0.5290821
0.8798933,141.90443,0.90558493
0.7959515,54.855812,0.6870438
0.24820077,88.34365,0.94819164
0.62486994,31.625643,0.52489436
0.09188846,63.424095,0.8709662
0.7909603,190.75899,0.59253603
0.1809954,180.95438,0.74114656
0.027665257,150.1626,0.6839986
0.2597473,41.844177,0.58398557
0.1804848,142.25075,0.7734226
0.5828812,205.68246,0.8852569
0.0037495196,145.09409,0.62579864
0.8350409,131.02344,0.7403211
0.6917831,132.67677,0.7066885
-0.010564387,61.88709,0.6285066
0.6676612,223.93878,0.5815648
0.84455,44.538055,0.65206593
0.3641894,31.462626,0.64908993
0.7082669,158.01634,0.852268
0.6000566,177.17937,0.6245984
0.24704924,221.5557,0.9866595
0.724378,158.39897,0.9145858
0.40786934,217.25505,0.666977
0.5959884,189.02625,0.6157137
0.73925674,35.25581,0.78763473
0.73010516,82.894966,0.8734585
0.08578974,89.2365,0.7755716
0.255314,46.341698,0.8193376
0.23581952,127.56369,0.6163899
0.53161514,204.85559,0.799204
0.55738795,137.40544,0.65638775
0.63705385,215.16016,0.8044845
0.5655647,211.13863,0.60369426
0.18196654,75.52541,0.9275054
0.10106465,223.02274,0.54474014
0.7789578,102.37266,0.7297968
0.2195661,55.121582,0.7800061
0.8992392,191.0812,0.9718214
0.59167755,155.31013,0.9926903
0.78849477,220.05444,0.53525776
0.05992189,214.9972,0.6614793
0.6296737,168.74443,0.83787835
0.16708401,190.13951,0.88795483
0.2503742,191.75153,0.7974036
0.6070032,228.90572,0.71193856
0.6685585,199.17253,0.79959023
0.63533354,127.71976,0.5467638
0.16374475,180.86893,0.73412347
0.47593382,92.65721,0.5313089
0.6290983,195.86333,0.6695255
0.5625705,145.78212,0.90644133
0.67257684,64.3602,0.9203774
0.33696434,79.81415,0.7372106
0.1642833,40.60209,0.7664587
0.6886893,134.93423,0.9584098
0.55271596,189.02165,0.7511122
0.9557612,95.1534,0.8357625
0.017540932,63.38762,0.93265736
0.6213747,169.52739,0.950784
0.47623202,183.89458,0.5595622
0.6074055,139.03484,0.70846176
0.5263886,119.373215,0.9312092
0.7230687,172.26898,0.6267704
0.40230837,149.26526,0.6385278
0.46888733,169.00793,0.5297509
0.3692134,150.96925,0.5351753
0.69893825,155.43959,0.7285708
0.515161,107.65094,0.63980293
0.9628854,101.23015,0.6944547
0.6660496,182.23303,0.75671345
0.8945974,66.20597,0.8081025
0.7123329,212.36378,0.64601064
0.77660584,207.73125,0.61638683
0.34178442,225.279,0.6209733
0.24948397,107.64282,0.5824533
0.0740186,186.89128,0.8912599
0.7258936,219.08672,0.805599
0.28533256,104.830925,0.8841396
0.12536147,204.69135,0.792415
0.5332848,165.71028,0.99198234
0.3477607,84.70354,0.9669753
0.7198398,217.67381,0.80601305
0.3780343,211.06119,0.6298424
0.4629981,141.87404,0.5910189
0.5742048,94.24308,0.55442774
0.80610585,217.36784,0.6325618
0.8587423,205.9733,0.66254205
0.52445567,142.18459,0.931826
0.81160116,182.31517,0.84657437
0.31910822,237.91594,0.5059404
0.45309138,106.599464,0.83038676
0.5218951,233.32196,0.78521824
0.80916774,106.875084,0.57251984
0.6756269,209.80893,0.9517019
0.65854305,232.6741,0.819325
0.09482345,63.893795,0.8472323
0.06060022,152.02504,0.73135793
0.42896533,94.27461,0.7860794
0.673828,60.085926,0.6693969
0.38993913,201.46245,0.81191844
0.08642897,164.10843,0.5410687
0.5354802,151.29376,0.6470187
0.85122126,83.18722,0.6710006
0.6108173,212.30615,0.9014362
0.46921423,182.65645,0.6554633
0.7440709,166.05826,0.93808126
0.7184874,139.14665,0.88857615
0.13041288,173.32217,0.5712663
0.07377279,107.64043,0.64248466
0.18458077,180.57097,0.97328746
0.1425083,34.989147,0.86405146
0.46108285,170.11198,0.99364054
0.5964525,29.359894,0.693051
0.91807353,159.56198,0.9372889
0.8753294,202.36646,0.7971405
0.0329372,68.098,0.73829985
0.7727657,155.39111,0.54788965
0.38503882,93.45109,0.6701866
0.34430903,33.44107,0.65152276
0.6805848,174.60587,0.9605369
0.5842218,33.970043,0.7374097
0.4439431,27.30426,0.8474413
0.564581,230.11705,0.6143743
0.63738245,200.31398,0.84799653
0.011352539,59.924267,0.93420744
0.25577798,41.84895,0.5777634
0.23636267,220.76076,0.9237199
0.8697443,229.92667,0.97739124
0.55316806,62.115505,0.61255693
0.17217147,77.96294,0.9685422
0.4670578,99.70349,0.9705548
0.7503965,173.46915,0.54645276
0.8079003,206.75002,0.51677597
0.47438073,34.678,0.89278466
0.40304056,225.5821,0.8036002
0.24685231,67.9767,0.86690223
0.2103728,129.5726,0.7898998
0.43743056,156.27188,0.75531995
0.46126294,31.355896,0.77691686
0.24557996,160.8251,0.58197397
0.8981598,65.450035,0.7631104
0.1610089,190.87103,0.67649657
0.8501133,64.3842,0.9769139
0.9676844,192.50177,0.5926655
0.6993588,133.56471,0.88685274
0.8506204,106.28091,0.6406329
0.6844574,107.44561,0.62193924
0.7327541,84.59841,0.56169146
0.80367005,215.99849,0.5616492
0.713259,97.63268,0.8007388
0.888665,162.2139,0.7886377
0.2837327,234.3476,0.5005867
0.69821393,175.43802,0.76844716
0.65331376,147.88081,0.7266611
0.057498693,62.836266,0.73221844
0.5118462,218.78607,0.50435424
0.7294977,111.01306,0.58954465
0.07429904,213.70198,0.77546835
0.11136094,233.02008,0.5662159
0.15212724,209.60446,0.7688422
0.33418494,151.84398,0.9091191
0.789508,91.82782,0.5538125
0.3780114,159.65227,0.9632397
0.8185078,197.82997,0.7873206
0.97345,44.439594,0.65502286
0.24476507,200.0572,0.7671228
0.6145706,159.05989,0.969032
0.5227704,165.80753,0.86528575
0.96099216,59.16996,0.5280393
0.7979936,172.7854,0.5633696
0.22354338,82.00972,0.71627015
0.7007981,173.91125,0.87033045
0.16567981,131.92621,0.6044146
0.4852413,103.27033,0.8292911
0.49976406,40.87884,0.98263127
0.79999745,148.97092,0.99344957
0.15900034,38.697624,0.57928675
0.47451872,173.08281,0.88839686
0.80582976,165.67729,0.9065218
0.73917246,200.09561,0.6840391
0.42881513,162.46852,0.75662315
0.3121423,189.2293,0.77671325
0.9493885,67.38492,0.5157336
0.3202634,112.55281,0.81628394
0.14983952,31.177954,0.92366767
0.39490116,82.39358,0.76903737
0.009060919,114.85549,0.9613155
0.40952706,226.58748,0.5370673
0.5089266,150.82729,0.900033
0.58644617,122.88352,0.9325516
0.5817184,196.64946,0.62721103
0.80358386,199.33122,0.901727
0.5879919,208.30861,0.6463022
0.44936264,47.913322,0.8439763
0.6881525,145.61014,0.8143538
0.7883792,151.40942,0.54871285
0.61946416,151.97615,0.7209934
0.27637815,26.78242,0.5580061
0.86490166,68.95059,0.64348215
0.15085828,93.82479,0.94230074
0.7638526,230.56493,0.7441995
0.7276673,169.01353,0.8222755
0.048787445,172.53873,0.8208345
0.1183995,232.57751,0.9226259
0.58586603,78.68583,0.88616997
0.50808847,43.14118,0.59961313
0.75503504,137.23126,0.5299175
0.5570126,174.50713,0.7832846
0.255772,123.85326,0.88128924
0.38204235,212.7993,0.83516884
0.17167428,83.06843,0.5603482
0.06653425,49.002407,0.91674715
0.48495448,78.130905,0.75740016
0.9900521,195.45042,0.72495985
0.95592475,58.514038,0.784755
0.26479405,73.545334,0.83208764
0.3888586,188.66742,0.8432901
0.8054781,210.07086,0.54298526
0.76546186,169.99347,0.84834254
0.3739444,73.69226,0.72707295
0.8311499,208.37494,0.76367885
0.13321781,154.24622,0.9017122
0.61035347,37.516773,0.9796828
0.8795527,79.34601,0.61470497
0.7806926,212.8678,0.69401246
0.34889716,185.46307,0.8506745
0.5957835,178.75058,0.89991593
0.80480164,78.00282,0.6921848
0.94424224,50.888737,0.582298
0.5115977,98.44274,0.8072624
0.043893367,192.94612,0.9132389
0.27220112,72.307526,0.64270216
0.56229746,176.8899,0.55713236
0.24906358,222.57385,0.604325
0.86633325,218.43175,0.8998548
0.3172897,204.97644,0.8303168
0.192366,210.69379,0.98758686
0.093494445,58.87052,0.9329184
0.3873058,132.29044,0.9798093
0.095933735,172.53098,0.71702087
0.7150062,88.474785,0.5460277
0.6674111,195.6092,0.8641964
0.79551965,169.12808,0.88723934
0.021900922,211.76877,0.9162953
0.3726612,172.60555,0.5249457
0.6029406,231.57352,0.53626764
0.70490086,138.24072,0.6495528
0.33345342,103.57944,0.9442134
0.6289267,49.182175,0.9063848
0.8214516,197.67853,0.5654022
0.1255795,86.0273,0.8392582
0.28012544,61.873123,0.75235784
0.6507541,132.86615,0.80318296
0.17674369,205.15115,0.9683119
0.19215888,179.03598,0.55860394
0.47593617,106.191956,0.972823
0.577769,183.13016,0.87031454
0.72218996,209.8303,0.6373288
0.18536326,217.63004,0.53656733
0.76848584,147.3654,0.69488454
0.51077944,207.57892,0.96149015
0.6145132,158.60048,0.52017534
0.6986601,34.10372,0.68473905
0.2037788,205.60074,0.6349615
-0.0005840063,72.010315,0.8498159
0.79770964,35.287907,0.51300305
0.35612652,177.16942,0.61994594
0.5753753,136.62898,0.6123656
0.82259285,165.39537,0.51464146
0.8062939,152.11188,0.8843715
0.860855,67.55463,0.6549933
0.7132942,160.8106,0.92134714
0.65842575,123.15988,0.9942328
0.99009407,56.956154,0.5312582
0.46441042,215.74606,0.52548134
0.62495995,166.56093,0.8373015
0.769291,212.41983,0.80403435
0.47896346,32.249096,0.80314696
0.5084485,57.237003,0.57349384
0.44976556,151.95757,0.5554378
0.4275473,201.37228,0.8964573
0.61755115,207.78943,0.8772299
0.54504985,225.9098,0.6333359
0.43738604,130.85405,0.76271427
0.61873657,175.1737,0.51555675
0.64815164,157.1999,0.8796735
0.4261191,48.890232,0.67100275
0.8629485,99.613464,0.71603477
0.33449626,43.185394,0.9849142
0.5585917,77.892105,0.8667569
0.20134676,133.52702,0.74285334
0.0042800903,85.84701,0.5238837
0.029214174,240.0759,0.5326422
0.049156427,212.18301,0.73422456
0.20154548,61.728695,0.63854134
0.28159624,136.69362,0.71795475
0.7818356,47.614918,0.61145097
0.2544231,144.66335,0.519063
0.29981345,201.33305,0.71464527
0.65276796,157.3526,0.88373315
0.3111409,113.16111,0.7417365
0.6370801,212.88583,0.57712907
0.7197966,152.58003,0.8558973
0.32303858,185.69493,0.5641326
0.4582165,190.42928,0.9053358
0.6513187,197.75513,0.7650914
0.89923084,169.61317,0.8508059
0.50156105,59.196487,0.5992683
0.41348058,176.14072,0.6465888
0.7706505,155.32748,0.893695
0.720909,186.74843,0.545586
0.56618196,183.3155,0.94384956
0.5687633,215.3281,0.6695778
0.3019352,132.64409,0.65953755
0.8186923,159.78558,0.89606845
0.72304404,217.97746,0.60630214
0.046360612,81.96983,0.6218313
-0.001172781,230.68329,0.7033659
0.12799415,200.00964,0.90991604
0.8831173,202.9672,0.6220321
0.86659366,143.81688,0.6957258
0.7594737,35.904892,0.8972098
0.42958856,211.53421,0.7381784
0.17813587,193.5745,0.8944789
0.78763264,163.77281,0.82064354
0.37342295,183.40898,0.77993625
0.64008766,73.112885,0.79908764
0.072562635,148.81842,0.96649414
0.91340435,105.501976,0.60096246
0.4662034,68.82342,0.9076686
0.7250625,189.70595,0.75254214
0.7184642,157.22383,0.6629096
0.16311377,134.79585,0.9531518
0.5220727,167.2934,0.8883432
0.66745585,194.2398,0.6983427
0.17765236,213.43517,0.91474915
0.7705168,158.00124,0.7882976
0.74353456,147.51358,0.905687
0.117338866,165.19232,0.7315386
0.23072067,92.872086,0.85063547
0.57821393,193.87444,0.777532
0.89028585,128.93634,0.95699877
0.1614899,214.35413,0.59392756
0.31060392,205.34346,0.9147308
0.08665228,63.04973,0.8891671
0.36746773,106.356606,0.52120495
0.5946762,164.07251,0.9404178
0.040376514,29.079662,0.63879997
0.4693556,183.401,0.84637207
0.54859686,89.522736,0.56915677
0.8039551,143.742,0.94159377
0.355592,58.56548,0.59106714
0.5517123,167.28555,0.84139836
0.7238397,207.2707,0.677227
0.94384205,80.19668,0.8403653
0.64333224,199.29965,0.6587049
0.66417235,204.5099,0.5749268
0.19600448,45.046284,0.6388184
0.5671961,115.70924,0.92662513
0.7714203,218.6808,0.5479785
0.686417,156.21164,0.54932964
0.36227268,228.22032,0.6331126
0.41332486,189.33565,0.641903
0.57928056,117.01208,0.9246731
0.3033362,191.95697,0.97780263
0.67787665,41.45045,0.6617317
0.6431235,211.73747,0.9722802
0.30467522,232.1099,0.5064289
0.15436432,106.03987,0.8279451
0.9243568,239.94478,0.5194502
0.34700763,180.65105,0.8598429
0.4676975,189.34453,0.66303355
0.83072925,144.26892,0.5199592
0.41522825,181.50806,0.89286673
0.4223793,218.05461,0.54241717
0.6916747,206.55911,0.5065837
0.7731459,153.47215,0.81444514
0.7199541,99.78179,0.90240204
0.7757715,178.11893,0.7487889
0.88300276,36.39916,0.84574044
0.35949826,175.98453,0.5300937
0.85491735,213.61343,0.69564253
0.10724804,30.343931,0.92406034
0.3256724,196.48648,0.9794244
0.6977299,199.51724,0.8714515
0.36345276,119.56662,0.85311174
0.68392235,219.87259,0.52405685
0.07365191,59.65964,0.51979923
0.53721154,171.05064,0.9860815
0.41136444,64.85266,0.8242074
0.25787118,116.177704,0.908581
0.7590393,204.90686,0.5468574
0.7052389,184.04453,0.9702515
0.6680499,97.356766,0.70118105
0.13576588,52.49473,0.8387175
0.40267628,228.6048,0.5867172
0.90002847,205.61426,0.59149545
0.1075277,97.32547,0.5406945
0.45972532,33.07018,0.5176067
0.47981852,135.7601,0.80501187
0.34555465,130.27289,0.8960566
0.50279236,70.66685,0.88916075
0.29806718,53.568676,0.8760603
0.64125496,207.98038,0.6074676
0.84651446,89.39781,0.68791884
0.36539033,210.14468,0.9019201
0.2915142,160.91908,0.8300402
0.3556902,141.72906,0.839573
0.1826691,108.25083,0.8498974
0.13523841,54.87844,0.88054097
0.54983747,85.63576,0.8073714
0.52251,193.6078,0.96761596
0.15066946,165.9555,0.94859004
0.08276191,219.3844,0.9724555
0.36267054,119.00577,0.7171685
0.71239215,188.33488,0.93039393
0.90780544,97.34191,0.6059679
0.8617207,72.68975,0.6099639
0.40657926,40.512726,0.94717646
0.048963487,117.052734,0.514716
0.7585931,202.14937,0.68910176
0.3880967,73.28634,0.962281
0.8571092,209.28111,0.6245568
0.05809951,164.41434,0.6258234
0.42732394,52.18334,0.694625
0.46409982,191.18166,0.7906779
0.67739904,191.90718,0.984578
0.8563262,176.53084,0.9352342
0.72291076,198.91359,0.5925772
0.17109144,159.44289,0.60981786
-0.014137387,161.01086,0.750166
0.8035042,206.71153,0.5089321
0.30720556,192.12671,0.63044775
0.8222624,205.66777,0.8251251
0.20937186,200.4445,0.6820201
0.6005753,202.19714,0.50121766
0.4628596,52.296455,0.8810148
0.48254585,169.25894,0.83660626
0.38018602,104.34793,0.704276
0.5854989,105.12458,0.66082
0.84915864,192.07675,0.6936598
0.5605275,165.77298,0.9735858
0.5513504,100.36123,0.5298371
0.13426355,129.00963,0.796356
0.3358941,85.19507,0.90889245
0.75428563,86.92999,0.8097427
0.8313515,197.82578,0.75062335
0.2821003,135.71645,0.52207416
0.5420229,37.924007,0.51935565
0.80245036,161.96112,0.8629632
0.33573562,95.569664,0.9847319
0.44464523,206.64253,0.8371742
0.548948,165.8278,0.7501011
0.9495963,64.85527,0.6154457
0.55171025,107.17521,0.76381284
0.56381583,228.16731,0.8646517
0.0410448,86.995316,0.80131924
0.90496993,108.60429,0.6310264
0.991987,53.364166,0.6831448
0.41610092,195.80063,0.63448095
0.8121275,191.1564,0.5662007
0.38051265,165.14458,0.92587614
0.24108475,196.2903,0.76471686
0.40706062,190.22935,0.6602545
0.03049916,166.41187,0.8988522
0.5411692,222.24023,0.9049372
0.4842515,105.49933,0.97670126
0.8329735,166.37703,0.8937681
0.35455835,85.984344,0.70270693
0.7107585,142.00774,0.833071
0.52921635,184.16496,0.5610812
0.2930273,201.14888,0.9096607
0.6731786,128.60252,0.6022227
0.5282602,113.93772,0.53149766
0.64030623,216.11206,0.6902497
0.333809,57.586662,0.9871438
0.4657979,222.25664,0.7540305
0.6714162,66.82609,0.92729163
0.24018031,210.958,0.61573946
0.07651812,28.65349,0.695703
0.5436021,122.72984,0.7779329
0.31670243,27.961765,0.57014644
0.5368048,33.849056,0.79020154
0.6787777,184.50908,0.76658535
0.80342066,187.64285,0.57338727
0.57053727,49.558636,0.9825022
0.8578111,189.39696,0.96580607
0.09100565,67.99787,0.8184111
0.12868214,95.314575,0.8141045
0.85652685,71.759056,0.6737766
0.4212879,82.74243,0.8324499
0.5384794,73.99465,0.95094633
0.37570113,77.81237,0.8686777
0.05789599,81.12373,0.9502361
0.4969613,98.106445,0.7460406
0.080955654,53.842823,0.8533938
0.23622137,49.439716,0.7354264
0.30347645,190.39888,0.56400216
0.5829641,180.60225,0.8125414
0.1267783,203.2837,0.7395869
0.7517607,155.43729,0.78877807
0.54476696,106.504654,0.6418248
0.63722837,146.97786,0.7568803
0.6192726,199.7778,0.88940847
0.4177974,161.17542,0.57765055
0.72682893,68.667694,0.9518919
0.8621943,45.557106,0.8176101
0.8649976,77.48741,0.8930374
0.23142073,152.27498,0.9293206
0.5659271,150.70053,0.5109244
0.04839009,34.865112,0.6687373
0.18974188,48.816265,0.61381423
0.34074152,164.64325,0.85251933
0.17690247,177.59348,0.8197173
0.91777414,33.866055,0.71937716
0.33312115,60.220943,0.6645836
0.67485595,47.85972,0.921885
0.3173303,138.04271,0.9375925
0.8851063,180.77051,0.93397534
0.3904485,198.1729,0.64050055
0.5819278,48.003025,0.9010087
0.7987155,167.05983,0.8582483
0.09295866,79.84529,0.74575526
0.08371517,93.505264,0.59252083
0.51177096,203.25287,0.8018482
0.90205294,99.219055,0.7177321
0.5810772,47.40738,0.5330691
0.24575093,200.59465,0.68205327
0.47055912,118.757706,0.725175
0.0768252,133.56667,0.57450986
0.17734984,135.1662,0.8310483
0.7982276,150.08162,0.93331444
0.35720512,157.29373,0.8693632
0.56608576,184.41176,0.8243307
0.40227583,149.75417,0.56846327
0.16787097,30.951723,0.67192835
0.41092774,109.26094,0.556371
0.82640785,219.50728,0.7142847
0.3856035,101.44429,0.7040505
0.5024964,227.0596,0.5109344
0.5297054,67.016205,0.7262418
0.24220091,204.90123,0.62996876
0.9108805,90.25444,0.5224782
0.47407275,35.447975,0.8085293
0.7589182,85.25637,0.67598057
0.12593034,111.940895,0.90004337
0.1668467,29.212524,0.62805694
0.3016502,98.094284,0.50851685
0.1972737,27.389957,0.8008559
0.91725206,179.30632,0.5567029
0.3844362,75.3215,0.7968591
0.6723941,141.07304,0.77580816
0.5207102,112.87966,0.89764255
0.079475164,49.343616,0.73892456
0.38952518,186.54282,0.6080749
0.06784657,185.28082,0.8755728
0.6117563,192.27097,0.6169342
0.48957795,126.779945,0.9404098
0.9070191,153.22804,0.9145907
0.6844509,115.970505,0.71049416
0.9425857,132.99034,0.72543734
0.9123198,146.50742,0.90327626
0.5720387,210.87671,0.5927206
0.8903444,184.7841,0.9271181
0.67155355,42.131287,0.638972
0.7007132,200.79747,0.8760293
0.7661761,173.05255,0.72987634
0.7429639,187.22964,0.5114745
0.54566634,164.90384,0.83690345
0.57147545,196.53389,0.9000701
0.6239682,140.7425,0.9348813
0.06896338,91.76828,0.9242132
0.30862913,82.0085,0.5424266
0.38234246,61.173653,0.8092121
0.213458,98.04244,0.7086111
0.6131536,157.9948,0.68723804
0.9164676,133.65616,0.99213386
0.29833722,120.22081,0.8374642
0.8549062,72.15207,0.67321837
0.25663558,79.49178,0.6346059
0.2595076,58.59999,0.77697706
0.34290886,40.98131,0.5367068
0.7168218,42.57267,0.8518609
0.79298353,25.96306,0.9781581
0.733802,127.48129,0.7236359
0.87477756,212.86186,0.82207286
0.9420127,187.96767,0.9133609
0.22239825,66.72717,0.5477288
0.23006049,51.888264,0.66360784
0.65099716,83.45657,0.8038175
0.5917717,162.15903,0.5267523
0.4392105,173.68246,0.9013816
0.058826536,43.33893,0.82458997
0.12266442,198.60612,0.80373037
0.7444521,143.05002,0.7222309
0.7236006,187.69469,0.54495776
0.58423126,210.46358,0.6596265
0.7224885,158.34042,0.97063935
0.5005557,131.79494,0.6072588
0.20504296,133.46173,0.8406522
0.7570429,98.51059,0.53319216
0.83531564,179.99815,0.7715338
0.6018522,146.35237,0.9928566
0.59618026,120.61295,0.9189914
0.6379233,190.50632,0.7816307
0.041675717,49.021736,0.6031001
0.15274489,31.59484,0.51855785
0.72081786,79.265686,0.56473625
0.5504697,157.52875,0.9449698
0.7968708,191.76558,0.8751528
0.83273065,115.62233,0.69601715
0.5631888,96.28427,0.9264639
0.45921275,176.20822,0.6914096
0.7478402,35.875805,0.79029393
0.70705235,104.15193,0.5526465
0.49003607,166.8262,0.77862835
0.5776753,54.96929,0.94123554
0.2518329,184.70259,0.76753104
0.7875062,156.59914,0.8650348
0.43860492,161.39287,0.8288319
0.6599748,185.70801,0.8192589
0.68568045,52.89478,0.58293194
0.25909635,107.022385,0.8698563
0.012221485,57.594223,0.7167548
0.010286331,151.62617,0.66887194
0.52307904,225.38438,0.7812023
0.012448698,35.11134,0.7325351
0.84687394,148.45224,0.9393649
0.5374721,229.07271,0.5766083
0.79475665,233.95818,0.5497114
0.1553919,216.69632,0.8858
0.5414513,192.10484,0.8064873
0.8357587,147.3868,0.97659165
0.10830209,226.00362,0.91462505
0.27119228,50.059963,0.94788563
0.2655659,128.3336,0.65909886
0.38821134,76.09078,0.52706677
0.46483877,193.85083,0.6280949
0.7815304,96.60907,0.7080664
0.39572918,173.47527,0.97124004
0.85571575,118.919174,0.9176604
0.5769026,107.62351,0.686949
0.37485394,48.43956,0.76833093
0.16424257,121.35833,0.8211884
0.5382864,236.65286,0.89289355
0.4205457,58.579052,0.6162251
0.13977101,185.13913,0.95683146
0.41803,208.37105,0.71383655
0.7257538,206.02815,0.6282637
0.016073465,140.47755,0.99184775
0.6625298,134.16614,0.6496418
0.64408696,150.87463,0.5362439
0.39886457,189.23907,0.6152161
0.44331527,83.41249,0.52255577
0.48191455,74.30906,0.9249603
0.45413506,132.36719,0.8481308
0.40246657,168.92438,0.98922753
0.2298536,113.67832,0.92611843
0.23225367,200.84117,0.6687491
0.22562918,211.95877,0.7631368
0.11784643,206.92549,0.72207
0.30258906,168.76384,0.79916674
0.45449412,152.08472,0.82517064
0.7913513,174.75635,0.92420673
0.5624723,130.59616,0.98369664
0.7644385,69.71985,0.7970998
0.10309908,61.392357,0.8102915
0.5219255,211.55247,0.80417967
0.55250126,196.91206,0.8055786
0.89444375,96.180374,0.80846727
0.9038409,92.08671,0.55595773
0.3185956,195.55313,0.5237319
0.22631827,201.51639,0.862766
0.13885301,139.94016,0.5661358
0.29023463,73.932945,0.9212927
0.27502003,76.10088,0.66965365
0.085190386,59.125557,0.9030882
0.2719633,203.89494,0.61989176
0.5512395,205.69783,0.8496615
0.48490247,92.14525,0.80061805
0.6930539,180.3617,0.51404566
0.47547936,118.59776,0.5669417
0.6664186,147.85316,0.9966526
0.8702096,156.0397,0.72379076
0.30737132,188.86163,0.9313199
0.85342515,121.89242,0.8120395
0.49448264,166.09142,0.82762265
0.063874036,52.965687,0.8397583
0.3922767,120.759384,0.6632893
0.105894,33.201138,0.55121386
0.42128602,169.44765,0.83174765
0.4658884,212.64925,0.7849186
0.80710024,142.20958,0.56688505
0.55076665,142.55327,0.91474044
0.6525077,103.985176,0.50999266
0.24562967,87.88661,0.5964942
0.1525544,130.64682,0.5090843
0.73371583,82.53435,0.55542165
0.78852147,184.65547,0.94302684
0.5310152,170.39706,0.6080068
0.8275261,156.1115,0.57571614
0.9831563,117.298355,0.7935311
0.059392154,98.8712,0.8061272
0.044997066,186.02318,0.84594727
0.28524065,222.24275,0.5898588
0.62436116,146.94643,0.9282385
0.22860089,171.9818,0.7303959
0.4722197,198.42435,0.55331904
0.7628112,120.68971,0.95424765
0.5879321,216.40947,0.7447721
0.08529231,137.03638,0.9891631
0.55631685,208.87206,0.50720626
0.52138114,240.59082,0.7988979
0.48803258,217.48035,0.6376883
0.13409373,64.93788,0.7289453
0.1082077,163.48154,0.95473814
0.8308544,233.43285,0.6705874
0.16359502,212.02576,0.72226125
0.3033678,109.40181,0.83582044
0.10958594,52.80067,0.92580384
0.17516586,55.188587,0.84774315
0.5641502,163.11438,0.81298816
0.7583922,225.47668,0.5511378
0.7074737,192.13673,0.8241075
0.8526687,169.32375,0.93200815
0.64409566,220.70197,0.5054303
0.6500091,45.83451,0.6828596
0.5446796,94.87109,0.81862175
0.64925086,82.211716,0.7445774
0.66179466,178.0185,0.6794656
0.5013756,87.64618,0.6801892
0.603652,85.87435,0.74324137
0.9287228,186.04639,0.64364
0.8109092,48.629913,0.59028804
0.23385772,35.831566,0.88876706
0.8735316,155.65744,0.82306767
0.60555667,199.13179,0.5704995
0.55716485,194.91731,0.5220336
0.8532132,59.92256,0.5336546
0.31630063,27.25749,0.7494403
0.45626694,74.83407,0.5496143
0.7504964,178.52664,0.98464084
0.24768311,88.657036,0.5241993
0.85966265,216.49498,0.7161585
0.84545964,121.73152,0.885996
0.6755059,214.02281,0.76135516
0.7740213,229.09023,0.72431785
0.71712446,200.32614,0.8773732
0.77896523,193.90999,0.7708244
0.11209789,93.92991,0.8147907
0.28177217,47.441616,0.9346834
0.81682444,225.19366,0.56965214
0.3730981,31.812857,0.74920803
0.12498796,59.302925,0.7089583
0.26618898,204.07883,0.8800371
0.065267235,202.02455,0.8796467
0.041021466,36.33729,0.8844966
0.5268129,91.743355,0.68259734
0.25356978,113.6753,0.6942677
0.3774223,56.31068,0.8956815
0.9058138,94.767654,0.7051594
0.5083995,227.6493,0.80499303
0.9462054,132.89256,0.8231832
0.4793274,87.48636,0.959785
0.28343213,46.549007,0.7984919
0.40084374,170.04584,0.731116
0.36352926,169.37856,0.9878074
0.07238716,35.811832,0.67357254
0.16628462,145.92648,0.9861325
0.16013947,117.52902,0.5630232
0.22742859,193.35435,0.81092703
0.22343442,33.191875,0.89913905
0.061727196,29.304926,0.8722683
0.2133945,152.84474,0.58760846
0.13424379,205.42249,0.73739886
0.88107026,166.4405,0.50463474
0.36818388,191.1344,0.59003997
0.12783027,110.28018,0.9598812
0.19763866,200.54663,0.9266536
0.7508471,107.68848,0.5766616
0.7150408,94.69358,0.8822355
0.7449641,122.045395,0.75236654
0.25405073,121.22463,0.660125
0.8600615,226.39877,0.5951536
0.0059866905,236.19107,0.7683969
0.3395189,216.19917,0.9129856
0.636525,38.644283,0.9257717
0.41620195,231.55627,0.7723562
-0.023359954,54.231712,0.5203981
0.043826252,105.816734,0.5215567
0.29862374,172.73367,0.592878
0.43617433,82.047585,0.8664912
0.117825806,99.15253,0.67838275
0.39938682,61.315273,0.84737027
0.8598162,161.31064,0.5364469
0.6804955,183.50229,0.5505584
0.19648722,176.98741,0.8342998
0.81843865,210.14775,0.7252793
0.80409575,141.43625,0.9653938
0.29594898,41.987617,0.7192609
0.7115382,221.04935,0.61404395
0.5701095,44.57976,0.58855
0.77393305,172.98401,0.6583157
0.201511,200.94742,0.79897857
0.66330254,133.99815,0.50389415
0.74752223,157.02817,0.98749554
0.57488316,111.476166,0.5577214
0.8575208,66.44203,0.7155696
0.8490944,83.019035,0.98606724
0.17504856,94.24295,0.76266503
0.8858825,124.054405,0.7127341
0.5624642,163.4713,0.97270393
0.3106934,89.910736,0.94615567
0.08600715,214.94238,0.7361054
0.8539429,213.67043,0.6947696
0.46888733,169.00793,0.5297509
0.46807328,221.22562,0.5301962
0.61251646,82.32733,0.90953803
0.34644145,84.58644,0.6568458
0.29476988,93.32306,0.93190706
0.915293,83.40577,0.8317119
0.19318151,189.01901,0.8406493
0.65457386,117.572266,0.7893223
0.38656408,57.891308,0.9096663
0.68588215,107.75124,0.9913361
0.73515326,107.38836,0.53692096
0.9197148,123.135185,0.68429315
0.026014268,74.35483,0.69689614
0.047463536,173.46475,0.9363588
0.28845155,64.76313,0.51309586
0.22719362,41.655937,0.714669
0.4840418,83.94748,0.67893076
0.3891757,187.96907,0.8958361
0.41388428,52.940567,0.6606417
0.63077015,80.48076,0.9006541
0.11022946,86.388214,0.6477444
0.61323774,190.43796,0.87662256
0.7933887,115.00701,0.7373865
0.4859091,73.85542,0.62392706
0.39235368,153.98575,0.9796532
0.0031636357,75.53028,0.9434279
0.45892894,69.739586,0.9346236
0.9125596,172.66982,0.87484545
0.48243985,212.60329,0.6590749
0.47019216,75.462494,0.68412465
0.79060256,79.4334,0.5505215
0.8484516,206.3807,0.6618749
0.10388225,151.79883,0.70249784
0.68976223,193.7217,0.76828516
0.2852164,209.3385,0.6775389
0.5882064,188.2268,0.9343934
0.77906156,186.77222,0.81582123
0.69024754,95.107704,0.66934025
0.037478685,54.252975,0.6406437
0.029306918,209.14388,0.80387825
0.5131378,119.74865,0.9086583
0.6477954,159.45206,0.64158195
0.77225006,208.00542,0.50709635
0.28110945,124.700386,0.88353527
0.70313823,182.78278,0.56610566
0.39685547,104.73574,0.86818135
0.8156513,204.87508,0.6701533
0.26960218,73.969536,0.6862475
0.6001123,90.880135,0.6182614
0.13131562,43.766502,0.8747369
0.30442387,182.22668,0.97389096
0.56010205,122.1721,0.51122093
0.44824302,181.2333,0.81827635
0.08992916,227.843,0.81126165
0.7996358,84.093506,0.90813875
0.65838605,183.38895,0.9613682
0.050137162,26.126778,0.5921013
0.8461599,209.55383,0.5637349
0.7940372,183.28003,0.68688214
0.30149984,188.37415,0.6697842
0.4447514,197.5131,0.7622131
0.18126741,225.66325,0.6832379
0.7720442,115.472275,0.8238274
0.63458794,212.05013,0.57020164
0.092184514,88.97863,0.7267215
0.056481153,185.07298,0.745581
0.6300876,90.46452,0.7250044
0.6956655,41.7886,0.81771517
0.89258415,180.47148,0.6997573
0.37182313,36.6935,0.89071333
0.5375958,95.632126,0.9367941
0.23492655,44.862003,0.5737045
0.17153174,137.07805,0.54537636
0.725714,204.34123,0.8745522
0.4442246,92.27801,0.9505821
0.7695211,227.8273,0.5827
0.12331495,110.82709,0.7926344
0.2646594,56.23636,0.98002756
0.7607063,213.45128,0.51354337
0.66270804,43.70119,0.9157779
0.5841325,179.35136,0.66298884
0.44382474,61.354336,0.8325314
0.7430129,204.78233,0.8248478
0.8159207,93.184326,0.98677367
0.5628467,43.30672,0.5220542
0.8043809,213.71118,0.7238226
0.71659416,225.54958,0.88022995
0.21127275,235.28613,0.73806834
0.100004256,60.903233,0.7983022
0.44989565,199.48114,0.5797766
-0.016261578,220.68967,0.97276604
0.48742014,152.56313,0.86777544
0.5377237,122.3109,0.514432
0.27703303,75.74203,0.80066156
0.40438765,64.85372,0.7792207
0.40140104,63.355244,0.641872
0.88984376,153.01788,0.59396595
0.78773,223.392,0.8438737
0.23672077,77.79627,0.9022989
0.6839397,45.3044,0.5173447
0.7093662,210.55125,0.8040279
0.16472825,49.961292,0.6446204
0.79209673,68.68406,0.78175884
0.636365,88.59499,0.53710854
0.072726965,78.82004,0.9211054
0.4046527,97.52008,0.8706564
0.3386469,146.5014,0.8792702
0.44119272,160.68768,0.8940408
0.5863376,230.45427,0.6136278
0.753557,64.54539,0.7128483
0.5640848,133.16736,0.96437705
0.57208526,187.76973,0.6331717
0.46372825,211.46152,0.6085867
0.5269454,165.4924,0.62476444
0.4286816,64.796425,0.8977481
0.40096134,181.15887,0.9643903
0.7005066,222.70976,0.85145605
0.76566005,154.15033,0.63101673
0.053213716,179.54,0.82474315
0.3465105,173.67369,0.7933724
0.5898031,159.00073,0.5898884
0.32159907,96.40254,0.5276554
0.9361186,27.28142,0.55953985
0.42922854,115.01879,0.5522448
0.6822981,33.186466,0.8219147
0.5928621,173.13026,0.5484815
-0.0012471676,198.94095,0.8422487
0.58062106,60.422977,0.888728
0.4084716,161.7879,0.8350984
0.5823725,55.82722,0.96843547
0.04741034,34.513634,0.8737322
0.58349377,30.202269,0.5876921
0.14056915,53.36871,0.9534179
0.6357106,207.17635,0.6159255
0.2569319,174.27814,0.95248413
0.30128518,54.28505,0.58396244
0.506292,186.83028,0.5580112
0.3705634,106.61303,0.98345923
0.07825047,91.5926,0.6648891
0.02451384,155.07675,0.662704
0.44718093,202.79156,0.5150703
0.06331292,152.32341,0.7961781
0.19344291,126.1397,0.6532287
0.306001,60.007034,0.81826663
0.55833775,211.9067,0.75750446
0.9289434,102.89339,0.5689841
0.6733296,204.6414,0.6386886
0.022144884,138.78116,0.84460276
0.2800352,151.2108,0.5353354
0.74128556,163.39209,0.77878344
0.47145677,220.49037,0.9562223
0.6174551,185.3248,0.8599407
0.8161242,132.35536,0.50890243
0.7500503,218.98251,0.9329959
0.7595114,193.08652,0.88887537
0.6247225,93.20996,0.7190189
0.17863396,68.455925,0.8936228
0.3019166,186.19246,0.84227717
0.14189672,45.925907,0.9047575
0.6259532,87.98301,0.91016924
0.40536702,116.940285,0.7871443
0.46832448,85.9884,0.85451984
0.5731114,163.43616,0.68992555
0.81315804,35.628197,0.7065257
0.44216394,192.8088,0.90674734
0.47859773,94.54383,0.5936259
0.24696514,161.98279,0.60918283
0.8049363,44.214344,0.65618277
0.62464744,192.27214,0.9784876
0.49371135,166.65959,0.80427223
0.3707098,170.56213,0.56298894
0.05025229,55.96353,0.8970711
0.48405665,153.20485,0.9244143
0.37414652,33.74072,0.9258359
0.28836167,111.05949,0.75879914
0.29271188,220.17807,0.8693369
0.8131319,145.93053,0.5624524
0.18411538,197.24036,0.77593875
0.50864303,135.16972,0.8881848
0.9321104,49.96906,0.587124
0.43324494,164.93797,0.51332974
0.80699587,149.09705,0.65075505
0.81656146,52.507248,0.51434463
0.35761106,117.777794,0.88792634
0.23144698,104.7302,0.6949125
0.66072464,117.19566,0.69168615
0.036934286,221.04439,0.6125526
0.4265374,37.632305,0.8180618
0.102882355,68.75422,0.53544617
0.365685,100.52349,0.8073263
0.9460323,132.95004,0.76830614
0.54965234,63.871445,0.913761
0.68151355,206.67526,0.61187387
0.7744775,74.76577,0.79954004
0.49758518,87.11633,0.82869506
0.66569555,90.86809,0.9194156
0.80808675,197.52,0.813521
0.5776032,229.23686,0.50656325
0.44754404,141.96164,0.8974726
0.8693006,121.14254,0.89406854
0.44517717,106.87918,0.59289026
0.7901647,170.24133,0.5727667
0.55416197,66.81936,0.7234809
0.9927787,44.98348,0.5264018
0.1655567,63.893894,0.5604693
0.3576815,152.08936,0.50323063
0.51831913,216.1988,0.5576152
0.7206794,203.69931,0.70274615
0.356394,207.36197,0.53478575
0.67489713,123.08859,0.5295882
0.22595695,189.88904,0.6895921
0.97163224,100.137314,0.8731869
0.58598316,168.37114,0.85087967
0.5791369,200.62433,0.82739663
0.82956994,149.27165,0.5196019
0.4209986,189.75232,0.7970344
0.8606567,178.68614,0.8748947
0.13992336,66.21524,0.8510343
0.6547286,111.12317,0.9013381
0.07287118,192.49698,0.91614705
0.013106436,219.18654,0.7743641
0.8631213,184.5332,0.88512874
0.42324805,99.615974,0.5694715
0.6132788,72.9559,0.6927792
0.4953962,79.06105,0.8742601
0.61942846,180.97952,0.7323524
0.3384366,48.003853,0.63423234
0.90921485,43.77132,0.6570872
0.47532713,185.51038,0.9379533
0.47438335,87.25849,0.9496285
0.5145025,176.87878,0.5595597
0.42881513,162.46852,0.75662315
0.5432074,119.32409,0.5439572
0.6741128,112.95627,0.70471776
0.19530883,183.81494,0.8895029
0.2937983,112.098335,0.5636567
0.8251753,205.63367,0.51232094
0.9070078,79.43506,0.71383345
0.122692615,172.72015,0.7341362
0.6075054,186.88667,0.7850025
0.48727596,143.68674,0.6066992
0.61177206,98.389885,0.6418959
0.21164075,65.69829,0.6047968
0.7520037,110.10518,0.926751
0.4588551,95.53171,0.897026
0.061136782,43.397892,0.70566714
0.50771415,64.69844,0.7703725
0.8481473,115.810295,0.9868344
0.60157615,200.32832,0.63000315
0.35685423,171.12555,0.9365685
0.5141116,214.90681,0.7378353
0.85329545,65.10905,0.6653343
0.10947478,203.14224,0.6130081
0.7696736,140.92085,0.5521096
0.27528998,208.65616,0.7326366
0.631722,173.37314,0.646659
0.5662286,136.67679,0.7879319
0.26526797,100.10643,0.6086547
0.23304176,166.25375,0.73039776
0.5490663,210.64993,0.8669728
0.3476619,155.55211,0.7672098
0.66427463,164.95392,0.5537583
0.16521111,138.67026,0.58162254
0.3077535,185.61105,0.8504739
0.6052579,165.94194,0.5651908
0.8927303,34.31144,0.5604021
0.8417489,201.80539,0.7426425
0.37980524,149.0409,0.82225573
0.65380144,96.16795,0.5885202
0.11365062,130.46187,0.82690066
0.8441704,199.86652,0.87242174
0.8554127,69.361404,0.51832855
0.6905819,173.36845,0.8651868
0.627191,51.85176,0.5409481
0.45970175,65.73501,0.67975205
0.90991104,186.61684,0.75444895
0.8564899,144.00032,0.97721326
0.59543693,122.280426,0.68615794
0.69452024,155.46579,0.51197565
0.33446038,138.47928,0.6560692
0.43115202,206.80325,0.6904655
0.4526863,181.7744,0.5876459
0.24001479,222.2292,0.74540424
0.41023788,42.750477,0.62855935
0.8589713,193.17146,0.6098036
0.7848913,222.60515,0.7949363
0.884846,192.22392,0.9593221
0.11379951,229.87839,0.7372383
0.6892695,33.179707,0.8977201
0.65417475,196.44734,0.6093453
0.66395247,34.69854,0.8029022
0.39087105,90.880516,0.6379903
0.48293918,25.285938,0.9762572
0.9423504,71.70306,0.8900473
0.33292243,145.99887,0.9159126
0.089402914,240.17773,0.8711864
0.2652774,126.824615,0.5288569
0.14996356,207.66768,0.68473
0.7941854,79.99999,0.65987384
0.7807789,109.789536,0.5360689
0.39728704,89.040794,0.8701527
0.3464942,150.2492,0.77121127
0.32578737,142.6385,0.7274675
0.6839758,101.881546,0.9402467
0.038828403,84.485085,0.51124275
0.84672475,141.48752,0.9635061
0.89466107,141.83981,0.9606209
0.12911758,31.697206,0.60951966
0.72474325,200.26326,0.9483713
0.63524014,66.171486,0.9860579
0.05509299,191.25595,0.7189299
0.45000026,75.33569,0.9661182
0.84442794,173.32004,0.5869572
0.8965293,188.5245,0.9659184
0.29802263,148.58447,0.6349433
0.48886454,127.556305,0.9181825
0.43570182,64.73473,0.83210796
0.39332005,102.17831,0.9521744
0.4158471,28.337091,0.7654345
0.25142932,108.57832,0.84996045
0.7794808,81.16517,0.51349604
0.43310797,181.10555,0.95173013
0.6872865,183.19026,0.80411434
0.2655659,128.3336,0.65909886
0.4470085,40.72085,0.69065547
0.24060664,154.10257,0.71930695
0.5984485,75.2654,0.9889209
0.73726076,117.07281,0.85656667
0.2852527,30.656956,0.56193256
0.07536617,32.61494,0.8108727
0.4376818,204.66888,0.5545993
0.4554701,187.22203,0.8087252
0.8274398,200.34392,0.9205211
0.8161427,218.13258,0.57766324
0.5974464,173.98741,0.7217071
0.7271618,32.611263,0.80774546
0.38358748,216.09111,0.5495101
0.7563766,221.77466,0.5844824
0.44084275,206.00935,0.74106956
0.27403694,108.66229,0.8275554
0.85185266,206.9067,0.8177922
0.62767446,167.85272,0.6957627
0.85952413,216.15765,0.93756104
0.5501033,149.12964,0.89803827
0.8846259,57.18274,0.743398
0.38373223,69.357414,0.6007814
0.5350358,146.66805,0.9725126
0.8567903,49.396755,0.85147893
0.34357324,45.597366,0.83173233
0.91098535,73.328094,0.89841425
0.6673972,180.8796,0.69586074
0.98241025,82.957436,0.83145255
0.32980198,158.86464,0.7784767
0.6728459,200.8834,0.80015683
0.92385304,239.19585,0.9640002
0.41957694,166.50331,0.5535044
0.57573,183.91893,0.95722705
0.4714834,105.04901,0.7447506
0.041219473,90.23528,0.73673785
0.33192533,197.03058,0.8556058
0.7175417,209.1892,0.9064027
0.57646984,183.89061,0.86524606
0.2550844,192.20831,0.81349707
0.4338635,31.658955,0.67644817
0.18199784,141.37885,0.6544959
0.18945673,200.5729,0.68492097
0.7799387,199.26865,0.7091279
0.7481366,118.7708,0.51147497
0.13291967,209.1165,0.83341235
0.49556214,107.66086,0.79230636
0.72757155,171.32185,0.8576142
0.10585487,72.959625,0.9316161
0.5429342,204.45903,0.5297526
0.5458198,130.08711,0.8836843
0.7654133,227.50294,0.6442808
0.918235,71.39469,0.7125705
0.6100355,56.46801,0.96263516
0.7240554,184.73145,0.95977616
0.49691397,50.517445,0.8969249
0.7902762,147.7422,0.7221951
0.67841804,140.58899,0.63633853
0.63795173,126.94682,0.79386926
0.095582694,193.94868,0.5064978
0.671677,36.818188,0.84255874
0.2588309,97.64339,0.5348954
0.81772494,239.13602,0.7554599
0.663399,154.97179,0.65950793
0.35643506,174.03539,0.8088365
0.36062402,146.92656,0.5210847
0.6708902,202.31714,0.8580878
0.67238575,100.046875,0.8823294
0.48442802,206.64578,0.5130364
0.24931273,98.86823,0.92099524
0.07198274,170.31892,0.8573074
0.7043628,69.61397,0.7121589
0.6193331,111.015785,0.6639231
0.58066297,61.009686,0.89173496
0.28909448,68.53785,0.69211185
0.35770923,212.72061,0.51748186
0.14878121,129.72342,0.8198329
0.46979105,78.81804,0.95280135
0.7019481,210.35585,0.54009944
0.82907826,177.6063,0.993624
0.5270201,208.13615,0.63462317
0.9324554,200.37633,0.9084756
0.019722909,47.7935,0.9513295
0.26612067,43.37901,0.87543285
0.70350266,199.47948,0.70760906
0.16743141,80.673584,0.9727252
0.66582215,230.48427,0.7363219
0.7522475,58.734764,0.7376492
0.97109735,91.750206,0.6289604
0.560992,184.66429,0.81870985
0.30786932,168.42113,0.5256593
0.754442,142.76735,0.9718217
0.32156247,200.06953,0.7574899
0.8392987,213.82706,0.5315726
0.48589608,66.12196,0.95657504
0.06560138,83.78151,0.65181
0.3803925,153.28502,0.57096905
0.3992101,128.20197,0.8892222
0.6071878,191.44666,0.5603277
0.37394553,132.43437,0.5987011
0.3954569,201.47163,0.8853723
0.3304477,171.87872,0.97925806
0.45088795,43.78363,0.6874374
0.1444023,224.2116,0.76372504
0.35989702,186.54683,0.9738529
0.49315536,215.35382,0.62737733
0.505756,110.515,0.5693695
0.26697004,197.74832,0.8639122
0.12935916,191.24771,0.64973956
0.39511287,150.29057,0.8320842
0.39707008,157.75113,0.8985768
0.8931069,196.67409,0.5241782
0.5470047,87.197876,0.73239464
0.3628906,223.7924,0.5683695
0.56518066,173.6181,0.7849959
0.43871963,125.67921,0.64146745
0.77512014,190.48541,0.550245
0.6336076,65.93555,0.5178043
0.24454293,182.38713,0.65349853
0.70067513,34.238663,0.9714955
0.63482946,164.05856,0.868939
0.8012867,124.84836,0.5874632
0.373698,208.3904,0.56771135
0.045923054,197.9749,0.76946986
0.6824963,205.99211,0.76920533
0.5269271,37.86336,0.51929855
0.88092875,31.098473,0.540306
0.2695896,29.955503,0.55429435
0.100547224,133.56277,0.82029724
0.8401325,34.166355,0.7157912
0.78649056,181.62108,0.646019
0.5069859,164.0058,0.88424945
0.3239354,162.28967,0.824615
0.555616,90.58869,0.91006744
0.08415669,28.30051,0.88217664
0.07905111,75.06702,0.67739475
0.09762967,189.82727,0.6761115
0.4171406,185.13258,0.82091284
0.07544583,63.089966,0.6009169
0.2076447,218.66342,0.84972805
0.7442706,230.09056,0.5802851
0.49985364,192.38722,0.52121997
0.72711784,184.46846,0.80707556
0.6652753,168.79083,0.96677315
0.41247028,107.83797,0.5215074
0.7040198,35.747707,0.66007143
0.7101455,196.05904,0.7632547
0.79102105,166.69487,0.97272086
0.6473043,195.42664,0.8548587
0.8633028,163.8819,0.80475396
0.116852194,159.11237,0.6705155
0.280085,149.03459,0.5630378
0.50378954,183.5653,0.680316
0.3816998,186.97337,0.8226626
0.5657074,41.28704,0.6916349
0.27831537,130.50975,0.7873614
0.0053990185,44.752544,0.6808099
0.79010546,223.74976,0.8305205
0.68416595,116.32385,0.61746573
0.6556922,86.86502,0.55904907
0.43292657,202.81665,0.88622415
0.3544094,238.52492,0.6684465
0.8176067,160.87009,0.8444606
0.8779737,93.71416,0.68861985
0.586328,154.14989,0.5541564
0.34598482,137.94778,0.87437844
0.80562043,91.79108,0.62441766
0.2623555,56.25399,0.6091878
0.17870888,72.821106,0.8740946
0.24207917,186.58466,0.69813454
0.08252099,55.745476,0.94229686
0.33574373,168.39513,0.84006953
0.8618325,162.32237,0.8581133
0.85744214,110.45359,0.8428861
0.7989172,195.50409,0.79104626
0.84676075,211.97873,0.82656336
0.1026921,143.63498,0.6192102
0.027883261,117.883675,0.96976876
0.35664856,71.72139,0.5206739
0.8115957,91.533516,0.67348444
0.28935853,125.18984,0.961301
0.23337597,26.151812,0.7866193
0.66644734,52.044113,0.72198564
0.73970795,160.14462,0.95978
0.4018033,119.86079,0.9848524
0.6129633,216.76378,0.8166189
0.086719245,207.13345,0.7893986
0.06813055,209.03839,0.88082397
0.0812262,216.65639,0.6517861
0.23012474,207.52605,0.970886
0.3653255,182.013,0.5696329
0.2633511,159.28526,0.68937516
0.89627206,188.68619,0.94672066
0.62854314,186.32681,0.9140891
0.46972328,182.03445,0.62897485
0.6486313,217.14163,0.6667275
0.84574527,205.15353,0.67315304
0.725319,139.81776,0.8922637
0.21106341,209.01622,0.83921796
0.6304771,115.19675,0.92436135
0.018781245,136.17395,0.6013557
0.59223104,229.7186,0.87607086
0.61478806,187.22816,0.5190607
0.7354982,128.47244,0.60172415
0.12008837,199.94809,0.9668279
0.17759812,208.79091,0.89757824
0.5042628,194.2404,0.60897845
0.43827266,172.61287,0.5736628
0.23282486,112.43629,0.54457504
0.39836335,210.00525,0.725792
0.8462135,56.1748,0.801547
0.002586931,121.0617,0.7092761
0.6352793,159.74832,0.7885002
0.7934436,199.22325,0.5816771
0.17009461,134.85097,0.8845638
0.91630876,203.79851,0.8938064
0.85724866,59.79793,0.95267797
0.6789035,235.90388,0.6746737
0.9083389,198.03368,0.6644288
0.3673789,112.79826,0.53006995
0.1292015,95.43421,0.65250283
0.35781404,108.700195,0.811661
0.29524937,225.00584,0.80273443
0.7859198,185.76848,0.87950486
0.36711273,131.43698,0.8212671
0.798251,156.116,0.8742227
0.4111458,199.37119,0.71095985
0.041353256,209.41502,0.78877914
0.7520037,110.10518,0.926751
0.100655794,148.59981,0.60087067
0.5835954,200.96698,0.660695
0.68140405,236.21992,0.5818922
0.41693583,61.5097,0.5552935
0.10924518,63.293858,0.9383819
0.50759095,188.31467,0.9043853
0.6125224,91.92124,0.50772935
0.62432164,195.51068,0.54587305
0.9191556,181.01656,0.9510765
0.2532717,180.37361,0.8233671
0.30871192,152.32123,0.9612032
0.3973776,214.57747,0.7928562
0.52755487,84.04194,0.67987484
0.052727193,62.950394,0.96854913
0.47932425,82.36023,0.9482057
0.60498023,191.10591,0.98518825
0.86130285,132.91985,0.96592295
0.27733892,194.64442,0.9774851
0.5659733,218.80539,0.52969444
0.47616345,100.262215,0.9825321
0.5613288,97.5052,0.79521596
0.12491456,49.456455,0.7589896
0.2016953,171.54716,0.5577322
0.72094214,156.16728,0.71704245
0.43679965,199.3786,0.934115
0.277791,60.518288,0.86110413
0.8858812,149.92343,0.9533715
0.3709339,75.4997,0.86845285
0.941435,132.78639,0.8815875
0.12220287,207.11136,0.73359525
0.4582984,98.77909,0.9975555
0.123888016,174.78577,0.52067727
0.52894884,172.00569,0.9432322
0.23460057,152.713,0.85010636
0.42222622,108.45328,0.941206
0.5455859,95.74931,0.75259566
0.5513476,194.85234,0.84490895
-0.0018880963,70.41966,0.83984137
0.35393488,126.34728,0.9722911
0.40495324,187.21077,0.5651524
0.6615336,212.56317,0.93154156
0.9096898,42.430042,0.79524463
0.9290956,202.5993,0.8863921
0.58901125,96.98474,0.9828404
0.67203,209.27106,0.8618099
0.3830163,90.31521,0.8499074
0.12019244,117.80573,0.550711
0.5318038,194.04193,0.8087518
0.18859366,43.506798,0.83519185
0.9093294,22.148422,0.8808267
0.19520384,213.89622,0.73091435
0.5753191,191.3339,0.98152053
0.9197198,176.53899,0.923224
0.969782,2.3710399,0.8776879
0.9082327,199.39198,0.9377094
0.3511419,122.91844,0.7644466
0.8370614,187.32031,0.897377
0.25117177,190.48085,0.79107153
0.18080527,50.28312,0.5342581
0.4018046,230.37498,0.753453
0.7526735,199.25056,0.68078655
0.7999324,184.97322,0.69857067
0.6637702,138.44095,0.5827061
0.40551266,41.52952,0.73729897
0.028248578,119.35135,0.6539191
0.07330376,89.09295,0.8984434
0.0709534,55.398148,0.83051646
0.3072787,65.05793,0.5379933
0.5341405,107.97175,0.56470233
0.9544569,167.11632,0.9851819
0.5722842,47.788563,0.96695006
0.17631435,155.36188,0.5576419
0.18072218,43.91597,0.9740703
0.53322005,210.61205,0.9880637
0.8708576,162.32216,0.7920841
0.30626333,88.857574,0.62001854
0.06626168,162.99391,0.75990033
0.76950216,166.61812,0.8897865
0.6371684,183.3853,0.5221668
0.56915516,175.12689,0.94489926
0.5624529,148.00067,0.6822579
0.7990476,142.53288,0.9004605
0.42205244,93.376236,0.731691
0.56422645,71.42738,0.594644
0.33641577,62.336758,0.50797045
0.4155994,91.04406,0.7351233
0.12971723,176.7415,0.8895458
0.44283155,54.27249,0.5540988
0.7889247,165.07326,0.8046553
0.53339696,41.740623,0.59532565
0.6475005,138.10988,0.6940253
0.40713176,206.79413,0.7974406
0.5847919,136.86867,0.98620665
0.24931273,98.86823,0.92099524
0.3089325,164.98665,0.83021474
0.61416435,115.151665,0.69515896
0.532128,181.65944,0.9480996
0.71447504,114.08798,0.6867875
0.6073871,197.49681,0.589144
0.85877705,131.33794,0.6972652
0.23311445,52.6658,0.9473236
0.83567655,153.25778,0.5163179
0.23671845,157.57281,0.5673972
0.8228055,28.149775,0.54527324
0.16322723,123.64859,0.64261615
0.2946884,38.79829,0.58459723
0.13425419,175.04388,0.73934484
0.63592,125.180305,0.56764877
0.8330472,68.253784,0.8040582
0.0953123,105.93575,0.9454954
0.28395766,139.62311,0.7888595
0.6422812,185.3156,0.64122623
0.46978378,63.999477,0.526381
0.29260558,223.2751,0.5781222
0.2465223,166.58003,0.5093696
0.70154697,29.61248,0.7789169
0.33928233,147.0712,0.786469
0.38965613,153.36673,0.52586555
0.9740484,35.52949,0.8367356
0.53332824,95.552216,0.9186442
0.26420784,94.10673,0.9323512
0.5685013,68.84948,0.7751061
0.2029221,219.98398,0.7880466
0.06754908,209.54129,0.90699023
0.50245404,89.84595,0.7153373
0.7958081,202.69196,0.8776088
0.7289361,219.47662,0.7239761
0.92320055,210.88315,0.60837984
0.40121865,31.818583,0.55347586
0.69389397,76.90795,0.94343936
0.52445143,65.14252,0.5753326
0.3014359,132.89406,0.7490338
0.16199139,197.17616,0.8741946
0.9206331,114.926315,0.8339999
0.16942438,158.13965,0.53229827
0.40607384,164.168,0.5755955
0.60483915,219.05879,0.5106269
0.7565675,212.7642,0.6148104
0.80113816,129.62903,0.6811913
0.011752039,129.35518,0.5329338
0.7483586,72.3481,0.87875783
0.71485245,212.17876,0.59560144
0.32337642,44.477367,0.87356186
0.6142757,109.84542,0.5372866
0.9875591,65.338104,0.76008224
0.17462438,209.4923,0.9959829
0.48347998,215.51312,0.5070606
0.48517945,51.261063,0.74566114
0.72180265,186.07161,0.6783985
0.01631239,76.49002,0.50535464
0.34865773,176.31186,0.7696539
0.719072,41.84279,0.60378647
0.1095548,241.0033,0.98593915
0.7060354,216.16557,0.93013847
0.8430394,219.07126,0.6629102
0.43568137,208.5115,0.5210231
0.6491772,205.69829,0.5863048
0.84177476,26.14538,0.66773486
0.701281,88.8167,0.9382398
0.9370451,204.47095,0.7652676
0.34371772,223.13431,0.6942772
0.20223239,146.88054,0.8158554
0.027237505,171.63324,0.8665315
0.6692505,61.797928,0.98818374
0.84683514,148.08344,0.79247916
0.2797411,90.07265,0.5802426
0.25781545,102.20674,0.6365451
0.58251417,207.13474,0.56404966
0.71225333,199.52284,0.66375554
0.111985356,125.99533,0.91198516
0.016307533,97.09154,0.54181015
0.0144075155,68.5917,0.8602809
0.30499333,187.40836,0.9150237
0.21152243,187.44627,0.5652802
0.49870333,75.10451,0.57869196
0.78250533,135.15909,0.8450252
0.069343746,167.7087,0.6385123
0.58305633,208.76518,0.64617944
0.12376729,42.128353,0.6359271
0.59778833,155.72781,0.800508
0.778608,146.08168,0.9922389
0.6711624,33.514893,0.88407713
0.87307966,152.47382,0.67477006
0.619325,112.5398,0.83018136
0.9305146,132.3329,0.80834424
0.060765743,45.164738,0.84303653
0.076735675,229.67072,0.960886
0.9112921,182.07294,0.6507865
0.40394968,48.837475,0.78157616
0.16072214,211.17598,0.5578356
0.7330227,159.97743,0.5752444
0.48964593,119.049736,0.61177367
0.80444,65.18562,0.78755766
0.7417922,194.24072,0.75946856
0.37107462,216.71799,0.93482363
0.26119,175.86406,0.8573823
0.37833285,207.81364,0.7860671
0.55658144,44.72947,0.5341942
0.24599046,25.437103,0.77393085
0.67271304,196.52882,0.57101727
0.55704105,75.022484,0.9649787
0.33872357,208.37604,0.7473947
0.6011938,80.41247,0.7230848
0.9025078,181.8065,0.94291455
0.07678658,64.90583,0.5280646
0.81290543,165.93694,0.7963907
0.5260202,177.36838,0.98176754
0.74811304,190.75327,0.8773022
0.46917516,51.34183,0.7379974
0.9912591,67.02553,0.83229774
0.57282025,221.83319,0.555245
0.484628,28.440155,0.57074434
0.030537605,89.9859,0.8937812
0.42072532,173.1925,0.98211855
0.6025367,79.88673,0.8737116
0.18811598,179.19838,0.6534102
0.85359055,55.531227,0.58288914
0.8379182,72.70368,0.6996231
0.68659806,165.29816,0.81283027
0.53700143,119.69506,0.58903384
0.28262058,173.31738,0.8827412
0.37903863,225.81255,0.7914725
0.29952794,92.698166,0.755456
0.60628116,53.985683,0.70587474
0.037478685,54.252975,0.6406437
0.061304122,237.54204,0.63028824
0.6865423,223.62457,0.7180087
0.47106755,191.13939,0.7118871
0.6576448,88.115166,0.5701905
0.6436218,139.88002,0.7228034
0.54104626,89.151794,0.5870108
0.9710672,41.407677,0.5998734
0.21769026,152.07857,0.5625751
0.6247316,199.29466,0.88990784
0.82834256,130.54045,0.9274092
0.2252115,104.78823,0.67341584
0.8393812,203.30066,0.9425246
0.54566246,168.81181,0.8479135
0.66991144,172.14606,0.73174524
0.78458774,110.35892,0.91617453
0.42735052,178.34157,0.6718217
0.61254,34.174576,0.96331906
0.11254072,55.148716,0.52590823
-0.0012598038,140.41907,0.7376656
0.89690804,214.9214,0.7145402
0.38937616,92.217316,0.9431027
0.70960945,142.35402,0.5150161
0.6635942,225.47527,0.80152357
0.32924104,139.4709,0.5886909
0.19595012,32.708485,0.7338961
0.1421105,160.51674,0.6987966
0.536665,114.565125,0.64162886
0.58987707,231.65685,0.6511297
0.0039010346,71.35012,0.87592167
0.23935336,86.458984,0.7210176
0.68938136,37.470806,0.9508898
0.33218372,232.87994,0.5088758
0.8507041,177.39093,0.6348727
0.35912687,143.38583,0.57009363
0.15863928,62.44938,0.512163
0.2165646,141.33292,0.5139445
0.59419155,75.02084,0.86186755
0.67060816,161.64253,0.62921846
0.013854176,151.51144,0.91849095
0.49441507,122.71452,0.8818638
0.18142718,188.93938,0.9329215
0.4427973,195.98207,0.8987528
-0.008931935,218.64278,0.9127966
0.05301833,30.933857,0.97781235
0.84523153,173.0114,0.97171414
0.8650485,206.97467,0.7887918
0.75417435,157.51758,0.54018825
0.9222636,144.2537,0.67129445
0.55485463,95.716675,0.6773199
0.40967733,203.7893,0.8163179
0.32992208,128.7066,0.5987944
0.935062,180.56146,0.6295353
0.98493993,34.590275,0.79561996
0.9542378,183.37024,0.83306545
0.3605786,80.439606,0.66731465
0.3369027,148.70813,0.52662337
0.7138897,42.435944,0.90423423
0.10074401,48.40728,0.97966355
0.8701439,170.05139,0.9911591
0.27686432,131.01758,0.7861432
0.078528464,172.1379,0.61494756
0.37594202,112.247574,0.86936855
0.2523722,223.10875,0.6558886
0.7676126,162.11732,0.5049806
0.5576279,231.19772,0.7875004
0.6577208,212.8395,0.6951015
0.8345392,186.28363,0.6144117
0.13818651,185.03185,0.7909408
0.82377774,180.23477,0.9140128
0.51464003,44.95564,0.84981424
-0.028009117,215.1085,0.7434392
0.87046653,163.42432,0.5374442
0.9534856,117.44352,0.9247407
0.7504972,37.170147,0.7718165
0.7203924,96.537285,0.70518166
0.4957736,166.08804,0.68489414
0.046593845,88.85657,0.83460516
0.53710115,221.29863,0.8330201
0.09631577,108.94898,0.8070824
0.9489372,157.48868,0.5391067
0.11491281,223.83046,0.9041394
0.2348305,191.32611,0.9892573
0.19415703,30.404888,0.56868315
0.4341364,167.09137,0.97205937
0.57629704,80.14629,0.60098594
0.20694464,194.05682,0.85077786
0.7949089,208.91365,0.7635592
0.22786048,38.56798,0.9773991
0.90725124,140.77051,0.56594574
0.45324868,32.504353,0.8348652
0.06588796,70.099724,0.8646004
0.601387,36.57554,0.7861762
0.37529847,92.9828,0.6770333
0.6664304,25.996578,0.98207426
0.2646892,96.99059,0.8238198
0.26714778,215.30846,0.72089154
0.03187701,137.03252,0.95367783
0.6750139,189.3014,0.49934945
0.5274942,191.42856,0.56259
0.37968078,214.12924,0.5122718
0.5023089,204.89413,0.7774135
0.28568223,190.56013,0.9459981
0.40483645,112.095116,0.70036846
0.19517043,47.51412,0.5738258
0.08545488,70.77302,0.53343475
0.34946823,166.60455,0.54855067
0.43935117,219.81049,0.5362162
0.43913543,46.213326,0.6102683
0.8742403,153.03073,0.5022572
0.46542686,30.53452,0.62872964
0.63892317,121.18861,0.7749808
0.7302322,228.86188,0.8108334
0.58613825,135.98387,0.8321034
0.58467585,194.79211,0.87990904
0.38494766,198.97562,0.7021413
0.68686175,184.75304,0.7425226
0.54093474,208.51155,0.786917
0.69898176,177.1724,0.71317637
0.15579286,30.409485,0.9601973
0.22319725,32.53713,0.5802418
0.25106442,48.45867,0.9066907
0.4253329,36.300266,0.8213161
0.67545575,153.08638,0.7120675
0.63160187,201.74153,0.91285074
0.53041625,100.39439,0.5239901
0.4380406,55.072613,0.6961538
0.12040046,130.65501,0.5651184
0.3884173,185.88222,0.8243674
0.5592516,167.70122,0.5972037
0.6619357,185.98912,0.7883605
0.16932839,177.00893,0.661069
0.1572412,205.16856,0.55838794
0.8758997,67.83197,0.8366236
0.26213562,190.17961,0.9347899
0.46671134,88.74171,0.8158829
0.96127427,153.41873,0.67323995
0.17914811,209.28767,0.61233723
0.37368146,38.611397,0.82926154
0.6109823,135.88359,0.7286768
0.5507766,39.13169,0.72225606
0.5326276,157.20715,0.9350877
0.22237849,40.532825,0.9552921
0.6002597,100.813446,0.5107171
0.21947765,178.41249,0.89719945
0.8127961,183.42255,0.93673587
0.053269625,162.81726,0.8989537
0.70702416,162.31082,0.7809634
0.35867614,44.71906,0.7222341
0.7103355,70.54743,0.7483636
0.25151017,55.419403,0.8707969
0.6888356,171.10484,0.853129
0.296011,122.38626,0.84909415
0.48081955,227.89322,0.64524734
0.8646933,206.4748,0.80449057
0.27909797,90.659485,0.5755893
0.85889196,84.870964,0.5322601
0.6729611,127.048,0.93333614
0.57488304,95.78106,0.97867274
0.22801274,211.09056,0.92121744
0.9147581,191.81696,0.9097568
0.11493164,51.18305,0.76239824
0.053312212,56.821568,0.8923389
0.6720978,182.98975,0.5762863
0.40513444,106.93067,0.9721695
0.58775693,103.06534,0.88470376
0.5079488,69.94335,0.82073367
0.41930792,156.51244,0.64370364
0.86273086,175.9307,0.9943408
0.61849666,77.273445,0.5831084
0.19339234,200.91583,0.8812219
0.59802574,174.38611,0.7797458
0.1995579,108.019966,0.9572158
0.2831245,99.83841,0.7896234
0.27270585,206.01302,0.70487446
0.63708925,188.11652,0.60534716
0.056623697,154.49493,0.52193075
0.9578171,45.22016,0.53299344
0.07723504,44.086395,0.6768661
0.27919483,174.93887,0.8245738
0.40507394,150.89487,0.5196504
0.48865098,146.87105,0.96538514
0.3599651,155.75388,0.61694336
0.06359327,31.09505,0.65840936
0.71554506,172.72949,0.98793674
0.4901399,167.03926,0.7855357
0.8916992,204.72313,0.9323099
0.079713374,34.63295,0.9315444
0.21503225,187.83022,0.77222735
0.60364693,217.42555,0.6431963
0.4244913,181.96017,0.54423654
0.39193588,67.94894,0.90890276
0.6629102,37.096447,0.8982379
0.34410134,136.807,0.6241164
0.6478164,77.332855,0.62796783
0.49443212,112.007965,0.87525827
0.45596367,119.24222,0.57906127
0.31792468,172.58397,0.89415395
0.5161284,141.3612,0.926759
0.18591654,107.60957,0.7836446
0.08846882,34.965736,0.8131207
0.70061463,48.08155,0.921242
0.8663428,225.29756,0.7955272
0.8983384,175.04897,0.5940805
0.10829532,45.55734,0.87058437
0.6076469,49.63526,0.5681059
0.36807892,200.7237,0.52730805
0.5933748,207.08922,0.5607814
0.68263793,199.82727,0.795325
0.18860051,164.67627,0.60305846
0.29108748,63.539124,0.61068296
0.54123205,167.99765,0.7269479
0.13420159,52.918182,0.95745003
0.9496902,79.22021,0.7044534
0.8523644,111.1399,0.780568
0.651835,87.80377,0.8858588
0.68797344,150.26248,0.876305
0.6996304,175.02898,0.7634777
0.32498902,225.54945,0.58719885
0.30718392,99.374596,0.8369589
0.8759534,152.94989,0.98165345
0.29307854,167.98972,0.98633575
0.21349922,41.99773,0.96417785
0.6603975,241.88373,0.80851626
0.47171384,195.2522,0.7779546
0.09723842,70.47214,0.72571784
0.7146477,182.1809,0.5208292
0.28586838,94.801704,0.526126
0.39869416,197.85861,0.8487785
0.2658115,196.40372,0.6681107
0.75150454,227.61578,0.63172686
0.76185554,217.0091,0.75675696
0.77436006,189.68619,0.66644144
0.8902324,191.10246,0.9941788
0.72522116,131.10716,0.7257234
0.74043983,76.94078,0.642087
0.9143283,151.9546,0.6272658
0.35075268,47.434822,0.5019616
0.6320375,196.19547,0.81781495
0.66643655,157.15736,0.596178
0.48929712,91.44824,0.5866942
0.6609457,151.31581,0.8431568
0.6194796,88.151924,0.75140274
0.84981036,189.92822,0.77576506
0.39124912,239.71413,0.6170959
0.5903133,221.15573,0.79811907
0.88094556,107.03917,0.5530049
0.47508097,152.49,0.85144705
0.028110206,83.6596,0.76353145
0.10240391,193.75531,0.5428455
0.4029382,173.00658,0.7074948
0.7129686,86.92044,0.992764
0.5708851,191.46591,0.7971828
0.5099716,78.104935,0.85694206
0.526901,184.97826,0.56427956
0.72434783,63.362053,0.88011014
0.62707,211.85945,0.55742246
0.16862208,100.3565,0.7926366
0.11705297,38.60473,0.91374713
0.46455434,168.3071,0.8913535
0.561644,204.66986,0.72564
0.5818388,180.1132,0.8995152
0.46900642,74.336914,0.80526745
0.13497287,107.459366,0.8352035
0.815019,188.52113,0.94518614
0.8441223,172.67249,0.65823114
0.7776142,185.1926,0.73010975
0.026991874,54.296093,0.5547479
0.35224378,154.03891,0.51482356
0.32702744,216.3845,0.55550545
