113.525505
201.0043
219.7374
150.5013
141.82417
86.64168
184.61789
122.66278
83.0917
111.864815
218.07445
183.69994
215.05774
208.32285
186.06993
127.75135
172.09213
211.04099
88.536255
25.811766
73.99789
34.43352
178.417
240.5182
213.63986
155.62376
108.46449
103.51673
73.442
156.43648
123.60966
137.27415
149.77899
185.60583
90.12103
201.54526
28.060385
107.459854
159.76999
63.05195
210.20787
128.1697
77.41729
170.48482
179.74266
210.11226
119.004974
85.658806
49.426632
76.67975
62.86194
96.06928
73.484886
180.81674
109.199104
163.84657
140.79625
60.027023
214.87968
66.21974
94.00623
70.50206
203.41762
199.9529
40.989487
220.40111
210.30861
216.5567
187.85541
201.11986
93.66323
177.23547
115.678825
39.49235
162.18289
71.40112
200.24706
179.38808
226.26796
52.225906
136.41011
139.39948
110.274284
110.17277
73.54142
108.24037
41.909534
125.916885
29.731949
174.09747
175.52644
72.12133
206.20535
137.27164
43.46372
177.3076
119.3683
102.34067
111.42569
142.53548
38.893272
147.95016
131.61655
188.09055
190.47696
157.25728
179.2417
150.49066
173.52864
118.19516
112.11714
57.59932
36.62802
65.178375
93.213196
57.996162
61.29777
71.39682
214.74883
143.31277
204.32022
120.27384
49.50839
27.54444
166.60463
48.321396
127.53979
210.32361
150.1494
58.874935
177.42792
198.86707
53.600033
187.58875
82.71187
201.80234
81.59486
214.5334
144.40656
186.01712
57.487602
227.6096
209.15875
88.28522
200.57568
192.74876
225.07889
174.61967
208.19714
200.63983
132.30223
33.012646
88.44838
64.14793
116.32778
189.36797
54.051746
34.29225
98.795296
209.41722
36.834972
227.03108
177.01068
188.22113
158.71901
216.27515
46.320316
33.64231
57.8603
203.805
102.85017
131.87836
111.58337
47.5577
174.81091
114.41773
47.210655
114.78123
228.2097
65.43048
147.23239
184.6367
42.319195
142.51099
49.221058
83.247185
51.299297
166.09471
187.96243
50.456703
197.53963
121.23449
91.29585
203.3649
52.4748
211.05873
35.11921
202.19133
217.42061
78.926414
223.19194
148.34023
52.597885
111.29919
189.0143
171.1294
116.16218
87.281105
129.62424
49.468536
55.299248
143.07202
220.37186
122.2289
102.312805
173.16171
167.6598
222.45258
217.28622
206.92766
216.38379
150.3989
176.5176
37.7225
81.18378
157.82973
217.38536
202.85371
142.39616
82.92652
42.208168
159.83507
190.88477
210.07166
204.78331
101.84232
170.90152
27.485872
118.67615
47.157017
32.950256
216.42871
101.599525
156.38434
87.02707
188.98816
87.10635
210.7511
66.059044
211.47647
158.21608
186.7441
61.696785
81.022064
47.19957
173.76071
64.038864
97.398575
174.23569
183.4271
221.14896
186.7234
97.665695
190.09404
162.26274
94.040344
215.94717
94.10143
171.35193
116.334694
61.65558
84.22609
128.7478
93.4995
86.53279
46.946205
63.22133
216.33553
150.9731
191.58652
178.32214
158.3554
186.8648
189.62157
104.34769
38.052467
84.12034
179.1487
220.73802
167.1376
183.58682
32.757587
210.16083
201.21812
61.2415
174.55135
214.50562
112.6184
152.76765
218.39133
151.9955
145.71448
156.43925
172.94365
137.84123
122.731804
108.38977
133.89218
216.63843
40.994183
222.32353
202.9688
93.93054
65.50576
170.22705
209.0943
141.8433
137.68634
213.33557
152.29541
217.81071
159.68718
156.16866
177.27763
115.42198
146.6068
101.59893
121.71404
89.68993
51.834724
112.77545
206.19193
164.90381
65.39257
116.64369
58.38006
195.6733
180.83281
191.18173
118.80612
147.40822
194.21075
201.79082
168.89397
144.91893
119.77229
177.87952
113.5819
34.8743
68.014915
163.13103
167.38194
204.50304
110.02044
201.5398
109.91032
96.52137
112.22203
204.96976
223.96742
75.43385
159.47519
96.87014
132.724
191.26086
108.53435
100.17476
146.62233
39.513264
214.48322
193.00285
216.36537
125.23967
211.51146
123.90377
42.202633
34.888733
104.05262
198.05301
38.42681
109.81422
134.61554
159.8508
153.80309
85.80033
60.118774
156.49385
163.29506
108.589355
214.73459
203.1058
234.12302
115.172905
20.810598
214.10007
189.83565
176.81102
225.03534
80.89253
109.95219
136.97897
117.820465
175.5232
35.559612
175.09273
59.199203
151.06142
58.539917
216.53456
107.685036
90.96637
56.410748
140.30783
115.54558
56.7198
160.29733
91.811935
84.85546
144.55573
189.11258
78.10346
211.64984
202.3971
131.58792
121.99828
85.2956
214.54897
40.917675
212.96075
111.25691
211.28795
211.0247
103.40462
116.29124
35.172527
214.5701
195.70445
77.4317
180.15164
183.05531
141.42729
165.91197
70.67369
227.73814
190.5414
187.45212
71.692184
145.43852
135.55922
123.08859
30.138748
45.184185
225.97705
38.65577
190.01634
136.89645
125.095116
203.28166
184.84303
184.3295
58.18935
179.39383
235.09604
61.796227
67.468025
84.15427
27.08761
180.14429
105.19162
64.29016
153.05048
109.88488
184.00836
35.455208
217.45532
77.90345
192.59018
189.93379
52.01072
220.47452
170.92899
85.129906
64.82647
110.41599
137.22581
35.571728
209.40417
215.63747
135.79002
43.201317
40.11613
89.82766
94.46387
211.20525
77.72323
185.27182
169.54965
158.23166
211.85945
176.84386
124.7907
170.30255
28.607895
159.0332
224.85254
220.99406
207.49553
117.30992
195.8722
33.133522
40.6278
30.494415
62.676155
190.67587
174.99342
205.13396
160.71994
189.54701
42.49022
191.11546
181.08504
211.30568
134.00787
65.076485
185.9697
226.11336
82.76954
129.3908
221.12384
133.88765
192.81583
204.56697
103.29763
79.08062
198.36755
125.916885
198.64047
92.98639
185.83868
68.543816
52.771736
196.9326
119.064095
180.21909
114.27147
60.45604
152.08104
136.39583
134.46085
213.81815
124.203835
59.25766
166.8812
64.895065
127.64744
91.048584
213.31516
198.5568
123.54469
60.975784
33.11862
217.91388
110.8883
162.29933
220.1033
86.94145
151.88654
91.88047
198.59708
69.51725
152.59924
67.96579
209.51646
178.16559
162.86142
209.03923
202.38652
208.73476
93.928535
64.372314
130.44775
136.9137
218.00748
186.24666
149.70354
106.40982
45.164738
180.67264
134.22194
65.76919
142.83838
139.54997
195.86063
185.8487
181.2986
68.399826
147.83957
122.76551
88.178314
82.1811
209.19127
167.57584
215.54088
99.32353
195.26616
105.669495
199.06102
190.76953
147.59998
137.00597
177.79597
81.79536
111.812645
164.5498
162.56883
86.50142
198.94841
76.87139
230.46606
72.79694
142.37894
129.91885
102.25923
207.60777
30.78372
147.2876
192.23816
186.70744
108.47791
111.40681
200.28998
66.26027
104.3814
197.67659
180.93185
66.62662
199.29698
188.10338
217.34366
141.90443
54.855812
88.34365
31.625643
63.424095
190.75899
180.95438
150.1626
41.844177
142.25075
205.68246
145.09409
131.02344
132.67677
61.88709
223.93878
44.538055
31.462626
158.01634
177.17937
221.5557
158.39897
217.25505
189.02625
35.25581
82.894966
89.2365
46.341698
127.56369
204.85559
137.40544
215.16016
211.13863
75.52541
223.02274
102.37266
55.121582
191.0812
155.31013
220.05444
214.9972
168.74443
190.13951
191.75153
228.90572
199.17253
127.71976
180.86893
92.65721
195.86333
145.78212
64.3602
79.81415
40.60209
134.93423
189.02165
95.1534
63.38762
169.52739
183.89458
139.03484
119.373215
172.26898
149.26526
169.00793
150.96925
155.43959
107.65094
101.23015
182.23303
66.20597
212.36378
207.73125
225.279
107.64282
186.89128
219.08672
104.830925
204.69135
165.71028
84.70354
217.67381
211.06119
141.87404
94.24308
217.36784
205.9733
142.18459
182.31517
237.91594
106.599464
233.32196
106.875084
209.80893
232.6741
63.893795
152.02504
94.27461
60.085926
201.46245
164.10843
151.29376
83.18722
212.30615
182.65645
166.05826
139.14665
173.32217
107.64043
180.57097
34.989147
170.11198
29.359894
159.56198
202.36646
68.098
155.39111
93.45109
33.44107
174.60587
33.970043
27.30426
230.11705
200.31398
59.924267
41.84895
220.76076
229.92667
62.115505
77.96294
99.70349
173.46915
206.75002
34.678
225.5821
67.9767
129.5726
156.27188
31.355896
160.8251
65.450035
190.87103
64.3842
192.50177
133.56471
106.28091
107.44561
84.59841
215.99849
97.63268
162.2139
234.3476
175.43802
147.88081
62.836266
218.78607
111.01306
213.70198
233.02008
209.60446
151.84398
91.82782
159.65227
197.82997
44.439594
200.0572
159.05989
165.80753
59.16996
172.7854
82.00972
173.91125
131.92621
103.27033
40.87884
148.97092
38.697624
173.08281
165.67729
200.09561
162.46852
189.2293
67.38492
112.55281
31.177954
82.39358
114.85549
226.58748
150.82729
122.88352
196.64946
199.33122
208.30861
47.913322
145.61014
151.40942
151.97615
26.78242
68.95059
93.82479
230.56493
169.01353
172.53873
232.57751
78.68583
43.14118
137.23126
174.50713
123.85326
212.7993
83.06843
49.002407
78.130905
195.45042
58.514038
73.545334
188.66742
210.07086
169.99347
73.69226
208.37494
154.24622
37.516773
79.34601
212.8678
185.46307
178.75058
78.00282
50.888737
98.44274
192.94612
72.307526
176.8899
222.57385
218.43175
204.97644
210.69379
58.87052
132.29044
172.53098
88.474785
195.6092
169.12808
211.76877
172.60555
231.57352
138.24072
103.57944
49.182175
197.67853
86.0273
61.873123
132.86615
205.15115
179.03598
106.191956
183.13016
209.8303
217.63004
147.3654
207.57892
158.60048
34.10372
205.60074
72.010315
35.287907
177.16942
136.62898
165.39537
152.11188
67.55463
160.8106
123.15988
56.956154
215.74606
166.56093
212.41983
32.249096
57.237003
151.95757
201.37228
207.78943
225.9098
130.85405
175.1737
157.1999
48.890232
99.613464
43.185394
77.892105
133.52702
85.84701
240.0759
212.18301
61.728695
136.69362
47.614918
144.66335
201.33305
157.3526
113.16111
212.88583
152.58003
185.69493
190.42928
197.75513
169.61317
59.196487
176.14072
155.32748
186.74843
183.3155
215.3281
132.64409
159.78558
217.97746
81.96983
230.68329
200.00964
202.9672
143.81688
35.904892
211.53421
193.5745
163.77281
183.40898
73.112885
148.81842
105.501976
68.82342
189.70595
157.22383
134.79585
167.2934
194.2398
213.43517
158.00124
147.51358
165.19232
92.872086
193.87444
128.93634
214.35413
205.34346
63.04973
106.356606
164.07251
29.079662
183.401
89.522736
143.742
58.56548
167.28555
207.2707
80.19668
199.29965
204.5099
45.046284
115.70924
218.6808
156.21164
228.22032
189.33565
117.01208
191.95697
41.45045
211.73747
232.1099
106.03987
239.94478
180.65105
189.34453
144.26892
181.50806
218.05461
206.55911
153.47215
99.78179
178.11893
36.39916
175.98453
213.61343
30.343931
196.48648
199.51724
119.56662
219.87259
59.65964
171.05064
64.85266
116.177704
204.90686
184.04453
97.356766
52.49473
228.6048
205.61426
97.32547
33.07018
135.7601
130.27289
70.66685
53.568676
207.98038
89.39781
210.14468
160.91908
141.72906
108.25083
54.87844
85.63576
193.6078
165.9555
219.3844
119.00577
188.33488
97.34191
72.68975
40.512726
117.052734
202.14937
73.28634
209.28111
164.41434
52.18334
191.18166
191.90718
176.53084
198.91359
159.44289
161.01086
206.71153
192.12671
205.66777
200.4445
202.19714
52.296455
169.25894
104.34793
105.12458
192.07675
165.77298
100.36123
129.00963
85.19507
86.92999
197.82578
135.71645
37.924007
161.96112
95.569664
206.64253
165.8278
64.85527
107.17521
228.16731
86.995316
108.60429
53.364166
195.80063
191.1564
165.14458
196.2903
190.22935
166.41187
222.24023
105.49933
166.37703
85.984344
142.00774
184.16496
201.14888
128.60252
113.93772
216.11206
57.586662
222.25664
66.82609
210.958
28.65349
122.72984
27.961765
33.849056
184.50908
187.64285
49.558636
189.39696
67.99787
95.314575
71.759056
82.74243
73.99465
77.81237
81.12373
98.106445
53.842823
49.439716
190.39888
180.60225
203.2837
155.43729
106.504654
146.97786
199.7778
161.17542
68.667694
45.557106
77.48741
152.27498
150.70053
34.865112
48.816265
164.64325
177.59348
33.866055
60.220943
47.85972
138.04271
180.77051
198.1729
48.003025
167.05983
79.84529
93.505264
203.25287
99.219055
47.40738
200.59465
118.757706
133.56667
135.1662
150.08162
157.29373
184.41176
149.75417
30.951723
109.26094
219.50728
101.44429
227.0596
67.016205
204.90123
90.25444
35.447975
85.25637
111.940895
29.212524
98.094284
27.389957
179.30632
75.3215
141.07304
112.87966
49.343616
186.54282
185.28082
192.27097
126.779945
153.22804
115.970505
132.99034
146.50742
210.87671
184.7841
42.131287
200.79747
173.05255
187.22964
164.90384
196.53389
140.7425
91.76828
82.0085
61.173653
98.04244
157.9948
133.65616
120.22081
72.15207
79.49178
58.59999
40.98131
42.57267
25.96306
127.48129
212.86186
187.96767
66.72717
51.888264
83.45657
162.15903
173.68246
43.33893
198.60612
143.05002
187.69469
210.46358
158.34042
131.79494
133.46173
98.51059
179.99815
146.35237
120.61295
190.50632
49.021736
31.59484
79.265686
157.52875
191.76558
115.62233
96.28427
176.20822
35.875805
104.15193
166.8262
54.96929
184.70259
156.59914
161.39287
185.70801
52.89478
107.022385
57.594223
151.62617
225.38438
35.11134
148.45224
229.07271
233.95818
216.69632
192.10484
147.3868
226.00362
50.059963
128.3336
76.09078
193.85083
96.60907
173.47527
118.919174
107.62351
48.43956
121.35833
236.65286
58.579052
185.13913
208.37105
206.02815
140.47755
134.16614
150.87463
189.23907
83.41249
74.30906
132.36719
168.92438
113.67832
200.84117
211.95877
206.92549
168.76384
152.08472
174.75635
130.59616
69.71985
61.392357
211.55247
196.91206
96.180374
92.08671
195.55313
201.51639
139.94016
73.932945
76.10088
59.125557
203.89494
205.69783
92.14525
180.3617
118.59776
147.85316
156.0397
188.86163
121.89242
166.09142
52.965687
120.759384
33.201138
169.44765
212.64925
142.20958
142.55327
103.985176
87.88661
130.64682
82.53435
184.65547
170.39706
156.1115
117.298355
98.8712
186.02318
222.24275
146.94643
171.9818
198.42435
120.68971
216.40947
137.03638
208.87206
240.59082
217.48035
64.93788
163.48154
233.43285
212.02576
109.40181
52.80067
55.188587
163.11438
225.47668
192.13673
169.32375
220.70197
45.83451
94.87109
82.211716
178.0185
87.64618
85.87435
186.04639
48.629913
35.831566
155.65744
199.13179
194.91731
59.92256
27.25749
74.83407
178.52664
88.657036
216.49498
121.73152
214.02281
229.09023
200.32614
193.90999
93.92991
47.441616
225.19366
31.812857
59.302925
204.07883
202.02455
36.33729
91.743355
113.6753
56.31068
94.767654
227.6493
132.89256
87.48636
46.549007
170.04584
169.37856
35.811832
145.92648
117.52902
193.35435
33.191875
29.304926
152.84474
205.42249
166.4405
191.1344
110.28018
200.54663
107.68848
94.69358
122.045395
121.22463
226.39877
236.19107
216.19917
38.644283
231.55627
54.231712
105.816734
172.73367
82.047585
99.15253
61.315273
161.31064
183.50229
176.98741
210.14775
141.43625
41.987617
221.04935
44.57976
172.98401
200.94742
133.99815
157.02817
111.476166
66.44203
83.019035
94.24295
124.054405
163.4713
89.910736
214.94238
213.67043
169.00793
221.22562
82.32733
84.58644
93.32306
83.40577
189.01901
117.572266
57.891308
107.75124
107.38836
123.135185
74.35483
173.46475
64.76313
41.655937
83.94748
187.96907
52.940567
80.48076
86.388214
190.43796
115.00701
73.85542
153.98575
75.53028
69.739586
172.66982
212.60329
75.462494
79.4334
206.3807
151.79883
193.7217
209.3385
188.2268
186.77222
95.107704
54.252975
209.14388
119.74865
159.45206
208.00542
124.700386
182.78278
104.73574
204.87508
73.969536
90.880135
43.766502
182.22668
122.1721
181.2333
227.843
84.093506
183.38895
26.126778
209.55383
183.28003
188.37415
197.5131
225.66325
115.472275
212.05013
88.97863
185.07298
90.46452
41.7886
180.47148
36.6935
95.632126
44.862003
137.07805
204.34123
92.27801
227.8273
110.82709
56.23636
213.45128
43.70119
179.35136
61.354336
204.78233
93.184326
43.30672
213.71118
225.54958
235.28613
60.903233
199.48114
220.68967
152.56313
122.3109
75.74203
64.85372
63.355244
153.01788
223.392
77.79627
45.3044
210.55125
49.961292
68.68406
88.59499
78.82004
97.52008
146.5014
160.68768
230.45427
64.54539
133.16736
187.76973
211.46152
165.4924
64.796425
181.15887
222.70976
154.15033
179.54
173.67369
159.00073
96.40254
27.28142
115.01879
33.186466
173.13026
198.94095
60.422977
161.7879
55.82722
34.513634
30.202269
53.36871
207.17635
174.27814
54.28505
186.83028
106.61303
91.5926
155.07675
202.79156
152.32341
126.1397
60.007034
211.9067
102.89339
204.6414
138.78116
151.2108
163.39209
220.49037
185.3248
132.35536
218.98251
193.08652
93.20996
68.455925
186.19246
45.925907
87.98301
116.940285
85.9884
163.43616
35.628197
192.8088
94.54383
161.98279
44.214344
192.27214
166.65959
170.56213
55.96353
153.20485
33.74072
111.05949
220.17807
145.93053
197.24036
135.16972
49.96906
164.93797
149.09705
52.507248
117.777794
104.7302
117.19566
221.04439
37.632305
68.75422
100.52349
132.95004
63.871445
206.67526
74.76577
87.11633
90.86809
197.52
229.23686
141.96164
121.14254
106.87918
170.24133
66.81936
44.98348
63.893894
152.08936
216.1988
203.69931
207.36197
123.08859
189.88904
100.137314
168.37114
200.62433
149.27165
189.75232
178.68614
66.21524
111.12317
192.49698
219.18654
184.5332
99.615974
72.9559
79.06105
180.97952
48.003853
43.77132
185.51038
87.25849
176.87878
162.46852
119.32409
112.95627
183.81494
112.098335
205.63367
79.43506
172.72015
186.88667
143.68674
98.389885
65.69829
110.10518
95.53171
43.397892
64.69844
115.810295
200.32832
171.12555
214.90681
65.10905
203.14224
140.92085
208.65616
173.37314
136.67679
100.10643
166.25375
210.64993
155.55211
164.95392
138.67026
185.61105
165.94194
34.31144
201.80539
149.0409
96.16795
130.46187
199.86652
69.361404
173.36845
51.85176
65.73501
186.61684
144.00032
122.280426
155.46579
138.47928
206.80325
181.7744
222.2292
42.750477
193.17146
222.60515
192.22392
229.87839
33.179707
196.44734
34.69854
90.880516
25.285938
71.70306
145.99887
240.17773
126.824615
207.66768
79.99999
109.789536
89.040794
150.2492
142.6385
101.881546
84.485085
141.48752
141.83981
31.697206
200.26326
66.171486
191.25595
75.33569
173.32004
188.5245
148.58447
127.556305
64.73473
102.17831
28.337091
108.57832
81.16517
181.10555
183.19026
128.3336
40.72085
154.10257
75.2654
117.07281
30.656956
32.61494
204.66888
187.22203
200.34392
218.13258
173.98741
32.611263
216.09111
221.77466
206.00935
108.66229
206.9067
167.85272
216.15765
149.12964
57.18274
69.357414
146.66805
49.396755
45.597366
73.328094
180.8796
82.957436
158.86464
200.8834
239.19585
166.50331
183.91893
105.04901
90.23528
197.03058
209.1892
183.89061
192.20831
31.658955
141.37885
200.5729
199.26865
118.7708
209.1165
107.66086
171.32185
72.959625
204.45903
130.08711
227.50294
71.39469
56.46801
184.73145
50.517445
147.7422
140.58899
126.94682
193.94868
36.818188
97.64339
239.13602
154.97179
174.03539
146.92656
202.31714
100.046875
206.64578
98.86823
170.31892
69.61397
111.015785
61.009686
68.53785
212.72061
129.72342
78.81804
210.35585
177.6063
208.13615
200.37633
47.7935
43.37901
199.47948
80.673584
230.48427
58.734764
91.750206
184.66429
168.42113
142.76735
200.06953
213.82706
66.12196
83.78151
153.28502
128.20197
191.44666
132.43437
201.47163
171.87872
43.78363
224.2116
186.54683
215.35382
110.515
197.74832
191.24771
150.29057
157.75113
196.67409
87.197876
223.7924
173.6181
125.67921
190.48541
65.93555
182.38713
34.238663
164.05856
124.84836
208.3904
197.9749
205.99211
37.86336
31.098473
29.955503
133.56277
34.166355
181.62108
164.0058
162.28967
90.58869
28.30051
75.06702
189.82727
185.13258
63.089966
218.66342
230.09056
192.38722
184.46846
168.79083
107.83797
35.747707
196.05904
166.69487
195.42664
163.8819
159.11237
149.03459
183.5653
186.97337
41.28704
130.50975
44.752544
223.74976
116.32385
86.86502
202.81665
238.52492
160.87009
93.71416
154.14989
137.94778
91.79108
56.25399
72.821106
186.58466
55.745476
168.39513
162.32237
110.45359
195.50409
211.97873
143.63498
117.883675
71.72139
91.533516
125.18984
26.151812
52.044113
160.14462
119.86079
216.76378
207.13345
209.03839
216.65639
207.52605
182.013
159.28526
188.68619
186.32681
182.03445
217.14163
205.15353
139.81776
209.01622
115.19675
136.17395
229.7186
187.22816
128.47244
199.94809
208.79091
194.2404
172.61287
112.43629
210.00525
56.1748
121.0617
159.74832
199.22325
134.85097
203.79851
59.79793
235.90388
198.03368
112.79826
95.43421
108.700195
225.00584
185.76848
131.43698
156.116
199.37119
209.41502
110.10518
148.59981
200.96698
236.21992
61.5097
63.293858
188.31467
91.92124
195.51068
181.01656
180.37361
152.32123
214.57747
84.04194
62.950394
82.36023
191.10591
132.91985
194.64442
218.80539
100.262215
97.5052
49.456455
171.54716
156.16728
199.3786
60.518288
149.92343
75.4997
132.78639
207.11136
98.77909
174.78577
172.00569
152.713
108.45328
95.74931
194.85234
70.41966
126.34728
187.21077
212.56317
42.430042
202.5993
96.98474
209.27106
90.31521
117.80573
194.04193
43.506798
22.148422
213.89622
191.3339
176.53899
2.3710399
199.39198
122.91844
187.32031
190.48085
50.28312
230.37498
199.25056
184.97322
138.44095
41.52952
119.35135
89.09295
55.398148
65.05793
107.97175
167.11632
47.788563
155.36188
43.91597
210.61205
162.32216
88.857574
162.99391
166.61812
183.3853
175.12689
148.00067
142.53288
93.376236
71.42738
62.336758
91.04406
176.7415
54.27249
165.07326
41.740623
138.10988
206.79413
136.86867
98.86823
164.98665
115.151665
181.65944
114.08798
197.49681
131.33794
52.6658
153.25778
157.57281
28.149775
123.64859
38.79829
175.04388
125.180305
68.253784
105.93575
139.62311
185.3156
63.999477
223.2751
166.58003
29.61248
147.0712
153.36673
35.52949
95.552216
94.10673
68.84948
219.98398
209.54129
89.84595
202.69196
219.47662
210.88315
31.818583
76.90795
65.14252
132.89406
197.17616
114.926315
158.13965
164.168
219.05879
212.7642
129.62903
129.35518
72.3481
212.17876
44.477367
109.84542
65.338104
209.4923
215.51312
51.261063
186.07161
76.49002
176.31186
41.84279
241.0033
216.16557
219.07126
208.5115
205.69829
26.14538
88.8167
204.47095
223.13431
146.88054
171.63324
61.797928
148.08344
90.07265
102.20674
207.13474
199.52284
125.99533
97.09154
68.5917
187.40836
187.44627
75.10451
135.15909
167.7087
208.76518
42.128353
155.72781
146.08168
33.514893
152.47382
112.5398
132.3329
45.164738
229.67072
182.07294
48.837475
211.17598
159.97743
119.049736
65.18562
194.24072
216.71799
175.86406
207.81364
44.72947
25.437103
196.52882
75.022484
208.37604
80.41247
181.8065
64.90583
165.93694
177.36838
190.75327
51.34183
67.02553
221.83319
28.440155
89.9859
173.1925
79.88673
179.19838
55.531227
72.70368
165.29816
119.69506
173.31738
225.81255
92.698166
53.985683
54.252975
237.54204
223.62457
191.13939
88.115166
139.88002
89.151794
41.407677
152.07857
199.29466
130.54045
104.78823
203.30066
168.81181
172.14606
110.35892
178.34157
34.174576
55.148716
140.41907
214.9214
92.217316
142.35402
225.47527
139.4709
32.708485
160.51674
114.565125
231.65685
71.35012
86.458984
37.470806
232.87994
177.39093
143.38583
62.44938
141.33292
75.02084
161.64253
151.51144
122.71452
188.93938
195.98207
218.64278
30.933857
173.0114
206.97467
157.51758
144.2537
95.716675
203.7893
128.7066
180.56146
34.590275
183.37024
80.439606
148.70813
42.435944
48.40728
170.05139
131.01758
172.1379
112.247574
223.10875
162.11732
231.19772
212.8395
186.28363
185.03185
180.23477
44.95564
215.1085
163.42432
117.44352
37.170147
96.537285
166.08804
88.85657
221.29863
108.94898
157.48868
223.83046
191.32611
30.404888
167.09137
80.14629
194.05682
208.91365
38.56798
140.77051
32.504353
70.099724
36.57554
92.9828
25.996578
96.99059
215.30846
137.03252
189.3014
191.42856
214.12924
204.89413
190.56013
112.095116
47.51412
70.77302
166.60455
219.81049
46.213326
153.03073
30.53452
121.18861
228.86188
135.98387
194.79211
198.97562
184.75304
208.51155
177.1724
30.409485
32.53713
48.45867
36.300266
153.08638
201.74153
100.39439
55.072613
130.65501
185.88222
167.70122
185.98912
177.00893
205.16856
67.83197
190.17961
88.74171
153.41873
209.28767
38.611397
135.88359
39.13169
157.20715
40.532825
100.813446
178.41249
183.42255
162.81726
162.31082
44.71906
70.54743
55.419403
171.10484
122.38626
227.89322
206.4748
90.659485
84.870964
127.048
95.78106
211.09056
191.81696
51.18305
56.821568
182.98975
106.93067
103.06534
69.94335
156.51244
175.9307
77.273445
200.91583
174.38611
108.019966
99.83841
206.01302
188.11652
154.49493
45.22016
44.086395
174.93887
150.89487
146.87105
155.75388
31.09505
172.72949
167.03926
204.72313
34.63295
187.83022
217.42555
181.96017
67.94894
37.096447
136.807
77.332855
112.007965
119.24222
172.58397
141.3612
107.60957
34.965736
48.08155
225.29756
175.04897
45.55734
49.63526
200.7237
207.08922
199.82727
164.67627
63.539124
167.99765
52.918182
79.22021
111.1399
87.80377
150.26248
175.02898
225.54945
99.374596
152.94989
167.98972
41.99773
241.88373
195.2522
70.47214
182.1809
94.801704
197.85861
196.40372
227.61578
217.0091
189.68619
191.10246
131.10716
76.94078
151.9546
47.434822
196.19547
157.15736
91.44824
151.31581
88.151924
189.92822
239.71413
221.15573
107.03917
152.49
83.6596
193.75531
173.00658
86.92044
191.46591
78.104935
184.97826
63.362053
211.85945
100.3565
38.60473
168.3071
204.66986
180.1132
74.336914
107.459366
188.52113
172.67249
185.1926
54.296093
154.03891
216.3845
