114.56129032561164
170.75511394787713
183.59046184506806
150.36922679250003
137.60286706871963
86.8104432432668
162.0473061214105
125.90458620031113
82.8321494114872
123.16333147502132
220.6240186923101
182.3185241251799
207.55782358575973
196.86311757230916
184.27733895905004
125.2957677683663
184.33259796180675
187.39539882676942
93.46594384294634
25.710946811224808
77.72379616503717
35.45032172843802
141.47271562209468
235.0288096101907
203.39278203827686
127.60447343439002
116.52300787878956
114.2637714366732
70.97709010137932
139.52606240873814
142.66822820656716
136.544626160919
156.4317461399753
184.79107169970325
105.90933941332301
210.6937923628058
27.207245703662323
122.46334636676366
178.11777150734653
66.0645737270361
180.3442047084121
119.12891137299756
75.1922180898484
168.62751611577517
186.00618907148
188.59055387418087
133.0879684173594
129.31891212852392
51.54032064795978
90.74676469710711
68.95865504317457
95.5533059921492
100.75336709296563
160.7032315931897
124.20387572045384
156.29951157843448
136.74020073144598
48.453382520621226
202.3490892298259
64.49181112912385
98.04326232055243
73.3151795316137
183.61184067828557
210.3066595728203
39.78187592593446
204.34442989685894
179.33088971939452
198.90179959504914
192.69514613064484
186.20404456592448
96.7352579885197
145.85603094671313
121.19433889517164
39.48731801469424
133.64751333365265
72.4378666328206
205.91171028735045
177.26032112078659
215.6816599809559
48.0359707977987
141.63786676201073
140.05415176096423
106.02849176248745
95.3854744230279
77.8285861231142
109.24037918979593
44.24211737151655
129.63727599354792
31.997445586341478
151.01413737563595
168.8452966692534
71.32975934729305
211.01920105350348
122.20691530796955
42.668200834977725
172.00989779517542
139.76237556378499
100.74039341923392
110.29731780973752
145.13472885983325
38.175925156937545
149.73008762571234
142.76726729068872
168.83123578520835
192.78859001179097
146.33108771200503
191.71412690026546
128.42676323889492
174.70017602637017
122.29716660296906
119.48625293462135
59.19333859631956
35.37175238249783
66.64402355177974
93.77317381349944
58.21260059707342
58.58423899288106
75.71491913699518
218.29133980195235
144.7802391175716
190.76653626941203
125.51548903575394
54.15774177609642
27.60618532031862
185.0851202191469
50.30287109197592
125.33374190985766
212.24883293150566
159.78238265898082
62.75232101955044
185.33166218212557
193.8794400978372
52.22369431050325
176.6800125701513
85.80797141362905
189.12570622361918
78.94124479119594
202.06165287802736
158.06052497521395
190.02223816273826
55.449866263457466
198.99509503427456
191.4262501728141
84.48614128130548
188.34684783765113
184.05303847868993
207.791118335663
189.49101310241193
193.92762737470034
183.11301343924558
129.46027840690684
33.25789256213159
97.25940386892059
71.07442353668462
111.66101611479898
185.87944708662835
56.24935905348914
33.54564735975875
98.55067454679846
203.01232200182002
35.534255086447125
200.2586834030804
179.42945972615635
182.82292495309989
143.54449210314854
210.37953073806253
47.1623043172529
32.43589321039488
57.129097855377054
206.18812168767198
78.85624783579856
160.68927681629174
116.8262899486689
46.55115157319963
178.9106384024232
105.77591603127637
40.6687012060847
117.07343450990662
220.23370414424835
88.49657094207099
178.29236256873062
185.83685366298218
44.82963997569688
150.40943590585925
45.88501032850287
96.85025600984989
52.12644110507458
159.68871180634707
167.8596350561538
52.39772020479633
190.90965615176057
131.46444786253173
92.63929649282485
199.07670400530733
52.7870180128303
189.9762132230566
36.622370650576954
206.3563004741653
199.2732066011525
77.2404957913008
209.38331120873855
135.60354676902386
67.62093056225771
100.50387157495337
194.48124433106355
159.0274118537926
132.11774773932507
86.21911333327226
159.73360512591302
48.05110072360946
54.07298706591927
156.25640338741644
176.98167675721032
129.2010674066134
111.80310589576735
155.69796169902438
165.84917766768552
200.5674466884312
217.12264224869875
212.03964011510504
213.20206614464004
161.37328363490684
177.61228344397978
38.2146435090253
101.01900999151042
134.22520494723915
205.79902710328037
171.54592260674335
147.1977132039047
132.12920436073864
45.922535952087465
154.84037728636
184.23063213809186
219.70406571497253
204.4642281380638
100.43017119514607
164.11867944666542
26.85892251844358
109.85242897712864
45.53469634760332
37.59699110314045
197.89892818845414
100.64901192843006
162.68762542096647
92.7865743371884
200.25436056522506
76.76526080790569
188.9428435343996
63.56525841102683
212.60731223526355
129.87561692008447
152.21012954656837
61.38408711750214
83.56478374426337
46.77067785174587
169.56818047342043
57.00310927233983
99.86348527788489
180.73978962448803
180.5965717846336
201.69592243484362
175.0506190631235
113.14761846395619
149.8283654551819
198.4913797841816
90.58693063060184
211.79668877887687
100.56425173783349
169.53454344465578
121.29485173339783
60.29793880114622
107.38405160400313
135.15223583913476
90.01110156439341
81.587018861632
47.034835910081554
68.28904267720112
207.56826078388505
127.8744336161563
146.04487024198093
143.0280489151789
185.57072963290372
191.86072001171067
188.18771875726893
102.05744034099516
40.90424505992957
89.26210179346614
184.79739194409242
190.21496247033497
151.83152528618874
191.20419875466513
41.578765866791784
196.64623348206396
206.4619843349659
60.02014251927659
168.66003627815306
202.7791211901983
123.19745020727669
163.42005456668346
213.39595635178136
142.4708971017229
168.74155710208188
139.33023307856197
168.66131306355774
138.77434275346508
129.069189739283
106.6834465721099
120.91547858159376
210.8518066303336
41.316177638989835
217.00952777066752
195.15721748928843
106.9295062776591
67.38148212551071
165.59661144894528
201.00914572342452
139.74076456750484
152.20278756593774
215.3639249583175
177.7838965606407
211.4693693322283
118.47471147755628
171.84432049650354
175.64373824419368
121.57472780874426
135.4952941264363
110.75649231276299
124.42925489190127
97.85396882652142
53.78165173541761
115.01267764069482
211.65687108108867
175.29181774644223
62.93851257384569
124.77676971803287
57.83731660544232
175.58234969863435
181.23119400528185
176.28313487242625
122.32768415694814
115.86818626375373
192.45037433030674
196.76647659110137
149.74504153467709
141.35823773171487
117.6986911215458
179.05667604082703
129.98531403471682
35.408392841400726
70.5891378219857
164.0061720553123
187.0830442904018
191.36794008824327
104.6867808673345
200.22826057290172
123.5068493676144
101.14797883388653
136.09726695185697
198.61114539651666
210.55989384621614
88.10648792047692
168.9646960101136
91.32765131835852
142.25659008777626
196.7947859756278
107.81688963716944
93.63424479649794
145.65418985063732
40.044389300894935
189.5596458808215
182.51365134639315
189.17494462800045
136.25954832667415
196.84159005502053
120.32362136511172
46.91757071747835
37.99891433582391
124.51009646577107
198.98092545388522
35.0982145434479
116.82570757237055
139.84582075027123
144.87068179106322
142.44365835139126
82.06090066461014
52.80545425547182
152.267235700766
141.06169014060475
154.105835763473
187.27275432175492
204.65879940234493
228.68922915663188
124.72222191591106
34.410978497465905
203.4268907463336
200.07551293567266
203.7426489341632
220.5577203891224
87.0562311775264
141.23611853114213
133.92692362834788
118.60814138168566
180.61849331884358
37.84976345076518
180.12729047175827
56.910067525197825
136.45979961412343
60.11455255433734
209.35730970757828
98.76676171429325
91.43834302076436
53.96835038578643
148.5362035758427
133.9376991346068
57.46020807983583
173.87543154032304
88.03944338655758
87.05269923966902
135.80199555395987
186.6748544185973
73.58024618264298
194.62588348321265
212.1938661339136
174.02475353456038
120.99658200476733
81.25100970695895
216.25193063026842
39.770039464228674
200.97623294987912
117.05028273189704
204.78499754318764
200.51936797371934
124.79441641587658
107.83032348198262
36.234014352503245
212.60013603929895
196.79070864306613
93.86856045170619
154.3420628546029
180.41811844442273
141.19187314767225
149.75516516074245
73.31542666380612
200.50295836062253
203.24530051431216
204.92291846959998
73.2820576685868
148.33905172542126
132.3959764036037
150.4053876144037
37.30765864985499
48.51117981923423
201.96667284203497
47.92174832076141
171.20713237927328
136.51381603025519
118.40288181338535
203.81450100387403
191.53658460149833
172.84032095539362
60.50096539390789
186.88386293776566
223.57688677115422
62.82477223446058
75.20349858108248
81.38478690080709
28.282565901268484
195.886605420603
89.68380505331459
68.1964431452385
177.39178491656966
103.91788644950223
184.72523016313576
32.36674913671265
209.66641698854576
79.37902381105485
203.43900413186958
179.4522218059457
55.04302691248856
201.63327237974858
148.6728787434499
62.1200330244997
61.10150092268105
112.23163204230839
154.36240401985418
36.94306864218251
204.4554820886428
210.31314283146696
132.59519158437615
41.61337806140338
35.35133118505768
83.21219884637942
98.8155646987414
197.70545512640507
78.97382530878073
192.36034544972645
161.20173066970102
144.21183603109574
198.60780994970798
181.44505393305027
125.34149148428763
176.90064249265953
26.068637653209365
162.4543783753213
210.80049634220904
197.95083730026306
183.1223188320007
118.64880019780364
174.5950126372561
29.489053441910816
44.155868364315175
35.065354730496686
64.52235315164693
195.55182118561444
194.2052341015474
208.2184348047296
190.90402148265548
208.12960041017243
41.581429742995205
193.70124429422552
176.451204073807
195.40864310621134
131.16502840807607
65.68423057021185
189.4049338298362
211.30273333409744
79.77956220194125
137.16119142314741
188.99330646392883
142.57283403705677
171.98752293721788
192.88495255769254
117.1776874673468
83.664530361014
193.31175180303802
129.63727599354792
197.6223305245709
92.4167275106891
188.92510263970235
74.36063591705901
52.306576555376346
195.24735071368076
129.24311582845104
184.74136818351607
109.543079414104
56.77276113433161
152.58474304966362
143.65548249104484
147.79636492361897
207.58070023460496
134.1809954552056
71.69403597069847
150.15399192474626
63.77549786856432
138.69039816150277
94.90444115413014
198.48091350556473
179.5528494395572
148.16237426510537
63.16211275133699
31.535937035378197
205.79612265393757
111.82940241875632
175.00606713345945
225.05999629948474
88.3004490708532
143.68764704648416
80.52479253357654
202.49872573779385
71.94349001431465
138.17899959596753
66.64335899612395
196.36831696639337
195.66709113272717
130.21441187748414
170.99551785574468
195.8808899140226
182.55791500559891
84.7818704425499
78.30978569428589
116.2856291493216
124.62289038562486
220.73670471114147
199.90318372774257
138.03014355276608
180.4488783925263
50.990667654347995
184.51528729396603
150.90161366276683
79.58350191924258
142.16703291003026
146.59930272872694
197.6156453797113
177.5722510876266
176.59668371788246
85.61039041552634
161.1026990220623
132.8973393007354
86.10576996299602
84.9513864044769
198.08801389280308
167.1721721366031
215.79610981487488
158.79324658950523
189.34891145000896
101.50339365342703
188.33167558981458
183.2962754002139
153.23141221330783
138.40157822632884
194.90948640958433
89.80035407296899
131.01313795646848
160.75783115186795
171.67288550483602
82.09583520469717
209.5230034796419
88.44630895652935
224.20093266316854
69.72478637018368
147.63126107445487
160.4734506969
135.18424364975385
186.3409465492658
31.027338580131214
136.18222118660566
182.24295981926275
175.32315691869496
104.52172667238214
107.29404665766118
200.39795060293167
78.07323648387369
142.416330308378
182.3231886524249
179.37105601337532
65.7425986263049
172.38714810866477
171.85037212570654
217.3856871843233
165.45396008910922
59.218172631790004
83.85634128784008
31.378900479780594
72.18352773590308
153.81194139369902
180.73818460242614
159.466468651197
41.554195204243335
147.1975785262526
199.7408355174911
140.21266159461808
137.23897396483065
124.91441395278123
60.2279081818573
206.28344750770353
51.173502202467134
29.666541919258847
175.51107136422215
191.56103689066018
182.72565414110554
186.7382486667809
197.91294500159617
182.55815129789806
34.565103421117975
72.5900106902351
86.63760963105784
52.49834410066195
129.03485296491309
200.37961711748255
135.2229024287128
206.7001372631739
207.7091827837238
74.90539546078229
213.5525260453231
101.08091661010178
55.603370667591435
185.74806279936402
135.4101515354659
202.18018062441186
212.87984455953975
179.34779708337015
177.7296830719046
182.72895645591626
210.39774043741986
194.54459044861346
149.46538983528527
179.59579799344485
98.44798618904687
180.27562678274296
142.989461772424
72.29953249397099
79.03152091644084
39.097366899377974
120.4788801145544
187.55697492310992
110.51680585579491
63.06981012082515
152.79632514110523
141.24372022254104
127.07659869384797
129.47113103308808
184.83141621138589
174.84142728622552
197.9235199208689
156.34038717407478
143.5660134729663
138.49387379386562
114.17005263458034
188.1391595781865
88.02526811344846
180.86543523190352
191.20308633138222
215.4517418668806
102.66947439067856
176.21313206779638
204.83023884454514
105.63651402361796
194.40180549574166
145.18593215852562
87.45958733612335
213.5346877290087
191.56947183476322
157.1337694457966
97.09824655152943
219.27944907660142
210.66352546576434
125.30716890861797
170.6530095669149
229.4138159928032
101.16480586172317
204.6698212950484
102.18418655626692
204.34214458672267
232.8319036571649
63.47672072686779
161.7550220805368
97.59110671281692
55.86261318058948
200.10880633790956
167.70546910470145
185.53870867620074
90.4634428980126
196.9022029072916
193.19001669497842
164.53224231586762
180.1244687133126
162.52771384856783
103.01792759154384
177.3508894603401
34.50742781825635
134.60046397715524
29.615345740600794
166.1945546773805
193.31098667424513
69.75659474188988
170.91603275872887
96.34937629197465
31.970287513656604
174.6397130701838
36.29738090409385
29.387905397868675
215.8520484730198
160.0854047448009
58.28994075512535
41.0912218949448
198.34322833519184
176.19384250636364
63.29680793332973
78.63739469974398
115.75185515400682
187.4109065597924
203.7573281128587
34.20381569794351
196.47636704765102
63.80219291349274
133.65593795306927
155.06022805554898
31.88207674069739
153.0139091716323
66.37528065311143
171.1102167182871
67.90873145186796
199.74492130982287
111.95457638368842
96.86712464925279
108.29712293755662
81.18666498483755
197.45862754762786
118.95502887529629
141.8917597242895
234.36156937575785
171.67808704188678
120.72978432738495
66.15599157551651
219.540405330996
121.87671894325834
200.63147447000742
221.59133677665895
198.01413219457757
139.05856657652805
99.61374833502988
116.41910991314796
189.19516406768025
47.29646826585618
199.72376395717217
137.27116772941042
187.7460509074575
63.22515036836872
155.0326624815731
86.98254297477449
151.4274689585649
136.73174644278203
102.92914457091345
48.02396446317016
154.76259355872563
38.94624765938675
180.6438808667918
140.46861773685785
198.92187048689587
136.61281275232946
183.64860995718016
77.14330117499826
116.18306819710452
31.40692977933282
79.86501036797476
108.97444532100906
225.71975547606903
154.13989015902183
141.14676534840117
202.20912315335076
201.01878912850822
215.3437229632839
49.35731663150876
143.7411910991543
177.92033620776817
169.8167011499831
27.30806403364046
64.03683816228482
88.57378095974138
227.44978990567685
184.04702169200536
165.27709896907098
222.3087354644122
93.59052516862802
46.688462736628196
158.7117993530157
167.24581739573455
131.53040167070728
200.63391847793795
88.55626218518098
49.89676793429977
93.73200269583855
195.03153803681604
60.772910342793786
73.78394814168446
167.38469081354646
194.7597785980319
171.20961899871548
71.74438036482927
200.29554710767724
146.88790240537406
34.2349256578722
79.110950517172
198.7269592417028
182.3466184277102
188.01777406072696
87.94472220152585
65.670889571163
128.97628262903262
192.5005780901375
67.66569909629726
190.35414650251283
221.37209164797537
192.33949269769823
190.69390129152777
182.58324982027858
65.00750070111421
134.044099921652
170.0122569332459
99.62139485230131
169.00376616167844
162.331837817444
201.7206188017323
171.4834006663526
214.96755049996005
154.8758673790548
121.05921131826646
45.685794095970756
193.86693092805882
89.80772867180664
68.39865597902221
161.31066454905016
204.4087054260403
164.28922079894778
98.51749201780515
158.07521700803548
205.6014619180674
209.20229583946318
145.92868221765795
203.48505613311852
160.73375535453957
33.03505784104389
207.81970126937773
66.9669476781684
40.41025641947176
157.36737385057748
152.87679530801557
169.21830208688462
129.83291215506986
66.17939750887875
156.0926643203281
147.68046499781187
58.30792328137923
211.23301006441184
185.87624780082567
199.15715675325754
37.05911340592832
60.64941605257955
159.56575972997476
161.81138357894358
201.67497656300753
211.567289289013
137.35691047419076
155.68714014291058
137.57029088428757
48.75763571591145
97.60941867508501
53.000083456202226
93.4641990950549
124.48233085238185
87.35184117280039
232.5066038465479
198.83796180163426
61.59815760629583
144.89987175678786
45.16983687949415
155.99981599259556
197.6636963710695
152.42310988622438
110.67593926978698
199.4494450179597
139.71846429339595
188.14651004575742
178.49028902066686
195.66602007048056
171.83264477751803
55.94773826167537
173.51850771816683
147.12276728544674
178.08755601384402
177.99665834868762
222.38972315620668
105.58733706812521
165.06463368896289
188.30729701687116
81.72006747266197
201.90563764099375
183.49746229070288
199.01370874515843
151.86111169243088
26.798023919226708
200.1476898140604
208.18909025673614
147.03125426297817
185.8313147782157
83.8765545626851
138.53963273997644
125.70160529925158
67.39544814811123
190.20692013152313
178.49656789295992
150.19806580009106
182.20459447917628
173.17914375056623
168.77125916958818
165.0788188714024
148.8199979240027
150.85814552555027
89.48735527295825
182.69447881506463
104.09286684060945
206.17836799809228
184.5869131120534
66.62423998268645
116.843396174341
166.51012633625828
27.56759128109429
175.0601621119982
87.40942262189355
155.49787167879123
60.03772159785749
177.31234036095103
200.91226221836806
104.90677321852685
190.72862019664444
181.48084899766164
46.99254058363597
147.37890525321438
206.26892623924851
172.53833237943206
217.79885695883854
164.91769534929875
139.8287157317833
176.54566089958482
45.810641983324466
178.5624304485922
225.88793854815407
116.8857817405006
220.29165857275913
144.62896979519672
184.92878800001557
139.367133670869
178.0866135762024
208.04423393147528
208.78896434675903
181.31280000060895
113.5704427808101
159.295857542127
57.04982003002995
175.7834353907445
208.29467687062603
27.44074437986742
185.71449572224915
176.18477684566716
131.9991851168522
207.0416723894453
64.64383300694844
173.7689366881357
63.97684547017263
108.06861899703509
208.2211718430368
176.0600529912808
104.70237392533562
52.49375849141411
224.21718839841006
184.92534878824324
99.27291550778195
30.880410137338703
135.56267262865285
129.38229437896956
75.85504311364132
47.730467797884685
216.4070356150138
99.68384792338473
175.47168047262846
151.57616888233844
124.86451180252674
119.6653435751542
55.73968954643574
97.49488477961258
188.32657099847003
172.3230844610471
199.9564209743559
122.80846501544103
182.4564583224917
96.6211023799092
77.7538346039108
49.97717068986058
119.60156162609157
191.13247260486943
74.03719557859927
217.79792561028606
160.71278284424218
48.823933775170076
173.51423269846345
188.20972524397027
194.76765157736995
217.9115971986873
166.6953215915706
159.98020419372642
197.13584607932162
185.21838293226392
210.32484286767814
200.54180079516738
183.2267063225482
48.57754003439556
176.30260299369223
105.18032230601317
98.10147347504768
195.97130465960586
158.2334820407878
102.42764997270338
136.0246377114842
77.45351916480807
145.53168943524318
201.78168627842675
138.72229351922243
35.14878088357531
193.57195914244605
90.48518258200345
197.80572914719906
138.18134684351708
68.62934283276871
103.56890660027527
192.54543360444566
87.99301428126802
113.2682850923074
77.4029919673175
188.573673050923
187.57063859250647
157.1649119537018
200.0141815580807
180.11695896340174
156.24486331280028
200.2348481306107
112.62672923179242
170.03391701029835
92.99849799972294
121.1932807964854
187.79957487395217
177.66577352383555
121.80639845729816
122.76667257883844
197.53492249630622
62.135669579136604
211.3540443698521
76.24602696679256
198.21060897410604
27.239370003384778
110.77869275817757
30.196665127512446
33.30224760470331
186.24392696747947
208.84233395243055
57.637711857837
171.82920283017458
66.94813799216878
101.47680031050037
63.65033164819768
78.64591592393141
100.25590159926519
81.01710376722876
80.59772425648354
114.60646908998085
58.608028212948554
48.776627872284756
190.6201436222748
186.30274694690232
194.93188409549217
189.98324878078188
118.16573145644304
128.1199955176436
197.69283616699047
167.88373840771612
72.93567288698243
42.83770089792198
91.90702774660413
150.04297415737503
166.02563996816735
36.10679176101634
49.223197496772826
127.72632361419478
184.7610274371512
32.37979568642691
60.039607811746805
49.3202739215244
125.41119325601616
195.97522896883976
192.65166888251485
40.8716712426004
167.49071870602756
80.18543577141371
93.89634104306907
184.2777453781806
102.78049088333717
50.470241134557355
190.35526155251807
114.54167139940505
138.47375477327344
142.9785192502926
163.92245458468634
158.17112647433333
176.2380014119334
163.51854628118082
31.96620163393275
89.2695321451264
210.43646694490786
86.5926140971302
222.13754358034706
61.801193687422064
188.38818443797314
88.37873947447093
34.12873051758532
99.81726313169979
107.99849807711526
28.631665492702027
111.79147343857663
25.642847292221237
179.2285298343593
77.85530410992949
148.19123531423426
123.47871665342667
51.12118615595805
195.8882400457581
177.4823117867306
164.256630350927
112.23838164026432
132.60706145600656
122.70555576574833
152.4374889242397
155.52434479122118
201.76209777801978
170.89596967194598
40.6982017622575
190.6768422761074
170.8619260988659
180.87494998254994
151.44527990159838
187.53252696394105
171.85066136073135
90.40755944654722
89.13424035669252
62.46060686136577
92.80801168763456
148.91314672956022
132.09895854882586
153.3750377041262
71.87303597708373
83.01106317101103
57.668525072289505
45.55064374049033
39.44204691953165
26.737062069441585
146.1234773343599
198.34172622624348
169.622295461782
70.55904538333623
52.835083991460465
112.50776640966998
162.89077986236987
158.45686853829343
42.6045464398137
197.16021840338402
162.1196245625407
187.52848024710022
179.39362499214212
119.57736151780024
124.54049124326666
119.28484075557412
99.47404457321613
179.23532460075194
116.40684211721604
136.4091595436036
188.94034969973356
54.23768995523352
31.232749598340014
85.41832512248456
175.92855915064015
197.70205633465005
136.65758642147472
103.93455719491872
189.6421909474531
38.29036032837389
130.1817592936761
178.68436895427416
53.755859854190845
178.2460843176345
180.65969619044932
158.09706808755948
163.18688174977768
51.28170924098711
100.87226512364288
57.379499680600205
156.78151502260636
210.38444950476296
37.87656965063554
140.20175672442198
213.24764832797752
211.78135228990595
216.109024235933
196.29655677106106
125.17226990149513
201.48886717224696
50.13818822101481
148.27075063911101
73.69380004999107
202.33081266283597
85.93513924066
169.167010411601
136.04793414808233
125.85804488786593
49.16488254496597
134.24567138938443
224.3283602620616
57.631543621844465
185.7770329415136
191.15865897379965
191.37664647096042
139.51582835224636
145.7610777189085
159.77392654734788
177.0573883251476
84.88932271498285
73.57720833054294
155.7258311773453
155.95695931216284
107.9552496744768
185.9656945307483
199.99937113932017
213.36667650805197
156.75756710669071
135.49664918952243
190.33879646441298
144.76715165851172
64.11369919666903
65.6086196169838
196.4591911738941
199.67949373091085
106.89689044776505
102.61021787021443
190.05927358152553
189.11454570804457
139.79609127727863
77.6303464295234
73.70068363241259
54.59668605161782
163.86410161117655
179.9867362728736
84.09899019807528
176.72675556743175
128.9587406376369
120.04119132137114
187.92482897000565
150.2307625929137
152.80748393927894
183.82595979433444
55.217954516862065
109.78428187675549
33.78205192616552
173.4071115494108
194.93194965217236
137.18147620529535
144.09861682974463
106.61004669589842
79.06523878735727
135.99798379188553
82.71760054323036
185.28864179256604
181.6001805305673
162.6932866084446
123.02736212245375
97.6503676313679
178.8350455225422
199.31532605398704
167.5805514263477
171.5806639671504
192.7950630898172
124.11781191105779
209.49587391214612
135.90097017827196
188.06096892249326
207.05622976846288
211.67518896274606
66.13236271964647
153.89146257019797
211.1339916268801
210.67856907845243
124.67767953928329
55.625507641876034
54.45186371144308
172.57495154707516
222.83779523573384
187.50047224241223
155.95147063115488
231.19131265543135
47.71807720459947
110.96003334464447
105.72385962214308
161.0339494868155
89.79248778204433
104.41673606879485
186.40843426096512
53.92900348651957
35.90372716589748
160.98202045930196
195.58376629471013
171.82249798895134
62.72808534176136
25.957290403428598
73.95385645013312
171.8995064124188
92.97916468948837
216.44035655943
129.9898461010859
197.98328436235064
211.95672724965553
188.2700323931253
194.75075476118283
102.0960227734884
49.221245541728365
222.15776455190274
29.295046868781462
59.450780898954804
187.8190549125903
187.8106232662491
36.66175868888405
89.16966624414584
126.12651019405325
55.915962256749395
105.76872283114308
203.10526677271463
165.06515834193624
83.74536475194445
49.40084095164282
193.01934440394118
149.25405136351452
39.023807411889585
133.23134403544896
124.30566036846236
156.90235017848903
33.02327133381281
30.525409648801837
168.67756214096363
193.9255842200541
172.87911514482096
207.89461496662076
108.17789000850037
195.29900183030944
106.57212288294237
100.15482713456387
114.41041619669014
128.17940571470552
224.2498152025236
228.8385326108905
195.5648298276347
45.54398297818544
221.07895073260684
48.949288327108995
107.68522878810056
170.14604622194958
83.24633398282052
108.98191779815262
59.8485371297206
179.9425076479428
177.50559307469013
169.50975192444395
198.93417898242683
142.48048592982488
41.35774571009481
213.51640238329853
41.886540401219
162.1158121585252
186.31201091758518
136.5551903917583
126.47817204310296
122.85060010777178
63.93515768518477
82.85848605672462
103.56668933838353
152.73449748293365
138.9794983918929
92.96541297810674
202.46487989536058
202.32699682635277
197.9235199208689
200.8165059851738
71.36829595059694
80.3895454488583
90.56696992321322
84.85326370332001
181.90740415031325
161.024510173371
59.30247396803219
123.21566044544079
118.74367768294431
120.60614401644281
70.08658580232569
171.1748585659189
75.11650773837565
43.00776370211605
73.02135936123629
160.08890605207927
50.4105193609674
85.57455579229386
86.12982572282708
180.36463734775438
111.24806454204001
77.19710275818873
131.6868515341312
76.76718042531094
76.68431666005542
172.09672492744397
213.4180884696542
74.09900220665266
89.46881140390992
203.43563822025192
161.1244975925558
188.0106442590703
201.7333201917729
166.1670776932781
184.88359340183962
109.16529667834864
57.18556752411785
195.70814933406916
133.27613746140815
154.45021054916006
215.86404960776798
144.7132412307374
172.39519074694087
107.26032346102524
191.61446619288682
79.64683236824348
95.72696559796088
48.70570140852422
171.23826084369773
135.8448510325921
179.2485808393652
215.53238079837797
80.25232281692715
153.5473129396338
29.08689951630215
204.10055548804817
171.5794589880229
175.47134826773487
181.47053775793566
222.854058393823
121.31967966708267
214.091720653367
92.13705993871321
165.64111815271474
90.45445478035502
43.01573124732155
183.83574173363394
37.751282385299234
93.83557970179271
45.02864530596735
166.84718621811723
182.63564711090402
87.13728580713652
212.5671540043213
122.40577240562872
52.66277434261161
213.5632306566815
43.70209694548068
183.95448404140254
55.48055400635733
185.7099406402944
91.63232109185013
44.57765764780498
204.55976436553536
203.93081607103625
232.93599566553698
69.62588658865295
193.40009625823203
198.58376800715152
152.95003620676036
125.50181166312035
79.66642033771919
62.396016328729075
64.79197648677331
150.23895566101947
206.93232406506297
78.27380769632198
48.024546141675685
205.89006855919087
53.127347956749475
84.9317236072559
82.25758984078172
79.67623104324392
89.82381477120035
140.64811431368446
154.70742466587743
221.43231561975935
70.16607597487467
157.57480375416893
183.4977723378965
198.65177070059252
145.3474085015685
73.43887581229286
177.16649520012453
193.3570600274619
158.95874914349125
178.4605513505801
187.18656828638015
161.62917743503237
110.69629620301502
27.985618313227963
117.88744221355836
38.01168287851118
172.60226759045213
201.34667287669188
60.23694847949383
157.64552163420188
57.528115626236016
36.732952854699015
27.91815799390126
57.12349172085872
186.08200979149183
162.66242081435774
55.47289777681093
189.4533948886591
109.42693715100134
94.90608585917998
160.6336497675829
199.14465267692822
143.4104518330025
145.15765424726564
59.87506061401525
212.40809995055736
109.17599635061826
179.5686951474532
135.11740374320613
175.00728899518185
166.49811937445017
160.83747570359685
189.77295308291423
125.19757332904562
146.8281038948657
172.07681277881372
96.55242133091383
69.28908353643334
164.01959394419129
44.70141917149064
96.68765758405988
108.31864626657297
95.38362206686162
174.62271430294678
39.10433956276054
168.62218485496115
87.390622018026
149.61702740954127
46.741436942643574
179.09387725069666
163.953791062514
178.33383259990927
58.52428486904237
157.97015624095505
35.1809417188607
114.89430011410363
201.90540420007173
138.21494527707142
182.80099135881028
151.7381167218388
58.01815268511957
172.91303704581563
175.55446327128064
50.815781380189506
133.11020789324948
109.22732934933222
128.28909642477544
213.68775780854332
32.89185168098266
67.4395641781912
111.10752588732856
147.37457974935234
64.14975943325898
188.2505888718163
83.28100121500026
93.89466896486735
98.75684525149995
191.6854362508595
225.05363022341194
132.59694905036423
128.0384863994684
113.27762992819608
191.93246755317415
58.72649716490594
52.49810174147478
69.98684627353337
178.76783831327714
212.7389861230986
212.81589438824204
205.64700894936985
150.4053876144037
195.5955942375682
113.93001613769901
170.56956250300075
185.438680410682
121.07635357969231
159.51446663545696
175.50174975301397
67.55038354628381
103.52594736025091
191.31425390013445
210.11283898149978
192.88351253684377
94.72969981807994
74.91831097299921
86.41046307078912
159.623315483978
46.84592001574002
52.95596305066459
166.6583490256521
86.6043496206213
162.07852345054687
136.61281275232946
113.43005148855538
109.90038839850288
191.7223861992252
110.97195819073596
209.8693100761812
86.21845882042972
162.13189408013739
205.15776265996607
167.73386448992423
98.13630459946263
69.77615375627424
111.62672882086301
118.45811735369925
42.377094938622214
60.11496054749936
129.0787594354357
206.62819459071005
154.1220624211401
219.7418848789444
61.78248412602419
202.70100880218533
156.87776299198717
211.732253020763
170.71789494109547
118.6641892583291
110.87540737682818
157.90718253597655
192.80268562483255
150.34803238725925
163.33381151057253
138.18291352323592
117.9510330909679
149.50722572282186
32.10743098909893
206.5056321817235
151.0598532761112
100.85108861328222
126.62970630321867
192.41649127370826
69.3112907689925
139.7871278771258
50.03982330928387
64.12316414710115
161.68672602774015
126.86047998877204
147.8859885486274
160.08021736996895
137.94701209652865
178.7274407517726
185.08863697700832
212.856468459039
41.459721349104285
176.99602186730235
212.18808800297012
155.8017104603078
209.27517023884724
37.598072955854455
218.40262647225322
38.565976876687515
96.69337844781934
42.32927388824724
78.46661332079525
150.82177417692273
224.36687972235416
122.35842855614777
193.1932052248064
76.75581154750395
113.18505608392017
83.49112053084846
148.69555504204308
146.418657428388
108.06233811111905
85.78041777791235
172.36158541278823
163.64481163222703
29.39858650548437
193.35984292189585
87.23352119409502
199.00768451162466
74.58916426314863
179.12967324393466
172.09266049230985
153.95596543547163
125.88856343507835
62.42477251045592
103.37052744297003
27.930837703007295
107.65559963926623
81.57211448042237
159.45467135149295
181.77562615101365
148.27075063911101
37.04015123837212
159.50167872045745
88.47658725061426
152.2510056521348
31.071805765952845
31.72157609655777
204.52091692225673
184.48236182672667
169.60523153117813
205.27748326469106
174.22835848644982
33.56205282090372
206.7103571472652
203.78390627418239
170.68260333146387
121.23055024186303
203.76376329786007
159.36727988831316
191.6893009360491
124.84373737254477
53.59317884053318
68.01262896858378
148.56362561499907
61.14607198850237
52.060687798219845
86.6056887545468
177.03877271705693
128.94186184100366
158.77014054553965
204.53295605268653
225.20531835586817
157.22278145004046
155.04155361688606
120.62519781515682
90.57271553727001
208.24684616337578
187.81647896544553
184.5530191716134
188.7151520194555
32.816888297708495
148.01296356558825
192.39391344016127
208.40032660946437
127.98971495184391
208.52732885427963
129.89383096565578
154.22158763417
72.06082477768005
206.9210030228403
136.73339598007436
213.18272716164162
78.23000482331042
71.15134950367657
177.78678522613072
49.12876601986231
161.28810820446594
103.74497054220026
101.35122607410977
194.69253352367122
36.47050707001288
99.53677872661198
217.412630556377
158.58675433063536
207.33075942840134
143.07243611212076
201.37978835901137
103.40562841207863
195.78149530119006
106.29134148502227
175.07072857651963
60.74196662567489
112.33119890605188
65.35940190605564
71.25491406829953
215.9480839260579
136.3411130397412
76.87504751129644
193.1307199064157
154.99758649248284
201.13142210832868
180.45545557467042
45.83419717841558
42.1371089332826
196.32495677724955
81.67776878295723
213.25240355548212
55.98772082935872
95.65480592211672
158.732501071505
174.41642923728054
156.0518981749516
195.884139654501
221.30870959357335
65.22635562290898
90.75778740765845
171.94844938090108
126.10109430592367
161.14960961603649
133.05809754802715
170.2498275058194
165.13447267349198
43.49270462991121
215.86595071869706
144.84599683093745
180.94255272843722
119.02929217729502
199.75990172598654
181.34089708537925
134.42272233014225
144.40956949299564
208.03243869366563
90.16176706228362
217.60132943652403
180.5365588764549
126.84335235891847
183.9961714732047
69.78897996406543
176.596220011686
33.50399563500063
146.9276897062498
101.26795876269748
194.5286723445599
205.469472046025
191.25312866171504
37.09366541848015
36.48266960849772
29.48305748745479
143.84786413258806
43.327488286132144
170.00223136623512
129.19747070133187
155.98875698780967
102.76555508200062
27.750453914543456
78.5022848099482
166.1376931642399
174.8216722320786
69.69301266710205
203.36317525260495
222.1810862962366
204.41576719844727
175.13800660462132
157.80914047046437
106.04080559967188
39.0404189039007
170.6213273995235
174.73236394122418
195.40626074826048
137.58273437421843
159.0291314391881
150.1957255631896
189.14071615243694
142.61669850813226
41.524393291247854
127.24288368802138
48.51908388809114
213.8532092950515
120.09601554247773
85.15275994199443
190.99291158520845
218.20608514149464
162.32825464987306
100.19821635095913
146.9736650110244
135.51347489068314
109.72825950379541
57.33258005741629
73.77624214826615
187.4103553722941
63.333757569986396
161.61062885532803
145.3285488145405
130.52122682324608
202.60606894032225
212.9519010176092
143.91538080800956
119.56007385996354
69.94990176117086
103.89290024262274
120.37259269081427
25.864544946200205
55.66479732233595
165.85803451591283
151.22162966886933
213.40980581267277
203.40128839178197
207.7319051564431
204.42030226101357
193.8387214216584
185.0189357589528
156.42038791993457
162.27421737362602
179.35068868563465
196.19017115532787
201.94034818181515
190.36369460271226
146.33730954946816
188.74914117394792
116.355741201118
130.9243135983299
194.31601997363413
192.41649261545732
145.19738663539616
181.87829601614396
192.03376395250208
181.6872119809303
185.04133054263622
108.28636761114515
208.36396408765836
61.24794014586487
114.51606310775558
141.62906250709835
190.8720057275516
145.8229108004877
172.45019963872886
63.662307067515954
213.13052567203962
195.89082148054783
111.18389276190834
99.14450712813436
133.7426429448689
192.3385864011733
176.62097984663976
133.42850764107993
175.29007092787825
181.40727336371052
182.84100792209222
111.62672882086301
152.01589282716265
197.08576715673163
217.93150566141549
64.10334582079741
64.91619168597293
189.67982832137733
101.64240241615309
197.01660897067165
161.13676163437572
159.28644954113517
153.96300019257174
200.92519939350177
90.85903193525938
60.65245259588294
93.21077143579129
177.4997575214716
138.90044357979676
182.89106546402098
203.59972659363967
116.49050319329116
87.38890981862659
49.48497840469775
174.09418884132094
156.2991961632294
184.07403442580275
60.823325714892505
163.9854409859422
75.9910826588056
152.30758763012693
201.6841123076589
95.23840541693731
175.07255525461605
150.10022557872912
141.1886860259895
99.04164272233388
108.02639942331231
168.9008141476093
70.11278861575985
119.13007078721584
174.94600678280509
199.16206580425498
43.32732756147082
190.06627814571797
122.98088104956528
189.45728650565712
98.54764297655188
120.52824157801115
203.21201155364008
43.6083178234215
64.04776238130654
206.90593914633942
162.95964184399662
160.11408200528962
66.8251703123145
161.47224204206486
127.67828500630381
182.29023439078702
182.7359420549106
53.16209118499614
219.2854748647327
191.36445485404485
195.51834642134972
128.93217546680384
41.49917502679538
112.8448928999934
83.52427132964456
55.59582733887209
65.36093620048895
143.0801078652218
163.76841753341066
46.02432453349045
132.30080777144838
45.822389008858664
176.3817824952167
175.32497085817838
95.9739384756647
164.55072348333408
181.4121591775996
196.4883485030274
184.7988188825049
160.11299219376076
143.3761139664033
88.29763411720447
71.60920456290589
63.715335515104655
89.1637804497525
174.72936799843953
51.4854433982128
171.50599526786692
44.847388153005234
140.66777431251973
208.02755145755
123.89993141549624
106.29134148502227
157.80086320403242
130.40575033635676
169.88261779609215
98.08079779180045
191.53148329996932
147.83343470012767
53.55657107428064
177.93630351162014
167.23270729086462
28.417424559955304
125.46017560930714
32.26700422843871
173.66547096326406
139.71948428963844
102.5752729182262
106.6333145996405
142.82760090135346
160.63949933173848
62.690898301889284
219.29188117737306
168.1699970785851
34.949829030916376
123.27866945821211
168.5298214152267
53.31863529549005
103.14983071495517
88.69209823036279
62.28158808983222
199.54752239473223
192.48401251575868
103.9241604707525
203.93038867257766
207.3858228182599
204.543072799307
29.77337877224451
94.00706179250996
63.06676068010044
112.80130240830987
187.37776293221552
146.04054618597797
148.75373824141442
177.29737621545829
212.81229916017753
207.67404258946775
134.81090684717896
154.5781839111373
69.9815992425443
195.98838821437724
40.205745766734935
117.24447972213935
139.68419315754355
194.6368768454065
205.41318251926234
48.952347403454446
190.78748586174552
73.6915148089488
195.98215615391953
42.358058316015985
221.58896354827615
204.12159103188702
213.5243315752266
195.40152790139356
201.15194447311015
34.63363037539154
74.90940643304714
186.09917247794425
220.08906087864554
147.0450960036879
158.0749492871138
75.29911592567726
193.16074352229785
85.09264738311718
107.70981767627494
211.5780642619267
175.82094563872525
129.07971338701554
98.2401795351797
65.3116348556735
172.75038312237513
203.80338584519865
67.7982880589303
132.88932758427288
184.34735436140235
190.89883316422686
43.810750599120915
149.36358462233883
140.52561845909557
41.19247447904466
153.18678040283774
114.41086557261805
158.49821436532227
50.990667654347995
205.201027478623
191.0611592117443
50.17697409485826
195.14539034802218
187.87182684328675
121.07609230255332
55.532433345707936
193.7236321531473
200.74832457085415
157.610852928236
186.9568702885201
45.69139484577517
26.39045559949705
196.25885098980962
62.15601856633478
175.37897221101554
80.29100953180958
175.44657783766124
67.64134581166262
143.661594329341
154.10806188540175
192.91203893540677
57.094918431787924
69.4391647664791
222.30484844719325
30.679009912095214
76.46919662811564
157.08697685358834
78.13399079581315
164.2117684089416
57.64943824820218
79.85116150758027
133.27225681265293
126.98409260910391
178.00608897241042
194.91068360372824
90.30425910899223
58.95948357641821
57.18556752411785
222.6879380079939
209.3293737543856
174.0718953582771
85.74624466942588
145.97103194824734
95.49841700722433
50.22205739128347
160.90108148664555
189.43526139641273
165.59352249769728
109.02216322233592
192.85404769602
167.47100793675264
172.56625915559434
138.1979941129635
159.99018337557376
43.498145870199735
56.59073714184107
139.53091451940466
201.84062144793774
91.53650461001155
138.54657385823344
192.78059453913536
142.1550923229056
31.41239195377999
154.37028341182992
120.667852495053
192.53379792135826
72.35421074757338
86.22189187094615
40.989951880977976
226.98547555211888
197.21793298566374
147.8348289850844
65.30164463430202
173.97328429815954
110.08038122796935
174.80620320038955
151.4464568621152
136.61892619764072
187.06558559437482
176.59608438290368
205.4412557991193
25.889290350504734
181.03093228195172
202.62340392395237
164.32289815658612
148.45283164060757
99.7673321703256
208.94588362649668
136.1501743920807
130.17725406487872
49.378516250987275
192.8306255347218
82.0391374076809
164.93282489067576
48.46037016491624
48.10719525257996
165.24895944132618
132.16833505684727
173.77220857399774
115.20592552406407
222.24302682516267
166.75565674580784
194.30385092536983
197.0987033972008
153.9347725991437
190.66859019503653
191.65660747729768
43.650970034904105
196.29341352576287
185.92139000940261
153.36593874388228
52.13145589440336
102.93832232124619
185.66513240263964
96.1695946569444
206.7736028022959
123.15976696829938
159.93849070894626
213.74429063234643
162.98313376881086
30.905620045179898
162.0938924655012
93.18816685413668
181.479782145578
178.84025150396602
42.83234755565958
137.56495552219013
32.14178177058072
66.46640385734347
39.52864024911702
84.4334881454609
31.82250585761175
96.13827313604091
181.80022388353436
144.5577558531023
177.35279559965684
188.22242126557245
206.55153311731902
177.1426978334362
181.2905417542123
121.87911714858681
47.780867199699664
68.50031072374438
185.22453063064327
212.4068300168886
48.73208392956231
166.11565119312723
29.27967813899303
128.5667148800505
204.5630874704455
112.0629775739456
199.9133454023854
188.25826650626544
154.37536460497867
212.93818845785322
165.2706725885947
31.964735696187077
30.69357272268061
51.78381036714368
34.469856182622294
149.39514540999326
181.84679438530972
114.45072831556742
52.7005427214514
137.83241494034124
164.58033321681825
188.86700618747227
194.31504798578493
184.8729596351264
199.57959717088178
90.99754120441818
179.91493765743817
86.26986104741893
163.40304692588242
200.29114096313583
41.111781263709375
125.6200128616501
35.88140354200627
140.60437798676853
42.34619730761922
95.98010509015688
176.38586315568173
168.5461779766278
164.77648985677848
187.2762824777501
43.622043951724905
69.3594217843323
66.77029105718272
199.57560693928187
133.88858065391798
219.7161837956425
200.4272177939963
90.80069740811038
87.06358619623929
125.49514760960278
105.34264598563577
183.86181688680517
179.10538597981898
48.15460162870478
51.55841588147645
189.54358422126776
109.36235498977528
122.28622686708991
71.78241777364858
151.99900027784767
160.97937168380437
84.94316868348078
180.55187681562865
151.0249653432668
140.2652751254386
97.32552574171005
182.60010673059134
170.65545014840953
174.7635533581994
52.79270271018989
41.35299619471827
176.5415577305525
154.5726888210694
119.66414888891501
145.2543174202574
29.78606688539734
163.2959909674679
121.14730665076117
188.9245869146194
38.15893727465047
179.88670653185295
205.34300035941683
203.2045818647511
65.40053409379587
46.028536551419855
155.9739668022419
81.31794817343354
96.8620223541136
98.49507993377802
176.73235607403544
137.24392849819762
125.72302102985859
33.59362330637888
44.40782365797376
214.2689995556593
197.31410777858503
50.4369162724727
47.926515825237104
179.84437785192802
202.15595964721638
199.85401217628134
153.7019907857263
67.12538200460781
163.17641993104476
47.73696764411539
77.12827142090615
114.63680777353731
78.01446337018129
141.60215053123775
193.67772008138454
216.80051964389233
80.89286950657224
143.4011911651719
172.36340822583813
42.90101643651038
230.17201925853513
199.92882193998713
67.35009351229886
198.83225704283873
91.45415827390656
184.63051692962435
172.27728721165036
222.1253978213215
188.67793999256352
205.29193879162884
147.4916886195486
161.57648722268345
79.38164571178264
165.1101564059263
47.84669029241806
191.04023958985937
178.79536007069825
97.22673727193038
160.20370976983892
90.56340176458245
205.53908004019775
233.04752835209885
177.21193737775766
108.70611561229518
159.98793547707592
85.89223058291581
186.60227065386724
174.92677991249485
115.56173784370777
179.76311863343756
70.23131882391563
188.27781558051663
44.56780635193168
198.60780994970798
106.1806969579457
32.77000905178708
152.31129808698216
151.70709622090243
186.20609052845722
74.89110307756981
109.885055074718
196.4032395726627
176.58972408878455
187.64349381657263
52.51241130126107
165.46326727824808
210.0884674440251
