112.63078059961268
171.2846336371227
182.93172295956214
148.90755103655025
138.6479176906018
85.93964344716302
159.61908338541727
127.1266152269068
81.40047463856315
123.54738772433832
220.92538686976604
183.8469879861191
208.42439805942342
195.90585128095879
184.42291589978504
123.21411219166508
184.60972492752842
186.86776811651927
93.71091219983686
25.708926117641315
77.97176075049656
35.410200414050145
142.29917316417433
235.5788142586729
202.3197303312332
128.5794932036998
115.08993838170268
118.16273512805202
73.15557365370111
140.3819420436118
142.94901522980305
135.8192425391692
155.81659075989103
185.17259515230785
105.56001920492051
209.73821671432628
27.13717442430951
120.94529745365745
178.45232932882405
65.56780663804345
179.16199400543127
118.41987604546767
76.46035586446602
168.56183300343622
184.96242470335932
187.29343503204728
132.46209617590097
126.07137747335693
51.79139278208907
90.95860467442888
69.10597892678976
95.81692596071817
99.61095985180283
161.59586664789856
126.16532405745124
156.47734395255
135.19973896444858
49.62906415981905
202.29248418407107
64.71631785669547
96.9445599798516
73.06200120785235
182.75294370511926
212.8615393529973
39.80047767905961
204.1937763629295
180.77023936262876
200.82860362001057
193.5429671265851
186.03781776168324
94.99813122584894
146.9695750843553
121.31939265016231
39.49822878695803
135.40481203235024
72.08768555855708
206.1730929639104
178.26787411168772
214.93023836703114
47.871402247576604
140.21448686144203
139.68830975217685
105.69217795607798
94.29900728578099
77.93325781581987
109.31806032118637
44.12023378025164
129.28068281867291
31.73210193084762
151.2715919564291
171.57899938698102
71.7693510087982
211.73782570342524
122.00913793657536
42.673577589774524
172.61116429834726
138.75972094833
102.57024342276335
111.11313386142633
143.11933786251467
38.17433196571993
150.02531159659415
142.95833155934693
167.9900335575834
190.02394301104516
147.0752740204023
191.34806857062688
123.92375701771158
175.23312785205798
123.70888562427305
118.84044810183474
59.85019272853464
35.298985507587325
66.39370230674605
92.63086507339528
58.09108053098608
58.080646159999525
75.20138515191582
218.44319549284157
145.05156008339597
191.6655675835682
124.79459091447569
55.121787315024804
27.62562042078398
183.7484086968639
50.231677204446676
126.16737002379723
211.05078779041722
161.34460096908742
61.6602367010281
185.35642104790603
191.78163136408918
51.8964618835214
176.11511111389368
87.26850947128426
190.4085001835922
78.52867646521024
201.09529953130124
155.82345912206017
189.60493769950713
55.60530480395808
200.92116567104526
191.50134540310353
84.31117245513518
190.46439950436306
183.38628224316696
206.3594536768789
188.25711863549495
191.0195609365323
181.4237921382114
127.50345978324076
33.366797746272944
98.10562455407047
72.32564332889675
113.02402174456476
186.74955702605007
56.39222297188306
34.05792303560938
99.98979160919087
206.86416190110046
35.502281537789635
200.8673754449547
179.4955808855673
178.09698189457785
145.43142999060439
210.13607841085846
47.22333055874695
32.37002478700007
57.157619369362514
207.40490873034452
78.49525850123196
160.62763746237263
117.02628462326852
46.664249159721415
178.79757586015927
103.75271020877733
41.870726556985694
115.77135095344454
220.13005984605198
89.10004091222557
177.02993490731473
185.86628272028048
44.77180892778768
149.6307319624556
46.12099130364042
97.07947591993725
52.29920399026746
162.60321877873255
169.3117234217602
52.7122518779849
189.63290348856285
131.79332132176845
92.75669392300365
198.86881092689885
52.68001677453194
192.37192843727465
36.575115137736994
204.87583277934158
197.613970505327
77.45791807546834
209.96445160844564
132.97869513285926
66.6246332547712
102.44037795848331
193.48425879749132
157.94305621716248
131.99107748868354
87.64440536256842
159.89627817496526
48.17617843735117
53.59320396451926
155.6991033064421
175.54460879811114
127.13505097877282
111.50049279413787
157.9819785662006
166.9913887422007
200.44251071932902
217.12522404058953
212.05952035639268
211.89281647967368
162.48874428773706
178.06554157800846
38.30633982249608
101.60993002251435
133.71658403334646
205.1139261202611
168.50458166619933
145.16616145102793
132.58892029120597
46.1494730381716
160.2492099077316
183.59852057549236
220.020975308268
204.60518625412402
101.7729932693949
161.75107396237382
26.728671704938062
110.88824181914431
45.66871116058817
38.21096584298928
194.95095336957104
100.63463932758323
165.25312479371044
93.02287385296351
201.12689294144678
77.95439863865751
188.89669816022612
62.66359544428462
211.9740937807558
130.44131018847762
150.5504511997198
61.52243097813272
84.39564588616405
46.7507739122873
168.3879810043827
56.703780980845195
100.18474201717032
178.28889120714325
182.10932060432
203.8063883947847
174.75607397768707
113.82195642447478
151.74602799732918
198.88269022862454
90.28104876976225
211.22567005878298
100.76711634783051
170.00555737936142
120.47589543050057
60.685691595256095
106.43197935897625
134.94450851936287
89.98808710472305
81.04168581834108
47.061949749825594
67.59541806327194
206.70818686519289
125.71143188451008
145.16010368618362
148.97794125948695
185.1881545499629
191.82599279927322
187.25116993532092
103.71293320794231
41.007072243450295
89.98987502546528
187.52858979843256
189.94664471864274
149.41468661291898
189.01665662970646
40.685588549325296
196.46050459311292
207.8788612253173
62.49362902878373
169.33509862075954
202.38985401768778
123.73263314361077
161.456643351046
213.4221301545103
141.58177820280363
170.90598096754405
138.26458549545464
167.83847497344738
137.2430115222071
128.02231937130685
106.16324494196556
121.52190690118316
210.7475050431167
41.14281863939255
216.40718170932368
194.51358180723733
107.24493844150298
67.73417423783796
165.6679917435153
200.4481889277956
140.81294735936441
150.65317797368976
215.24528783103014
178.90652235394674
212.56851728365908
113.84111352701055
169.61819221505704
174.72614621167202
121.00686484503035
132.61608418869295
110.41453403701047
125.15728793355491
97.647975347206
54.02294468862038
114.62787312160121
211.53739830741503
174.2259054630227
62.78274918910731
123.0801040699229
57.01458389252918
176.79270490332112
182.3609472457287
176.66913055378353
120.4484269811806
115.54192878241422
191.57930455962023
198.25409255719728
154.3220770556202
140.79517842176554
118.25369238477364
178.37460187461835
132.4991842066515
35.30465032108955
70.66865558648281
164.77132214475338
187.87818953173806
193.0110337209945
105.87471619017057
200.89738067044055
124.14117401859731
101.23577721246113
132.02573618078682
199.65698983059949
209.5250359255081
87.77174734215488
169.5953294057281
90.5742702086734
142.6663764298621
196.79813964149497
107.33853698104278
94.47999066551868
145.13397109383388
39.853734461952065
188.84789988488828
181.72237356131293
189.92289546926233
137.39446739445262
195.59358404752277
120.89649899755656
46.734217236376956
37.95348627574962
123.45542136705726
198.56836885501053
35.06957120289423
116.04954259162663
140.10915767287167
144.63452257556406
141.3886841979703
81.94256897836044
52.789386700690294
150.37771538994957
140.42937155954178
153.25021955624678
190.30145016520774
205.0886848173943
228.81873994903816
124.27787991828231
34.667635690114956
206.24555683585027
200.8019793234809
205.89891147549474
221.0306867198967
88.11546366711792
138.88342500538488
135.79144956379614
118.14549275817444
179.64510421453124
37.600626802715254
182.46934462885045
57.11286855822773
140.6179047336541
60.22598680661512
211.6149910693058
98.10084497469956
90.80508496438077
53.47129891580599
148.9402986574517
135.2175352313154
57.88855475325398
173.91690516837315
87.49760582937067
87.02334130164871
137.7133916826442
186.22859967465646
74.49018150524341
195.81580814014686
212.5930064019475
169.13537186485223
124.28724653143196
81.30072889331734
215.2424566139853
39.66788158932622
203.75083921733324
116.65163686935226
205.2945834060064
201.43771123653792
127.45449099799015
109.27535706401184
36.33822089169037
212.0598103474493
193.80383359045192
93.57345424453457
154.4261436388822
178.2880175078992
141.0450886829742
148.80119864944328
72.7772288882239
200.21953465049248
202.39823219690436
206.17687239702101
72.48965982232717
150.12525796254593
128.6405259024245
149.54496442696873
37.55693563973344
48.371753905774625
202.31909232293572
47.76695228280654
172.6103044695017
136.96064317442654
118.7502436933822
205.31069150169327
192.6085013913598
172.93356887402484
59.94995853505855
185.84152159946737
223.47008163532655
62.93470027282188
75.67411581796563
82.0220076426914
28.387070704149604
196.1935552957049
90.70280897558433
66.62227859102391
178.16797939959912
104.91197388311349
182.68041208647574
32.346610947390786
210.01692064704278
79.30248878253879
203.76276042090788
178.82394543878368
55.5313128531433
204.48344737501805
148.84041698943057
65.29982579698537
61.52047489326801
111.54288844610811
153.60258964129008
37.215066785346465
205.200386895706
210.44305773337143
132.808422031398
41.29829886055197
35.72724271745124
82.10460832505565
96.80552756284435
198.26230892785907
78.82270737733722
190.39039465880472
161.1022925034712
145.27258432095496
199.84177025217488
182.95276668494122
124.87993914643275
178.38718832366916
26.062568176398926
161.30991394370545
211.18636465940864
196.5529377213306
181.63762864312233
118.40080695450021
175.38325032864714
29.501677349432587
43.985408769366714
35.11297794562868
63.89884121059211
194.91650257803244
194.68241691486367
207.8907062541725
191.50936339076657
207.7403510055758
41.472222093527826
193.11098791304522
177.7946082098745
196.31334096266795
131.52486297685107
65.42928699305403
190.07344715368822
211.67772082690016
79.67501963461545
135.88308057774344
187.7970186245788
145.3504880474315
168.34672040310747
193.9308254147466
121.23432029359948
84.13314676994538
191.98046298965124
129.28068281867291
198.3318664603825
91.49367101220572
188.53898250799674
74.01093352414568
51.95818868085729
195.51684048624068
128.81587913294027
186.12168893023426
110.51250247232701
56.60522589107607
154.6181336374921
142.17330698881847
148.494268071641
208.33754866557334
133.7523936627693
71.86136987748199
148.85341148317875
63.942483347722444
139.66101849616123
95.4441158792519
197.31792928156523
180.06508685996155
147.71761510738088
62.036052678937835
31.5815754237497
205.6182748342399
112.67527180796857
176.2652370105238
225.3680712069449
88.32712418438753
144.7613862467403
80.01283502482838
202.23578015480845
71.3543918315776
140.9151705811668
67.2582916560525
196.52360375471892
195.68387281245575
128.52512113109069
169.64283584236819
195.20797581375794
182.14633323062372
85.67831980758126
77.33358944482761
112.8379831420322
125.64175622055284
222.60792781308407
198.75427390534176
140.1078020169423
177.8673707842347
51.18200099149365
185.1235068659448
147.95180505744935
81.28693306927815
140.28765645771978
145.01807482724192
197.98732826075647
177.704798160818
175.65400604780652
85.00069245912746
157.9664513748157
132.13683447284896
85.63121409367193
84.37435036345077
198.1364801525884
170.3754780907814
216.57315761687906
157.3612051054229
190.87534614836179
101.66031852543709
187.33959922702857
181.04855756681124
152.0458872265781
137.8113704502154
194.74658458007983
90.15815341071611
130.93989422089533
160.44460940297319
174.5830703077113
83.63198739038447
209.74043786424082
88.22031986562872
224.1906360690248
70.67777159450914
146.36078360974088
161.06089991220713
135.48961497714365
185.49819143447291
30.983651406727983
138.15588020088788
181.8909723585983
172.9996840757896
106.10310512847968
107.53214388921957
200.26478210706622
76.53564249720145
145.38606658543262
179.9537694916038
179.70088117691262
65.63339083432834
173.0800609016929
170.86999708401487
216.49600691215574
167.2277291109124
59.76606076127606
83.70435604852238
31.532526450640606
71.65219775425977
154.26394782200495
180.009813592449
157.8857865651118
41.530392841426945
144.42524168627497
199.09743566641623
139.5880949641526
137.77382443465984
125.79808684871774
60.45036151473385
204.76125082178635
50.90340332148819
29.971909706778266
175.4600187964588
193.20615683499764
181.24356058143871
187.7298518481559
197.81363004709377
184.610839704552
34.65523029474907
72.89017471055963
86.45269998905358
52.04332255307882
128.9646108166733
199.15074917981772
134.98211403335716
206.29594268783924
209.72119786965047
75.07858324333554
213.11424916458935
100.52319250196288
55.33061661778112
189.75585824305415
133.5361990295454
202.17610493175454
211.74498194134924
179.91643293308846
177.8358189073405
185.92029635042707
211.662023911551
193.43756413314884
146.80224405602837
179.1754254227626
97.5698891934538
181.0262206735021
141.8360634810262
72.55722386759173
79.22579389428601
39.12269829756945
117.84433505853798
185.9661862618053
112.52034535119402
63.356963931646945
148.75019707522253
141.48819178782944
125.66553346485475
132.76549132818965
186.92937858253092
176.33737984663748
197.30033374955727
156.00317609878977
144.46205799583572
139.28280278542462
112.2964316872896
188.9452738645152
86.59332367009553
181.63117203565477
192.55743454599477
214.60821534685937
102.97970024095136
177.9635884418442
206.1304277374305
106.46934738932737
193.0750576644967
141.82009622982895
86.42227489284194
214.14980109942525
192.38721404585888
156.9528551711875
98.67893893670642
218.24755301281348
210.73267540547118
128.52616084199553
170.10540074077164
228.93282097428394
102.22982494808083
202.84541245338417
102.11316828308873
204.3759832235636
230.20544005609773
62.584483262422324
160.9036706128676
97.19359577079088
56.74051349366432
198.57110727263628
167.75571830805987
186.42155116068358
90.89275853301481
194.71347396786965
190.94286751666485
162.7264925507246
182.22041625374345
162.90905725582715
102.52529658135444
175.4738172966524
34.23103503901627
139.2466442101699
29.815042661013763
162.2199245494126
195.4689968433642
70.2424292403869
171.24482448794868
95.7156407736203
31.942560658544924
174.24166334665958
36.00456343891508
29.483107128388035
216.26804339671463
159.71869732586535
58.319078587623345
41.07625996976184
200.11409604718864
177.3634345385773
63.52907087710082
78.35086867978845
114.25507815032609
186.6327409489858
202.93961949558573
34.34866544029576
198.4745216810184
63.96442339443431
131.6870424369751
153.93693449862235
31.76240639284987
152.89141185259578
66.20189162673788
170.68883186250622
68.75563808159454
197.39447010470005
108.02247361169594
95.60569546329877
109.39616033565287
81.03050993451286
195.5766064473759
114.68428023810885
142.88624748177227
234.67229555160512
170.4119815439351
121.50441838826208
65.80607136715719
221.31969447650627
123.3439523949254
201.42408004095492
220.43424776747676
198.20345726528492
138.33595260364748
100.38584420112335
119.60283269738831
190.1023101602933
47.277042365766626
200.0228987303346
137.15253097084732
189.34692753473382
63.51602796310968
155.31505980326665
86.35678480447139
149.84072031212918
135.0405990384161
101.10974100561947
48.90913451033968
152.79420798196097
38.87259659730531
178.47828648692723
142.8838573971132
198.24953324749555
135.05565858585487
184.11456777129794
78.45602670179254
116.8343421407239
31.363835009206916
79.76273911060667
108.65741434591881
225.7629932193334
155.0754526378951
140.47119086997898
200.71061338026277
201.34377659352853
215.00956914914414
49.715957141919546
144.81682271886893
176.6097121675577
172.0894466906317
27.307297865304967
64.584965086189
89.56512720771272
228.35914679042946
185.54585561201512
167.33598297533536
221.0978976575191
93.68394901308335
46.71429733100433
158.54954604329305
167.93116047511236
130.8723056225101
200.98148093459596
88.54745884389308
49.79054753114113
94.21208132892357
195.78513633513424
61.07794180746927
73.82583415036848
167.95420644055125
194.91519892997607
171.9913466166826
71.24239928173769
200.76590863816466
145.65018484156462
34.27523726209088
79.65291927285747
199.70605429339543
181.27138849578935
187.89553986920842
86.48200494544999
64.69127311098102
128.22673386282105
191.09495983291296
67.99230791322144
193.98173429243946
221.507714695098
192.96732167435442
190.73516350205782
183.08518154745482
64.86365431529939
135.5914466368311
170.57049008743965
99.80488195948213
167.14618926043772
161.46224098475733
202.54432833781647
170.48998751808304
215.9336825015748
152.94313824597754
122.82112069973897
45.273008185228626
195.36296912065498
90.12360699004898
67.98513258772356
160.07829380435834
204.61153827367508
163.47900344963077
100.41166278059657
155.01073284360837
206.37005681159118
208.84424661403648
146.11159953896924
204.82936098603597
160.86512753492187
33.00145723453952
207.77713971905072
66.39501402003874
40.5011908750787
156.23871438226703
154.8297383595281
169.24839050464297
130.62539314998168
66.83720051524462
155.1380284665146
146.66648041844277
57.73649189054554
212.75045552662195
186.9627552580462
201.03297141777531
37.21375970795506
60.3147052491837
159.60350474492512
161.61401056834796
201.12592923158786
212.83975357910361
137.2825702868003
155.91499560727235
138.69041213540828
48.74993032081271
96.98623474893988
53.33594202714963
94.49139684394747
124.51826602643872
87.47161691921923
231.06545111601108
197.75247138215167
61.58200489767527
146.47578326631015
45.21275160523588
155.50183771843754
198.5370692341002
154.67502003974337
110.88224174145388
197.42083726307416
137.65555604819212
187.3204709601937
177.88682394991037
195.2673180394719
172.65143148244786
55.79247401380519
173.84890027105595
146.3933000715474
177.62438681403682
180.21720640164062
222.68835027741133
105.83485115245317
167.4140978983654
189.0737962198666
82.12214016711607
200.92924978296588
183.8185924289703
197.97624970721753
150.72537956510502
26.805441157531366
198.67090252846364
209.91010389298225
148.87446484805412
187.88633497213388
85.08251405320273
137.64477828885518
124.25317584433806
67.45904129742665
188.6808768294931
177.32108877600638
149.14463902760565
181.9629147522057
176.09805335722467
171.71722802134533
165.92385938690012
150.5640623207332
150.97604170231347
89.45321818421151
184.09813985155
109.87928359508885
205.7916471134338
186.06934550763341
66.78074830030978
116.42386093571186
165.3604641753062
27.38896166993895
173.49353166380993
88.95825644718703
154.11083632187348
60.215302079285514
177.8519386956998
200.3454604043649
106.7527751055729
191.67529329239636
180.4535018698149
46.7469249155328
146.19107827236542
206.16585597175674
171.92509874635326
218.7772604584006
166.26576866485726
138.4183598910178
179.12714639124727
46.17679946462739
179.7011369431563
225.1156087348674
115.79172285244226
218.64870608716194
144.2320224314433
184.81680418564667
141.33142376178202
177.53456290305152
209.31227670577096
208.76621617893142
182.0793683270793
116.23928963798345
158.4390866251619
56.94818133246151
174.02659980563666
208.60995279394672
27.474855862120712
185.98797854603328
174.98404195809312
133.91228754983302
206.6261863628404
64.65485677381523
172.60905704076694
65.51111044722364
106.71251977181694
209.2148623044077
176.33009349211142
105.06315901112728
52.37022045481984
223.86144585728746
184.1954602646742
99.89567412364887
30.813956457192226
133.7161852907743
130.01071205936307
77.93595213190991
48.192814058140875
217.31316839432145
100.22990628175673
176.57715659134473
151.43236800821123
126.07246668220431
119.41936860363641
55.99798551900876
95.66988549818798
191.78444884173012
171.4500756594079
199.27698639362535
122.96632697563918
184.02703266905874
97.22000228260565
77.09040369128647
50.303813441193974
120.77012961500795
192.01865751222064
73.94216951143783
218.68118426035235
159.11320980708612
48.696463520212376
174.8422108009029
186.0653618482342
194.20231286905369
220.20249932421834
166.98323646079922
159.99047348076508
196.59678051159915
188.70806594705326
210.1189017178253
200.40270843321514
184.4568310243938
49.28020065171567
175.42570693665346
104.49326725365229
98.07949586828381
195.79280768575273
158.93909696608898
101.9018385252099
134.7108406082296
79.07467421048537
144.69737026724107
202.9754648687206
137.2783048234286
35.11015941421166
190.510861844748
90.2891846753506
196.30477191626457
139.25449359501377
68.11145484992134
104.37927823608013
192.80987043133482
87.79138905094426
113.66680655800081
78.29343228450692
187.5489956641493
188.01028539613125
155.69654825664946
200.42562363545463
180.86494561652833
156.70701999387697
201.07002271422266
112.07913143708768
173.00708509969397
93.0293076500519
122.20615220135193
187.67087363158143
177.6670349119301
122.33859743198275
119.62824081700336
197.7592564412729
62.78656148183659
212.14251475712857
75.03137698973873
197.60934815021957
27.16222966982144
109.46112620067824
30.318445177698745
33.26768385428673
183.89897258777847
208.70538197899032
57.81496848883579
172.26514776226583
67.01658641182154
100.86816797928843
64.38256645979105
79.32945096147988
101.02746658463323
80.31245779192191
80.59982389539347
115.65087582111113
58.38892445889446
48.3428895362138
188.98289269050116
188.8006611174635
193.29174684385137
189.92874309762536
119.04397588427291
127.50059142096902
196.15480893943345
168.31816048727782
73.83174300033828
42.311674150519515
91.75391260462708
151.66181134288
165.1362012904052
36.29696791955387
49.239882418536176
126.5084333409312
183.74301900181382
31.916465388213894
59.97554209804878
48.573911107432686
124.56248102366344
196.52256693950898
193.4969833207678
40.976391808589376
169.51783123875367
80.1716803823639
94.13624532450355
182.5823205413088
102.0446864768802
50.05666195371798
189.8815078752416
114.45509532620423
139.14006937532008
141.7188931347411
160.65865313210625
160.18608410978842
176.6290035471244
163.45520030866882
31.84255952277521
88.68991120073105
209.9641090078337
85.52497846597993
223.4338645500643
61.20545988498602
188.85890228518613
88.8584194109929
34.33207571599688
99.67470801917723
106.58256932196424
28.66608767775485
111.08174149665382
25.717424596659672
179.30381428146967
78.11210431232966
146.19868345336974
123.9809407916249
51.149816904500526
198.0360474381629
178.62506451357433
164.25535998739812
114.78223230731398
132.13985161461252
124.37617660123132
151.50988629335512
152.70127284524156
200.9474102267614
167.40525683305728
40.71231372145091
189.0706699873306
169.50283004532403
181.31106489612856
152.52673950986662
186.4583158595716
170.52207449999383
89.78242557859065
88.85614124671365
62.53862435520831
92.64558086906428
150.56769505799048
129.21647223162742
152.01371719341864
71.50025667877041
83.75620291295951
57.9067516193749
45.35619991972385
40.06397973975489
26.437199877068362
146.79896965978458
198.0800113497231
169.87548843681586
69.97158800952465
52.95744890090407
109.9942667788793
164.0081770138259
154.63833404509785
42.64853291973861
195.62590173658933
160.38862326686933
187.97983295314353
180.4316234391687
120.661514561435
125.18054644383511
121.98603426045416
100.08579387344352
181.0678520189871
112.67462281837507
136.3228130466875
188.85897124399105
54.36729306398616
31.229477058974926
85.71221835752068
176.8538248833151
195.66257123936114
137.06383250393958
103.50577397617937
190.91304739318056
37.76033951185207
130.6452808882031
177.03595797266942
53.91158420185699
177.54183903782987
181.35972394668576
155.33052962678465
163.2305548165438
51.31072360771914
101.15347308420836
57.20023401060144
156.26980444794577
210.619998668589
37.78025381441151
141.88196008233697
211.1273073654705
212.01040353158643
213.9726609891287
198.63593362788419
124.64880877898635
201.33698042178375
50.75766125022789
147.38132955013612
73.23783102824805
202.5247172003541
87.16737692603554
172.6065661995582
138.43642354510317
125.49231198725712
49.05254069039222
135.00105923992004
223.28267288210245
58.17273218664643
186.58861275924983
193.27272660563855
191.61927787719011
140.0826425345432
144.15502152278614
160.20714023348992
176.2356506713337
84.40879356931698
74.10515872385245
152.3307543756564
152.66375975585368
108.55001457630856
188.05576069492616
201.19220834745983
213.22444638795375
158.88422085358596
135.40785232097306
191.3411577241696
141.90351163086495
63.5771991594686
65.70344206782387
196.72133160321417
200.90738771466337
105.57010691762729
102.07410560987132
188.85925078547496
190.7866200543826
139.50818511786312
76.89506647431578
73.94092791328896
54.65112942505233
163.02719710944226
180.86142011152089
84.95727119408009
176.70665027491737
128.28534850062226
118.36767821895556
188.6547823454982
148.7754095182693
153.07638439908058
182.13154814120867
55.63421892209966
108.97427672402021
33.83107973670684
176.09381054916858
195.32457403744507
138.88499099897317
144.42661426909385
106.84979896239996
79.10341494894095
134.07017651539292
82.45991178195469
184.1891427178496
183.58564616523645
163.01551583326042
124.60315089176522
97.19617671900534
180.92799747098618
198.95585116839598
170.77152722549064
170.51491198323225
194.10437783647518
122.78012634239668
210.2222811070023
136.03955545533816
189.81884668692874
204.463857738019
213.57338716623832
66.46460918976271
153.64186024897322
211.1629548167961
211.52345936453975
121.79985126905288
55.54654267530146
54.44385185247416
170.12368057509602
222.5646176700132
187.26742157314146
156.1199158645647
232.16477297723998
47.72874717762467
112.45357033446696
106.82565861537671
163.79691775128754
89.63339355457025
104.3168501912371
187.11555083870255
53.54603343111017
35.96486010144808
162.07722191741865
194.66371472344315
170.32688467137723
62.169500193909435
25.967093575593378
74.27214913140615
171.75160685343027
92.31698862541842
217.41525953491725
128.55133872799635
198.8496980519243
212.11787184868857
186.78406442252702
195.38978294238134
101.14239297812038
49.350048016504275
223.62203726762962
29.29102626264942
59.21785639501074
186.51833084964113
189.1522727082586
36.64735941052033
89.34594153672155
126.28270850866855
56.19667458435191
105.34685902429726
205.3336153258092
167.284448675796
85.38222249928327
49.83924933083619
191.4513963372171
149.38032967867224
38.81115246492562
132.4134432455819
123.80845919414972
158.59791142802675
33.13528637291203
30.55164410501325
170.67265338705437
194.23282539966746
172.52721578975022
207.57929867676705
108.20259198448906
196.8257624703884
106.86400100742537
99.13838957433579
116.33507719343366
128.771964486888
224.83657427927668
228.88857324100692
193.83790516185613
45.12317048763757
220.25173410599834
49.08967786410215
107.2407354304693
167.8852808407065
83.29747277945064
108.51653407945649
60.55976321813109
180.33139951531288
176.04038416177855
167.0545140054803
200.64779260460602
144.71077060502793
41.646854197297785
215.07125622927956
42.20711359592236
163.15423733785713
185.28728458261284
135.86438995282572
128.65655688808042
123.07676792392417
63.30445159749546
83.95602061158777
104.76163033051748
148.7443645641131
135.89135269375495
91.75679265255181
203.20504728803888
201.8824758814914
197.30033374955727
200.36391084335952
71.1100448460073
81.1885711100244
90.9973867478879
85.15097081107376
182.90947825500217
162.12511984646144
59.257826044866974
125.29340951839501
119.0478067236425
121.7185085461746
69.8852914271042
170.72045054138445
75.6054580901239
42.716665393757296
72.39212512992731
161.0975066356604
50.465652464191116
85.34427902926427
86.18818212901286
179.78665100082986
109.91539791871287
76.89247755162157
130.97813613575204
77.08616533498066
75.5897690187064
174.0431442473413
212.2717276924435
74.89359313402615
89.9924290264145
202.7327294877839
160.46299382140668
185.7361529538244
203.60980225690577
166.73732076162509
183.45906754939827
109.7927835812383
57.12050634785171
195.3376719231733
130.8964360796399
151.33599438233512
215.5510370225255
146.16462992863345
170.6020489054017
104.17587294527529
190.73374455371126
80.26791827204444
96.08636985565431
48.689243402093396
172.84121810883053
134.65495659543143
181.0606770407058
214.71858635475314
81.4849605813017
152.7680507216802
29.028642798156277
205.34820942386247
170.94003573121245
175.76885018874012
183.39600355031442
223.30984031903444
120.39060597334066
216.0164112009899
93.34828471321168
164.7289189265056
89.73765520657375
43.382742341393104
181.9590535904413
37.670300037374254
92.25863042021062
44.87807367446877
165.75178576122894
183.3714924218612
88.36845199252191
211.92815983176305
121.653350562491
52.76982797654172
212.69257808146074
44.14434966809191
182.98605872580208
55.28429975084419
187.7102885654849
91.03695457531252
44.40211580071973
205.29354447282938
204.1173171088512
232.74863088221431
70.0894483283496
194.43910923987357
197.53327802147533
153.08640673138507
126.37482007246435
80.54673991960273
62.2906415570598
64.79227633051914
150.32625912797812
209.53972112955884
77.9728701886305
47.91544614698208
204.89525044088575
53.23898236820952
85.14750940314386
82.5248470531218
79.99831149825755
89.56567832257046
143.5221788635494
152.4459123031532
221.82084776543886
69.42154764536818
159.19113399941733
185.34145413647022
199.04900947454664
146.49885577955362
73.62349356796469
179.88259745699983
194.0331559616781
159.352594078511
178.78979584422223
187.55881846260468
161.375781848328
110.96047758166017
28.188698399772846
119.2909927093736
37.863093431813795
172.30267069841585
202.3684453153179
60.795909474169505
158.0986584170449
57.56766751443204
36.863037766619684
27.937226275020162
56.82873071458283
184.03199256138922
162.91912266442034
55.128285366416534
189.73685599183474
109.9958950641945
93.89950756163469
160.1113737705593
199.00364410332583
142.32819605467466
146.44386852211582
60.85363039772264
212.78995790054174
109.37860621159774
179.16985552446948
135.13280953862622
175.57305432542634
163.06712570663515
162.37689104019523
191.25631550436646
126.07092735928808
146.52273115106001
175.7491115712301
96.55828864085929
69.14856272680063
163.97101462418527
44.75061229275278
97.10725091090265
108.47711533068164
94.35935757537918
173.5016356768448
38.8909525026214
174.01780772033655
88.6919669487792
149.40512323204726
47.083163964445475
177.26011850283402
164.72867708226812
178.40517963744645
58.59845931556464
158.25926814878514
35.55843723199679
113.72163069087446
202.18921739946546
138.38384038088904
184.06607762608982
150.43540158365394
58.73402922851615
173.57432513493606
175.51446251483037
50.9014335426717
134.36646839332266
110.00921808926026
126.94241856011736
215.08012808109953
32.92552403938562
68.00672171702547
113.26631988736212
147.06831502581042
63.56282581864867
191.2273029041461
82.94132326132
93.08800559106527
98.63708573431883
192.12140557440242
224.40911216094761
130.41969885621592
128.64691268703837
115.69767619030068
193.39066168346346
59.422727812860366
52.864788819208464
69.13030490019854
178.56284733651168
211.42163964442398
214.2930900515977
207.10858634347505
149.54496442696873
195.36432147386188
113.20346810298238
170.58226452316467
179.71763931778008
121.82450423141073
157.33300516329552
173.614516891911
67.57246042272415
105.12678504065002
191.99868626601216
211.20068367463443
189.4533452388669
95.18944656397451
74.129103284542
86.03688865042348
158.41226893886815
47.058523036920974
53.86320506300042
165.9238472521752
87.70202647854136
160.24834041379648
135.05565858585487
113.2888665686905
110.34716233866004
191.32031202601422
109.62544584650044
211.12430293818133
86.3949149119117
161.49757379396777
202.11245432816324
167.75417319071474
97.82988324357633
70.1371376777843
111.3015308794576
118.37742474513067
42.119572705820005
60.19454183106969
125.92444901000063
207.2186393673141
151.9036721470433
217.94929890622538
62.16202683668646
201.41390597844497
159.19347614040657
211.92973093425388
172.7342526366869
119.05589420671393
109.08322794745509
159.28257456597584
194.16640357277026
148.97474868131712
163.57718730010365
138.1529196860414
119.06943321974983
150.3561151604825
31.946841293422573
205.7279961840229
154.14181201122722
102.27746452016703
126.5486301327038
192.22355919257322
68.9289445614165
138.26932631642867
50.02889584127142
64.78458719663574
161.44970437670037
125.66584894621172
147.73607993469417
158.2612105776253
136.0079746144106
178.91853024136967
187.35712316252895
213.25536772698726
41.41031214721957
176.15355265429122
214.2969421477952
159.0313074826644
210.9966854159868
38.05476805136554
215.79117011763861
38.24408756882902
97.65535506041113
41.642527047179215
78.02470786984658
149.02138832145857
224.09922718631165
121.42297802486769
193.14024484175698
77.82553835496385
113.61734943648673
81.4348848701801
147.94021980526037
146.08798371358364
108.77886710327535
85.64326923269748
172.32147024105612
165.68816217919834
29.49491832939029
189.72138215462397
89.67574673806647
200.44441331759506
73.30153122356218
179.30150152014363
171.8373241391876
151.97404579182376
126.7980294390361
61.90769928543615
103.18905088827727
27.880945973569993
107.98359626427005
81.68713162560924
157.2115714070183
182.91204991131448
147.38132955013612
37.308223100594915
160.33260783089239
86.8258616831829
151.9562555330398
31.346601959260322
31.671520978822237
204.29776335377022
180.3366533398081
172.08475359552278
206.10113317731083
171.9244858434114
33.52958841389851
207.9405224941984
204.33040738630825
168.2572681344373
119.77511206228004
202.23074578727244
157.81172919248797
191.49392889850435
126.25550010321194
53.5945922407416
68.36180282363331
148.83665086794807
61.589533287053506
52.192786435238105
85.37847570273887
176.77811340123304
125.07807809467803
158.27333997233055
207.86271001171232
223.04718232310077
156.95578072703356
154.76639661362054
118.93144103742807
91.0151278545051
208.19132443659214
190.75508214516867
188.5659224409841
188.06191258209483
32.923645690603834
147.30150945184675
191.6631744089989
207.74461986477573
128.14606956035266
210.0121037814194
128.12518618774905
151.4169580947809
71.88597376948734
205.89994655504773
135.14832343871376
213.6538635870635
78.54388490257452
69.98428367151035
177.0127291561625
49.447012611011765
164.45915491796418
103.35674281567543
99.06341013587196
194.41207087451357
36.22731046577602
98.95561670826558
214.81169031726625
161.50625760375425
208.93376161499148
145.57464850002063
201.0297586845276
102.95726625345986
193.93259052096522
105.66055941364631
173.2869616198967
60.32136489501924
111.41794483651388
63.21062312669455
71.30094645410018
217.33995225258366
137.009772375502
76.4176620877718
194.211691243964
152.0562164259383
201.69531777648245
184.33462021787443
45.754817933701794
42.086967003801014
196.29738926932092
82.48337308734433
213.7090798642383
55.42618151032037
95.99910665637975
159.64284138261442
175.35455337228464
154.8227839246202
196.51458081972555
220.3119135593796
64.99381646160103
90.59231163706559
172.7457261250127
125.27542946021812
161.88522407701012
134.65292223620932
168.7312726199291
162.5584288939497
43.47050235397249
215.49239693977364
146.32109726185416
182.5421240604436
117.44347913015942
200.73400140364433
181.39480887409644
136.90587318295627
145.02096425403482
208.6218902686135
88.16121773046534
216.6217144911512
183.1199132450822
127.37010923862157
184.00981316156083
70.2665333105742
176.59095090618246
33.18563025547022
145.26485129361058
102.61477520006541
192.29428379149118
205.81530369428415
191.24921279892803
37.090603069702645
36.43006018902198
29.435545892545882
142.83156577361154
43.832278314847535
168.82416182382448
129.8191218349358
156.8695690300521
102.19143281047647
27.749316325884802
79.26538154033865
166.64827252338154
178.1368520007321
68.88708065892676
203.53194079669947
221.97941897521423
203.9841459191003
174.93459837660487
156.80437485725372
104.14888013171104
39.21729919683375
170.96972207752773
173.79643861380814
194.63094789566046
139.45501850991218
160.5665876966431
150.5191217034296
190.00670028305132
142.53644168712881
41.37712800755478
127.81779119075138
48.538436050341936
215.28534105866467
120.1390104756069
85.25523963572621
191.222464223929
218.50088282241876
164.72123361456974
100.77363582019566
146.54083927575388
135.28257817323507
110.11476880125025
56.761272178057155
73.36439989122064
188.19707316883012
63.46244021990636
159.8035586855966
148.03794840957244
130.78719306670553
201.23280147261912
212.41371365947285
144.2280042327475
119.80939008282435
69.71223638601586
103.15619269547327
120.5748305455091
25.82084558835923
55.17042479234065
165.81634020078084
148.63329017128342
212.848473432952
201.554172027796
208.77107372638628
202.46121701897204
192.9227709328675
185.23403309781744
158.07620247070273
163.96549589987342
175.34198660999118
196.3324396228321
202.41293949792572
191.33205280321738
146.7523883580356
189.38016232421703
115.77629037693855
131.39597538910377
196.19146277977376
192.53660603198364
145.97267578078112
184.21918595101255
191.05654646393967
181.44912416104012
186.11438282884816
107.71928494901876
205.73681395559598
60.78842640292566
113.93533674506733
144.52095247644132
191.95451195084837
145.61316823887017
175.71875567522036
64.39947348719814
214.04261786740258
195.72969952692216
111.40475282885413
100.01943802024269
130.79146742486452
194.62880341348696
173.45450007874905
131.87210377209857
172.7865973372875
182.05854370370298
184.87004406829155
111.3015308794576
150.71759982536838
195.48338787242935
216.81962672298835
63.528029336013894
65.1882465276723
187.39647722075597
102.74401400451917
197.2980741764541
164.68893659131865
157.49528454746346
156.0540804929538
198.7013295528833
90.50132528794241
60.3562009360114
93.18384735612149
177.86342029172982
137.3042593863049
183.18585151890383
202.76638280910956
115.66746184027375
87.8170980994237
49.49100545633797
172.29897960770836
156.51359823844842
184.2903223494722
61.30889608376795
162.69182207350448
75.35948022847569
153.54710360189185
201.6372626380965
95.76926840901669
174.58037555045652
153.9116337575161
143.78804153224002
100.42392211447445
107.25248950213542
167.69735032909404
70.15291255431616
116.19506614839095
175.98206866365405
198.62603336042267
43.36925102408925
191.5440375555609
120.88687309391362
191.6255113901288
97.34476697210809
120.8414747375477
202.39508716896876
43.41583589725333
59.96898945742659
207.13304676193
160.6812094140498
160.5070093406765
69.82239945708231
159.66586591635735
125.81474336401877
181.89681639777342
182.8365211308008
53.052208652217026
219.62606969324366
190.11621611880324
196.66681897777713
130.68217448575615
41.508213448286135
112.62644646087206
84.16548052166245
55.752034027007674
65.46804326490219
140.8475008650084
164.2889384222009
45.844226559993295
131.87807240123055
45.85421028452046
181.76281512237009
174.1508905288447
96.50250755134681
165.9031371057852
181.5272455464636
195.91322141712172
182.8557318771246
160.30687679259717
142.83903894192437
87.29318704692336
71.77993691577235
63.56204930164499
89.213369181946
173.52666680591628
51.321869026144334
172.27963988636233
44.83846939079326
140.11231635301127
209.7451330103873
126.53374466518117
105.66055941364631
158.24855026165508
129.2031012455144
169.2092368221008
99.07050319325332
191.71163893413257
145.71255941922405
53.41680734159356
178.35715556837366
166.1241787987029
28.449628854395016
126.9255801259257
32.25125314496841
173.92009046181107
140.7372856370213
101.19358617376096
106.47271613320326
143.0217771110206
160.84877670989567
63.23989240352212
219.00272262136374
168.88650558287148
34.86411994258415
122.84411784214481
168.86937973083118
53.37050337009485
102.80592509260083
89.67124768082253
62.9289575334586
197.494455950975
192.8850667338948
103.31987505794403
203.11542083186953
209.29961510325543
206.7260327670776
29.740809637604062
94.64964061101634
62.92438335371264
113.35795187363838
187.42713318941216
142.76429408194977
149.5409118080661
180.32061424481995
212.6478452761224
207.71722579061415
133.13221501892124
154.27771874005913
69.03235189242845
195.44094595655685
40.18367970166654
117.55750022965182
138.01803107304053
198.4190710450989
204.41056229138047
48.72843343288765
188.6891680499548
73.76311671800977
194.33300774051455
42.34167284110753
220.32679410043258
205.51656717872024
213.00668612642534
195.7073923908357
203.79207647181894
34.49599371431819
74.17543819131077
188.6046938277228
219.42353955305438
146.78467219640282
157.27843175544484
74.41367932775788
191.0652211947318
85.36811669615581
108.03096110660739
213.15995464293047
174.40321983192334
129.1952651792164
98.16681551585535
65.7891112029506
174.3491452221823
204.87965784959434
67.70539753943706
133.03525113490463
185.99763615360266
191.9883981939733
43.81844523351777
145.80537083833048
140.88014932233122
40.95007703184065
153.20687757114183
114.4966478168255
157.9113903419528
51.18200099149365
202.16748304612094
188.94246930507165
50.168628545582244
194.4131959805659
186.92036488923688
120.14541167236384
54.79516436844333
193.44598172065938
201.43467598204407
157.61309080937184
189.89488793726161
46.12548309520166
26.377766808077652
196.49489800758428
64.37561172781186
176.74657797581807
80.40016882509045
175.0776524394377
67.58682658978567
141.3375311932377
156.05453580174978
191.72698973952606
57.12167243289492
69.7765339240619
221.18682789636873
30.678739006960214
76.57490359836294
155.97321434684414
77.925695325966
166.13719671900017
57.17769422064871
79.00097235833591
132.15109826673935
125.06644433271175
176.48448440431508
193.00398626507896
89.7775787051315
58.39739722532911
57.12050634785171
220.4479707329044
206.93697559691836
173.51494384133701
86.35087993113466
146.18784195597172
94.93819360221288
49.72496248004099
159.86053791843668
190.29960433651232
166.86514194208
109.7165791401885
192.65280330589985
163.3296164190532
175.03915097101645
138.59835971604724
159.64312661611183
44.59684385834652
56.804767008496356
139.2426157947224
203.20328878400576
90.91875484768394
137.9996883802459
192.98436454864074
144.19318206080425
31.455198621091608
155.00586787756322
121.29517964187256
191.54314249623323
72.17778743506618
86.18952351234512
40.6594458191398
229.4297085605444
199.97929681346758
147.07994825041587
65.81884870927006
173.8220711080575
110.99249453890579
174.31059566363743
151.9848067109932
138.34900025771955
184.75480839371443
175.28116238184435
205.5955190960519
25.738309368480877
182.03019314811607
202.48441311427493
162.01302232447225
146.13323572991436
100.34298614707338
209.3695799525233
135.46602637590362
129.41338139177554
49.772472088067644
193.8809932554814
81.5248183667496
164.40427908039078
48.12852234777259
48.1668308078637
165.3250355968829
131.50480811781412
174.54229128562707
115.77229903586415
223.00562611439864
166.84712889983405
197.84196070351163
194.89415478904053
154.01614876209007
190.1189168421514
190.04377969793177
43.62029478356594
199.86068981760027
187.69890015078192
152.11440869810718
51.11829311711048
103.00801129829796
184.64487624334475
95.74959023286246
208.1021941408702
122.5807965147338
161.183482054624
213.28728874486302
161.77115553882373
31.109689701162814
161.48825476913277
93.46786935220251
181.95689713699065
178.6814656014625
43.12961741702728
137.08704098552946
32.39894352205688
66.37089206778248
39.732435066373746
84.22846680108763
31.7064753250717
95.53599537510694
181.6844915607667
145.42164216358213
178.2942295495208
188.2684013346737
208.6269025527087
178.06029725588368
179.48812897099546
120.56187052870004
47.457982687867336
68.10343804895066
184.30149843033632
211.71997611139489
48.197447034701284
166.1696435749107
29.268265074340075
128.5971192859609
205.3117864668977
114.06883476823795
199.80128173755088
187.26799272852844
150.50053240876957
212.92944794300922
166.98436330515943
31.894356266092124
30.679700710443154
51.708266941206965
34.15606396508816
151.7719748559501
181.004697978653
113.10341281447195
53.1068420159066
135.89572037028157
162.527399568113
190.04549738184667
192.69628956986017
183.98907552442398
202.14422560191346
90.19574457360541
181.3447483195968
85.13012840387995
162.1073314192714
198.32196578026293
41.65984777939994
123.42715756246515
35.94794392061592
142.56344019821094
42.07295648381957
95.62347507534213
175.87001575976493
165.82938571832523
166.93021272839067
187.27317813195202
43.628974272712554
71.13087027727944
66.40563529396402
197.0258881185559
134.1453560620325
219.04273324643282
200.44461257536292
90.64818339089054
86.62181849626526
126.65881326737208
107.32607768824082
186.55968745313552
178.29824071459558
48.38030346057312
51.26599921441504
189.74587082011425
109.9375904984048
123.38021466074889
72.13794390546087
151.14210864136828
161.69562171533119
84.34150112378836
180.39890240421116
148.4348935685949
139.0102610168968
98.78509226257334
181.7943422304051
172.11451843682082
175.46574095494432
53.01966525703055
41.50186080641041
176.0570432108973
155.17628042104133
118.74067617153219
145.86726912222298
29.683931062488536
162.8030944448303
120.59119052503581
191.3979891227851
38.15412941569589
180.60883454698222
203.79275374765047
201.0912235755226
65.2445948076997
46.97742016559954
156.94180078549897
81.21853526816192
95.84191484040771
100.05916661998926
176.77528284529657
136.68001195956464
125.49931323069055
33.73728474243214
44.53659640476235
214.91980750123162
196.21099469339575
50.447707071698055
47.93339762684377
179.9798695251942
202.35367694913202
200.26937100994422
154.69582804517435
67.4112930023023
167.30409863506898
48.035247341263684
77.67525225234273
116.6798962893581
78.04848260251879
143.43756335649388
192.11663958860095
217.22424443833816
80.72606299428936
143.07328979886296
172.15042206765094
42.79613122176991
228.60842803667512
199.49099066415485
67.62200865136064
199.2229824304296
91.14659773541203
183.19880918477452
170.30658342971176
223.13540896414702
191.01334569051133
204.94374124007692
148.4797335371926
161.77083223935864
79.00284082260234
166.7344330534965
47.72182661562708
192.51467008541303
178.6780645491441
95.71967298983155
160.09664144331188
90.37472561509342
205.94328394603622
233.22899340817813
178.0936555156726
110.13192082373604
157.21925329562674
85.83683350766728
188.26673093246143
174.83951583003227
115.98487090510466
175.98078066060003
68.66438353539722
191.0397402956569
45.304924929780405
199.84177025217488
107.04489144776348
32.66959434523631
153.26921907971118
151.70110843055053
184.3024294082526
74.946534706702
109.536596714817
196.29070300911474
177.5194410372456
189.35635770476748
52.72763128189537
164.65841804237388
209.6651702076141
