113.23522139973598
173.17196719929197
182.6357708154115
149.90026515087735
137.06689054704256
86.68232075676173
161.4714390141963
126.62216719079473
82.71832841483028
125.60189223376965
220.57442167262568
184.3315985087483
207.26291798245202
197.49762109835672
183.25972067319884
123.16340754876911
186.6260037687239
187.1441209807442
92.94830346231535
25.7058223527308
78.16868913276365
35.39409551354885
142.6173706824917
235.13671626610693
203.65356968164468
130.80689160828464
116.37962944117959
116.5357671536573
71.60267405403587
141.7516874697971
142.3618916613548
135.69643501626507
155.04357655777986
185.4425927687718
104.72723105816138
207.85440492510028
27.238997818958776
119.92726099825865
178.5324558488932
65.5234113377132
178.9853957884942
119.13994122823229
75.8227993860147
168.86550755270767
183.7335436145221
186.10121953918258
131.88675037706884
124.53643963431621
52.23084458278797
89.46920495152536
68.64234353083185
96.48378241846227
100.14519064512663
161.69501517421057
125.5597687654466
157.79016734750365
132.95614567534722
49.06021671160082
203.3176115307728
65.08409381969403
98.12324360863796
73.75039687294223
182.74004273529644
212.84775680651842
39.836730432329006
205.99297645336068
181.7417364408795
199.44391776055951
193.85372532472852
187.3376919565084
95.2785293470776
147.34021500485179
122.0825155984111
39.396304089904255
135.13698311550237
72.05002480589246
206.57819077213946
176.89880101860834
215.8539139758319
47.53874091646412
139.68751907149877
140.20258255945976
106.91047980020933
94.69458337586694
79.9645469605831
108.61707687461828
44.099318280109564
128.56029516650383
32.00366686734713
150.58878566501005
170.91919383774496
71.90437440917282
211.3446670828225
122.42523927821021
42.70970364508334
170.81238533605327
138.82623622073368
101.58782715258603
112.70598729005582
141.0241984201692
38.19443823555837
150.67406561435345
143.7257344018631
168.41957686118954
189.0024740009311
147.5655664209347
190.26359360494482
125.03783337174492
175.15978594881088
122.57942783100566
119.77944778332402
59.58111749728848
35.40714094793867
66.37803362011779
93.43527874437842
58.08638871288693
58.737655326337055
75.47142201759611
218.71198245725597
145.10349123538762
190.11632120493954
126.47760419363507
53.80874882992017
27.605324292374416
184.1332329536991
50.2666212582561
125.90240653801894
211.83884239380606
161.1624458221634
61.57733056846552
184.04875794633438
190.32948947436918
52.133397722426395
174.72246190489017
87.72228814338114
191.12533106793143
80.69683226326997
201.6222097608361
159.8426607040978
187.82319053376597
55.28298539045207
201.39887700616922
192.54713158951947
84.65536413878786
186.8276806360907
183.16713948559197
206.54996744109505
188.30480081447695
191.2767522521242
183.40474347985239
130.5828504727845
33.383309080071065
97.0839668196956
69.89923895731435
113.50394912441875
186.23202897115735
56.520604522502595
33.63627298779408
100.31440390317458
206.80063876588883
35.06906584091973
201.8348590062898
180.6508357990374
177.82649330472083
149.03701135499193
208.6247960349379
46.84768398969829
32.44619435046505
57.172123127789156
207.14337119404547
79.48699327235326
160.71156860708706
116.18043021791631
46.571564370626845
179.7780969610757
102.98830951672888
41.52429823498061
117.00231581220976
220.95019576834844
89.1615068383665
178.60711467668358
187.97273025497503
44.83547561773644
152.5867951799116
46.29593598600258
97.89160766118646
52.226895166070605
162.97979257843815
168.32656519289418
53.162115931197555
191.12763347413303
130.48225719399971
92.59341304854352
200.7349215526864
52.927290634861556
190.5035599958317
36.59631381376294
204.75783420761593
198.2880576607687
78.47488248912855
210.37030447816545
130.29960717950402
66.80627342334324
101.73057259431843
192.6828115688135
161.42388381133378
130.69950805891932
87.78445143742715
159.4387007669986
48.17072483286592
54.054008122791
153.64418652912968
174.58999799525594
127.49127364548401
112.91736602761048
157.7154297339437
164.28999182346377
201.18946643337844
217.0501387148676
212.03558970287003
212.28825806917615
163.56203517414644
176.77785244612332
38.46078658170747
101.1105093205731
131.95459116665458
203.49098023194304
168.62740194599303
149.32702075048698
134.0710734619256
47.246459137018185
157.8985180204582
185.65198117435855
220.8173025556251
204.2189639968039
102.38115661742083
167.26369690431756
27.25228189900173
111.11927247111672
45.750012570292235
38.190227743903584
193.9914967935406
100.07244013688646
163.16191841968654
93.40047073370953
200.97707317496585
76.6966556422934
188.4598291838841
62.84925243815416
211.83303946722367
133.30246806402877
153.22510538462538
61.33864472171772
84.27209092890021
46.729379558310804
168.35772108359586
56.646658712534276
100.4191750169436
178.12542071472362
182.54742172095342
204.22919979169754
176.44639375367518
112.87729370087358
150.5657384395272
198.36385279345888
90.23300150668805
211.50606510968979
100.77633743097742
170.76296986662138
120.49205844040598
60.86188314290921
105.40448604556286
137.57796902046854
89.7637785355858
81.6511152122342
46.91536784489087
68.34627283610196
206.21101601852013
129.9868225347396
144.13844192245247
149.26720463350148
187.35331090802316
191.27805693302633
188.59861179991856
104.67198796744621
41.00241703702448
89.50067624334646
186.78563854228068
192.08076304885338
149.66371587848914
189.62315132600673
40.67772673515985
195.34730866743087
208.10890796421836
60.822831961531406
169.59203589668442
200.5458278987133
124.39528952891125
162.4392250622463
213.37809782691963
140.6806820449922
169.070626784765
137.41646043343144
170.00800255466896
140.22361321204679
127.07548588183775
106.11073017532998
121.1703658568121
212.31359400172985
40.978995484384036
217.4958848568278
195.88975424846532
106.19882933094046
67.9521620545427
164.99100455218485
200.59281852883413
144.8591880367824
151.2078989511763
214.69333059464523
178.81123096039806
214.07295248733607
116.61242641945229
169.4621937586883
175.72082497574206
120.88997854626595
134.1664007437354
109.22200365990471
125.8395917454841
97.95802640415656
53.84976070771029
113.95439858317073
211.41467652475848
176.41082635189792
62.932057210273065
123.46835724152098
57.67049201429961
175.06395251972415
181.79060422361002
176.24328645405325
120.44562422684524
116.32586758002549
191.85434581436823
196.99469601864493
151.2224375557189
139.49547192393862
117.75828333960501
179.2851241378606
132.61210510687803
35.222579068136284
70.5615919836306
167.07960892635558
186.88038098155062
191.40326084966816
105.34256308337143
200.98797094214288
122.046588370981
102.63821487780996
132.86502167057193
198.3749146280797
208.37215724063347
87.93085320418024
167.8718116488248
92.16920734916447
143.12048528135546
197.72062359515414
109.06767676717392
94.48857813059917
144.99901887011177
39.985363910395975
190.2128254788603
181.70153698065516
187.7286642524204
136.45235647131386
196.7844311035039
120.9744640343591
46.37286591111275
38.134347009602166
123.83216951493552
197.940423522505
35.02783818488023
117.4456490172972
141.33383284790523
143.60062371898545
140.1458183974046
82.17703177018993
53.01465999792023
151.47851421649844
144.84654932565334
152.68208143668218
189.6010026546916
204.79134875324803
229.0368540559469
126.19507957899177
34.276860953766516
203.62973400530564
197.45375727857308
206.68632593129323
220.53130520388297
87.880058347094
141.43782271999416
134.37044370613768
118.85030314067922
180.6717890694578
37.689678752540885
182.11875326215494
57.05924538520388
139.21459780938795
60.107575459366004
210.39087137520536
99.28078106296259
89.78442838424974
53.63812600595451
148.916372957066
135.29940577108306
57.75233064689674
176.6270119148157
88.27546936470173
87.35876164888693
138.09019733506278
185.60616135130462
72.65414842855057
195.16021515072015
211.38282864517464
170.49557933653705
121.10479258233435
81.46476456320661
215.79847681180854
39.87332599995219
203.52054889701165
116.23690274069143
205.12401059615965
200.93883193931785
128.82008344694853
107.22930632438435
36.33231890934034
211.0233114472279
196.61812674320305
93.14291318188957
155.7667455572604
176.48262861361567
141.5148164842156
150.05787545811847
72.29176437569268
201.00674543412433
202.7808549552582
204.95771709330532
72.65647005434587
150.04846402420654
132.088793443048
149.1609878736968
37.552036054520585
48.25931772677955
201.58780348802813
47.81153055545334
175.10704574103326
137.9051713977499
118.67268424304991
204.05549329025172
191.43062479299087
174.04808050347435
59.957509756470074
186.65529906505424
224.21460094533873
63.11194387331376
75.96677365758339
81.44067291030409
28.311377626495137
196.78058068436516
91.11535218483704
68.2256700039697
179.35808388610255
106.26498438696862
182.21720253784494
32.24104734683672
209.21069005607916
78.9942263587289
203.09879634299207
179.5244479412258
55.85667943854214
204.40833856023966
148.65409326974182
65.33043205351512
61.77887350629037
111.22249894295031
154.98522089947204
37.641004181051485
203.85355997633778
209.41114858455475
133.07919417922713
41.49873814485322
35.7282673559706
84.12199814576465
98.73401590669432
197.1293871836061
79.52503823116044
190.05378036121726
158.88482033988373
144.06723446556327
199.90997680369796
183.14421226635946
125.50087440021731
178.2636609263969
26.053450083940263
160.66510516175322
211.30068614679055
196.90222848418617
182.2061426433163
118.38836431961823
175.6493648779339
29.473088486998233
44.111279632602646
35.05027454072882
64.37546726706691
197.41445909614805
192.40492177384934
208.32319469051876
193.15584281862039
206.9742089289411
41.124623933929655
193.93084435540857
177.3773408808567
195.71558658992464
131.13925390130916
65.69058902943648
187.83245536207016
212.12635022686726
79.71947789489982
135.68104397438066
184.62572617837847
143.89305421266587
172.41671897565513
193.5116533231925
119.75364239654604
83.73545077447393
193.49555790454738
128.56029516650383
198.1484864580568
92.26382406693334
190.7550824368049
73.05241422958854
52.081113491328225
195.39989724135634
128.93103991048395
188.39900860878953
110.43628520967432
56.6143161968107
150.93326848981192
142.26084914813663
147.51945988663695
208.7283587354925
134.9522629757777
71.3811355675585
149.1873668665533
63.99687630182634
138.66190993079886
96.49993660819842
198.87237562599032
178.14837521028267
147.29409777958514
62.5108430499301
31.69580767909973
205.52561989849713
112.16784825737301
175.20648490122753
224.67437812581153
89.26720895366232
145.31379292318664
80.63895190069998
203.2291989215385
72.79375918489215
143.2965293719689
66.46569436049879
195.08965525851357
194.73258095531042
130.0560431706766
171.84123343980065
194.52743827787603
182.13479170432095
83.83128248284348
77.77801261427396
114.33982677530395
124.58303216021058
221.95264983266648
199.86934834919452
140.05221880930648
179.82624510927454
51.07496500163776
184.82254981532722
152.59440695710518
80.96738541644287
140.59023978996427
145.751567973405
197.50112516400623
177.12076198239689
175.15417750883742
85.92272811384443
157.50830778369783
131.1930888844115
85.70803301299956
84.10247824922395
196.59972935754215
166.9683228845755
217.00938926772207
160.1999160128281
189.5747848652289
102.17303821420751
187.29668286934628
183.34549850630088
150.42734944398424
138.5282364239643
196.39725622417032
89.66492176197917
128.4572403803181
161.16345602597326
175.6435215648425
82.26446402003182
210.31100034391437
87.11972314164208
224.78153837169685
70.50785542330901
144.6463341641063
162.73587237644176
135.16368818280887
186.87012133063064
30.973836472946058
138.39909357506517
182.59949385349677
174.03348777477848
104.39141720091173
106.68169456635181
200.17053889486007
77.53891928244269
143.90380505075467
179.15547583503565
180.76574242561682
65.35908274653133
172.81697722462235
172.6586470988967
216.56256743391253
168.86990030428498
59.36483610924643
85.63291661280684
31.34967657544037
71.8205207209344
153.78428642815913
179.6333772040117
158.23321570141144
41.600062310475934
146.5739929291582
199.91646831617933
138.0348550790624
135.723134567237
124.28192150586156
60.53820116114112
203.60428579564646
51.46841581914048
30.145492446045242
174.5696180510579
192.03529410336503
184.34426806523913
185.262195636674
195.46830494545995
184.10393200534463
34.47399642675269
74.86531140576665
86.34231174807928
52.321089389696695
127.04063643502003
199.12802784968162
134.9589967386795
205.0340705589696
208.0529961872322
75.20540103226993
213.06969034290503
101.84622584652968
55.41977444546477
189.0941033755421
136.85385164581817
202.29109940929803
211.57582500412445
181.21805530921745
178.15498893237282
184.44521300099757
212.04882550895786
192.9419493917707
146.64889509558827
179.56212680214296
98.44167957640457
181.08496145595595
141.2407437157501
74.38914971004615
79.30600885314934
39.096813437161806
119.66873750519343
186.96765051396088
113.30714649021037
63.24065725359197
150.01938733366123
140.8023709447444
124.49632199413945
135.84318781461232
185.0847222135601
178.43875655363436
197.49102730858107
156.06461962384853
141.3098991696959
138.0729254071206
111.7364397858976
189.07405085411173
85.26141945480623
180.40399032963214
192.32891170624941
214.00069652153883
101.86948037854268
178.26980704697493
205.23245511519835
107.7460980916117
194.71204093188737
143.47461174595244
86.1121490103504
213.85936730681215
193.00942832000396
158.05380745647284
98.42669791496628
219.8740796339867
210.37656769115546
128.08555743749724
170.3146057177798
229.31021918863416
100.05688370351758
205.42675630976595
101.85064648637719
202.26945263105594
229.45988278059008
62.92884388564524
161.31499873529776
97.54029484587
55.95268519677823
198.3441667926363
169.05172198774181
187.6283335199419
90.1278144755795
196.15373159069986
192.2844847968911
163.6096800825035
180.75648391896718
163.74413161799436
102.21946654152866
176.52984824341453
34.29351844253391
134.80466916094633
29.816003244428053
160.84742648877156
197.68017784673376
70.11182573236634
169.86148216222193
96.15492906698806
31.989067449869403
174.33745624715684
35.85566272013864
29.40019282072235
214.66590002493112
160.4880874661522
58.29351619873859
41.18991899619312
200.5156713959135
180.9674207313987
63.55249143260122
79.03886142689079
115.89714720449024
185.67035616572963
201.89929788833672
34.08835602865693
200.03856115029578
64.04769169405694
129.94582702128162
153.33385308858462
31.99065761947938
151.89091872544628
65.55960952170997
169.32102543328878
70.56292580011781
197.8513553244439
107.91709739533536
95.92757883965105
109.112343039602
82.13185196441734
193.12120072612697
115.6638754408079
138.62745600307989
234.04414710632273
171.9689619915475
122.09512657418891
65.56942717345768
220.69941424706477
121.20569497757407
201.0971579620456
219.34577814937833
197.65671953337804
136.69492915577095
99.60117081208446
121.18222379655839
190.03550143068708
47.321356242968314
199.5265930968546
137.24003826930394
188.5146755874339
62.915560315435464
155.5306856042429
86.90155219861083
153.9301161243568
136.77455067657053
101.35306745249785
48.297328920251935
153.11483374342214
38.8227489422345
178.26127759887572
141.7140388952327
198.82721732667935
134.85518009668658
184.8890430249587
78.56367474874267
117.0919247662301
31.115195527848932
80.5136830381115
109.31098544903045
226.24663295499377
156.78364855038967
139.38676625946047
200.95369371361906
198.74334160345467
216.35047332206994
49.83229089670985
142.50069487095877
177.87432888784477
170.83205667516103
27.301385363308434
64.27762002854548
89.22540710703662
228.7531604380236
183.21017778284534
165.90141033641316
221.0967321481654
93.28954014665594
46.143349706720635
158.57060720898903
166.1027557469275
131.53560841096294
200.31931421124193
87.87337409206191
49.810121904111284
94.49665943617687
196.54584794775027
60.26592094046184
74.00026554311026
167.3135947540706
193.87915026811308
169.66778179551227
70.09389740044836
200.0854201549128
147.1743417411522
34.275447203732455
79.69697915072004
200.11703046246367
183.7972248778444
188.89037472171808
85.20276461148116
64.94710972992179
128.65993859871153
189.59749080426394
67.8532295161882
192.44085387188719
222.21969367469947
190.55539371206038
191.26265385622608
180.82841431289833
64.93376985507183
136.1110732088736
170.17225165001196
99.15024903243983
167.2504912045254
163.65957775119432
203.93426761746744
170.06681688910453
216.6583900326909
153.49064374255994
124.02517721107118
45.02471296984566
193.28345477301895
89.55193793769072
68.87010732943237
159.2519096174714
206.23549664169198
165.52046629190087
98.43177739892315
154.40189097466
206.43585910623455
208.74202862679843
147.8564530125326
204.95829055597545
159.8593749309156
33.245039662482206
206.31832321755553
67.19627839205
40.48922324484832
156.87694492053848
152.492052696424
168.77044706401585
130.67424926487237
67.28222461756755
154.47139224807913
146.74640708476366
58.32850387530454
211.636990400873
186.52750770865612
198.7597718577771
37.343342266125354
60.1418801961726
159.46358759845432
158.49436345874213
203.02016783925336
213.08312370549817
137.9046856322619
156.6307961496881
141.23206770167693
48.860498878220895
97.12224548897937
52.45867883223875
94.33944307554593
124.44683528093415
87.55717761742528
230.5751005452544
198.52867018115182
61.772865564399076
145.100771644144
45.47743048451896
154.3172296519541
196.75793093585312
155.82366322866272
111.0066438623322
197.2978177325826
137.2960267599701
189.50871063934804
179.61495410654987
193.71423245209886
174.08779351382523
55.55182693993545
174.13151820322358
146.4731300232564
177.75265922289643
181.5408572339393
223.45646976381062
105.41766844018858
167.25348438071796
188.99147251208746
81.84270514558683
201.38882562589257
182.42253642287227
198.32789749701493
152.8199243037324
26.928857533198208
199.4747775453511
210.7345992669004
149.275719330545
185.2605016517722
84.13590213174791
139.60905669438964
126.34315678262003
67.3224645054714
186.8171996960368
178.64518989283846
148.3392271169086
182.21772016607022
175.44913593604915
168.507871219466
168.26910420871457
149.72152798597247
151.158923891398
89.68449503062905
183.09424748535682
111.18112746184588
205.9239886584132
185.54150344417576
66.78823676151505
116.18293181663786
166.09957283469825
27.368337313327604
176.55000540851597
88.38839431176098
157.99688515386245
59.90229176851592
177.48967100861375
200.20844708626163
104.5902495157857
189.9402505639524
181.12514499993634
46.59548656657863
146.79057319745095
203.91381625959764
173.3568259112673
218.28319616033974
165.74607304682567
138.89399849458897
177.69536481907699
46.060562445151504
178.08672808766983
226.27645655092803
115.94572632679268
216.69789570020674
145.71855713937202
184.07602634930342
142.14948831003596
179.57716226491104
208.21096204031235
209.7626494600862
179.56822756985275
113.65989537435688
157.63426805978204
55.64364527086555
173.5749608301369
208.38991029395768
27.43649128680217
188.8684052333046
175.25265936984567
134.1307488368366
207.10347353768483
64.71172107862604
169.83172016228903
64.48659813300134
106.32871754516746
207.55615028395692
179.79138426917163
106.79007227005285
52.60170016948226
223.61088457485602
187.30327948508327
100.35513573404711
30.847802665212324
133.9446990731527
129.3966233387851
77.01427841521483
48.70475105093593
216.49934677940837
99.83814699778169
174.4261122743299
152.5059685097923
127.70783747425253
118.58859306619281
55.762039073475165
93.99057249446967
190.83569176959813
170.41877582982235
201.36571220843015
121.27962515386187
183.5369328845162
97.87045096238461
76.78012244257197
50.106784843337124
120.636905215617
192.42420636077676
73.92959472504789
218.19676550508976
159.3493849591868
48.87016422483761
173.22760594881768
185.718443980559
190.64821441031577
219.66673880479937
168.21757599614347
161.21159445181942
195.60905953383826
189.89374423704743
209.3035735288731
199.94349682898573
182.70070771812172
50.260664393142086
176.94530100035072
104.64783541939863
97.79845039137643
192.831673412674
158.0449903919697
102.47376187438518
134.17645618534354
77.06096201259149
141.25580433069442
202.7325075388743
137.2109220358695
35.10488811900028
189.65813274224314
90.91955466449275
195.05660715635705
139.90301442577385
68.82677701588908
103.90379302289978
190.6379051923448
88.48187899969793
114.66738371836435
77.18808133579842
189.6432278345897
189.4056984947376
158.91324408093206
199.95517859957582
180.2352509288615
156.33380021703104
199.56617437633085
111.10609131515113
174.08933171286247
92.92546086102713
123.35239790476803
188.7603307992296
177.91014111094617
121.36541425128543
120.2073466526291
198.16069678157137
62.236701957184586
211.331307352961
76.26988148046746
199.15135296604433
27.184047987326544
111.5969506893307
30.270154178846074
32.73863691111631
182.77773975848055
208.86336434058603
57.82414422226742
173.05676471393684
66.75738880348747
102.86373799891045
64.79282804091011
77.62450433913578
100.48005228138582
80.77996873759555
80.5645320631931
115.9470662650966
58.534576521296394
48.600796108211874
188.7093234649664
189.38382780390126
193.67296356873067
189.32680992878343
119.0200952250521
127.56302653521858
198.560563759516
167.40888765109935
74.93051841528353
42.122331839522545
93.11368395898299
150.08892928669903
166.66975299282345
36.12955660065972
49.53497397772111
126.88992474922726
185.52740723119675
32.229893499445566
60.3395393348066
49.58008915468233
126.57162009041505
197.47509918520075
193.94120539755647
40.3173635720864
170.00697731883594
80.27631143024261
94.05208541907224
185.6918652176777
102.6290942985092
50.019739663635576
188.86462968635496
114.82077966925927
139.05706615884665
143.1490482482345
161.60478685873366
160.93654823766104
175.4059703742177
164.87764426562575
31.922576787429417
88.89182639771091
208.99184028829643
85.10072152117549
222.85030241064584
61.611570391706174
185.9267248838657
89.66672240258795
34.32896751824343
99.57094319630376
108.84422041078935
28.609151327376903
111.59974337429858
25.710392322049824
175.88782333629712
78.40565995335531
149.2458348261451
125.41512687581402
51.20836342929791
197.89871385088443
178.35204232614652
165.02860300926827
110.59753107730147
134.3243298981338
122.27109087902429
152.5245832344558
151.91852090280707
200.95162028584087
168.15529927334765
40.7717558251922
189.8032433440119
170.4534256833325
181.90657368814084
150.75391160665438
183.71245097021392
174.35276231803098
90.09880825018841
89.3502877869524
63.0904200047724
92.72502066601686
147.7920706081791
129.57614690331513
152.71745030521728
71.92491885331616
83.72508542947617
58.2598796681898
45.53129269839388
40.361542826612045
26.374162205734677
146.42428767305367
196.69301778206477
168.97059274563009
70.04700844804559
53.05903987633016
109.92504970867483
161.2560739911581
152.8842977176035
42.565165954250325
197.47619627974566
159.65866266638838
188.28144320161493
181.12306727455737
120.38455971996507
124.64571124409652
123.79708645661151
98.8498586856221
181.98446941956874
112.04801971513484
135.70131588246122
187.2223337997961
53.63505275388803
31.23147325398932
85.89794919039277
177.85919849762365
198.39821178779093
139.21942831244243
103.03298064616489
188.97436110501042
37.92155999606562
131.37098328906063
177.94319442367055
55.660902047426106
179.31123992869672
183.63616260701053
154.28637200859006
162.04370289200702
51.777850733898234
101.32001149531008
57.32811665456404
154.0826969531212
212.6224388880204
37.726820337236575
141.8995062599924
213.68469315940294
210.45074879466628
215.25472918698284
195.9193929677224
126.81450941782147
203.21116882372843
50.34025538190011
146.0006222469829
73.22492886754635
202.7130334666342
86.53993710963682
169.47822345157044
138.11377804275304
125.71012351792841
49.088137763350694
133.83430188093052
224.86270504759258
58.19057995729153
184.24811206698425
193.85932171268155
192.19789061952147
140.34767482968914
145.7809721180928
157.61662206432277
176.74393220317197
84.74239109824754
72.93277013582184
153.92847835296976
157.4491956719851
109.09962962667379
188.46070105549845
202.00205377433937
212.6381004787422
157.53536832988405
136.66751746070375
191.60641754415474
138.76879597159606
63.66215331644282
65.61855766574377
195.75740253072448
201.65786717036292
105.77868746827434
101.75462064214484
187.6949690972763
190.99656959953788
138.23560994902573
76.96436810796844
74.42884826592825
54.4152460219561
163.55157166398575
182.77147292887338
83.0873384857807
175.67180957952198
128.16480031095602
118.49054544474386
187.71090025269834
152.24716042482055
154.6500492577788
181.17420515676878
54.800204765600064
109.03395570271807
33.855486014438924
176.3062726708454
195.95771303932625
139.04714015357018
143.20496506483454
106.1346495552155
79.60875055027795
136.1590971525078
82.26395061459104
184.7312419866312
184.01596856916942
163.31362458014362
123.70297695767839
97.1772232098145
179.0759315041881
197.8711393825811
171.1533529314184
171.16305503933964
193.0881859872092
124.53592796062352
207.96713938051357
135.99449397895313
190.08807650406607
205.01481368983727
211.12488745551073
66.32244130426399
153.71030024164142
210.16887730385633
209.4566119717271
124.59762125580514
55.60337424471855
54.01529824163046
170.40416862098084
222.84203731767812
187.75669558604434
156.8073146907295
232.29462589856524
47.74054633806745
113.23747276997776
105.43491498209347
162.32078639191275
88.84388512275517
104.35240190951458
186.46823139204892
53.08388140918323
35.427490702394195
162.89393275920827
195.73115873598664
169.7635590834543
62.685593020219244
25.969004248932098
74.21502547753936
173.17527315147063
93.62931723175714
217.66493078553884
125.04021001552489
198.15245250112946
212.46621666477785
185.67522291006762
197.0904531329509
102.32014934254624
49.46612109964297
222.59661964444086
29.349948376657586
59.61453540607311
185.82164667336713
189.22154465848195
36.64554383648565
89.31552952914355
125.82534274701592
55.93849921387246
105.6360365863902
205.9313098519422
168.28245956636675
85.56894382944192
49.64797194639221
193.77894157202317
152.64164717917868
38.83171853913714
134.8714439556613
124.58293753068762
157.61238462221948
33.197378967064274
30.559394913827095
169.85991337981721
195.51378966007786
173.62731049740458
208.26692460190233
108.4526114365019
198.03228183990575
107.29164521280899
98.3461972393079
113.46624897807591
127.72351960973484
225.383758392537
228.49943053094938
196.42259752108058
44.54425020292271
219.3155796846799
48.75710393912276
107.80003536142586
169.8212746887579
83.09919517690304
108.10331854985469
59.59767811394253
181.24045208107339
177.61590168204205
166.57478518536692
200.78209753740455
141.89692890461095
41.552031376583805
214.38362727252903
41.889554346202125
163.93383411678676
184.91792829556456
135.48079947404815
130.31106885780062
123.64977192025734
63.39388397301933
82.97539496283875
103.18783747773615
148.39940146261722
133.69098262244663
91.62235755773597
202.9232067746423
200.2047262078996
197.49102730858107
200.30507913835297
70.85190560639703
80.70872378963078
92.33083770273552
86.41595332179612
183.62627067142134
162.4376954394892
59.49506374389299
125.63762523320736
119.4113230492736
123.1936936345142
69.77502616599116
172.10919257067826
75.65992026706563
42.77145765439075
72.60212023238827
162.16721892193328
50.491519690996185
87.64078110136181
86.01177893496128
180.40056333709538
111.20098966666063
77.00225034079494
129.25630545123298
77.63243382457196
77.04670093003435
172.70897712594885
212.25226155647442
74.10854819573078
89.82547001626068
201.2780507250717
160.2912481318472
186.3145408082091
201.80081689027423
167.07154171556988
183.86297171644145
110.0934438978235
57.112968824252185
195.47067684733275
130.78805842656234
150.20463204964832
216.23903552051996
144.44484662576787
171.5855464574647
106.67686188607496
190.77662901670783
79.51402064979634
97.00797341572537
48.10925609542171
170.13341885957232
135.41094071021155
179.89825565948212
215.10315974171323
80.92030038213191
154.1695400111485
29.088196248626247
203.08301612292883
172.37226493559996
175.3475423726553
180.75565621317645
222.92583546740377
120.03083464367333
216.25930118981935
94.28529930775284
166.03059002419405
90.27717043814924
42.89998630219862
184.5820138180608
37.724475691587514
91.61828008843601
44.83109420901139
163.48915827157424
182.03290272241614
88.42043825398424
212.78419287514768
121.09704550595981
52.96446774423297
213.70500323415067
44.23502506304583
185.3260447896205
55.11428499310296
185.81807068177824
91.71828099508878
44.117476473184716
204.93939511171655
204.12232149813318
234.21181863047758
69.78976263226996
192.5459723354437
196.98047305222926
155.72331925463607
127.2719760090662
79.87937554994222
62.27173737429811
64.77040319455662
150.5003988383284
208.6655645877255
77.3131479591643
47.69752820337602
203.74255782249963
52.88975657934126
86.49066513805407
83.27425677447401
80.41857675312897
89.65761220081968
142.94561000514676
153.96201797826174
222.13959397955853
68.88627421179558
159.40739294609722
184.3519762453825
200.46128038704276
145.4542925956882
73.02916523596302
179.24240355944625
194.39060465192523
159.20492074193226
179.77844150807798
189.04290469320156
161.83939762526117
109.63242307982344
28.23918298700552
118.08100276514499
37.54333766445134
175.02658591550403
201.92679673290957
60.49236147523459
157.45919900645467
57.74514572460161
37.13000389219538
28.003335379373503
57.11537534772582
183.60903319411548
162.27775484540064
55.181650435857904
189.3568336198704
107.98390634125973
94.90233050062173
158.00759394796899
198.04084996394747
144.09785068234987
146.2725704848424
59.853998261803824
212.31404726692443
108.92866856772055
177.99832087018794
134.91982326417863
173.24915945658384
165.97589305298072
166.2900956209622
189.65388809663233
124.64740876080107
146.88834026837566
177.51318995109708
97.52331631694321
68.86748941410106
162.74827574989317
44.66313643084022
94.41214558477526
108.24548931550578
93.22498963103791
172.4672248326555
39.29666159382096
172.15340394165435
87.81979643358832
148.35200375688578
46.84838203016302
175.17499429488885
163.64851089213465
178.90132931895815
58.93474460713147
159.314869594195
35.151611262279836
114.53665309682987
201.11716398130605
137.01996154556662
181.70987690585963
151.02006124061114
58.8850588829209
172.24884109927856
175.03007455650595
50.71449715037039
134.1989901493717
108.85854551174165
125.50903789032353
215.12454514296917
32.639274367935684
67.06962805352954
112.23611327800687
145.20264157226768
63.345932222278634
187.6615667176312
83.20561301273689
92.92278765587841
96.60612650038755
192.3825111722156
224.5206059062021
130.08467660588707
128.43575228570884
116.13539560782992
193.75734347180074
58.83031600566402
52.69552791672249
69.23804054448756
178.84866389947555
211.6112456921186
211.4198106972293
205.8102810802226
149.1609878736968
195.60442298036543
113.57362096742524
170.15214490481884
178.65196388950065
123.4718511620805
159.98593718818066
176.09607916265708
67.75098025096278
106.68145532960664
191.09067584603133
211.41022084272183
192.207541583422
94.13911842801762
74.45142370120391
86.46204019487116
158.53529505708917
46.634201826684496
53.37497903630182
165.51310100560985
86.1057136851357
160.40275523140696
134.85518009668658
113.48368022083491
110.58390689331752
192.19690182241786
110.7163190146198
209.88909515603353
86.53515418996507
161.69936487899906
202.9686656662239
168.81661993629234
97.51960631093341
69.99995195135021
112.01315757740406
120.72073719917937
42.14456708435427
60.26572363297174
122.34427049798734
205.97906688668414
152.16590960231713
218.23589069203362
61.85855073521889
201.96327299919415
160.9396737785249
211.44447531583333
171.17225438605067
116.57731288569325
110.31576397007227
158.89925237296515
194.15949712780832
149.0037833198448
164.3212295803317
139.0120657775463
117.89162474109969
151.69165110113383
31.9384920905416
206.71953070307148
152.47468294112588
103.5720841201408
128.0904289922603
194.0613263849121
69.5684343527523
141.32200455919948
50.21854093574937
63.79216716001406
159.28283625380558
126.29224393952722
150.29218822551945
157.32596276404192
136.96823829729323
177.7661002448115
185.86226969757038
213.37587614960148
41.457458460368116
178.434957863971
212.9870355871967
156.73559623459718
210.63162478666936
37.88793910480667
217.11021239610852
38.60994641029653
97.20942739979228
42.33481627860154
75.1702619725323
147.87011523611775
223.82251659362726
120.79602421666624
193.3973155090733
76.80391563760094
112.3912362435987
81.64883177423162
147.96540844348442
148.5809727988597
104.82180859581605
86.04954938816202
170.48748963033552
166.44783648631
29.468884496484108
190.0196661652339
89.12594782330162
200.07963142212537
71.88319687918987
180.15712557361195
172.07937927809928
153.47686093544962
127.13194531243197
61.65214280645572
103.90112598738448
27.921845197406288
107.74496067520907
81.8512305223126
160.14549049344075
182.95739117923463
146.0006222469829
37.497696534779266
160.9248903967062
87.69165189971193
150.23816699858648
31.163510437669572
31.70125447834343
202.65943538524448
185.29815607424678
169.86395039774547
204.93307904028603
173.19558179692464
33.3603353615698
205.67032819592538
204.0183820462992
165.3073496651275
120.19864025700444
205.05123287575984
158.4686764384447
193.94334957048557
126.54482542647924
53.750659861352396
68.10251674350678
149.85401456432746
60.21949130847241
52.239888024844724
84.92406577259942
176.1213491870131
123.49385172419262
156.1342223434477
207.92143322026885
225.76769414729756
157.73206340739415
154.2567729092744
119.81728973589439
90.72891323751139
209.63327781172552
186.3574976274555
189.5795247053921
187.95237471379943
32.79122639600256
147.14330456055774
192.41602907686104
208.3861724896284
129.23489528660633
208.3725339758297
130.4513134844411
151.62039786656823
72.18266942222618
206.21871988636386
135.0370872466141
214.74976804727956
79.35173809880595
69.20752157062395
177.4812333301727
49.14399577298721
161.38860274076967
102.07628393394944
100.37971978549089
193.1163715244026
36.31199697435936
99.06382023430305
215.1478937567788
158.46666757119422
209.18308321587523
143.80438775498033
199.72805589994957
103.15858078734885
192.21766484666668
105.05694759350361
173.55970432325935
59.844381405009706
110.86855736175097
63.60641979301975
71.64904408946636
216.33404062808773
136.54867578211304
75.90085815027142
193.0263137165663
152.66304209861948
202.37804702277543
180.54920249003445
45.68279255733915
42.112958335359615
198.53757635200722
81.51134579370779
212.60177828933828
55.423497024126846
95.52517387966695
160.87069674557006
175.74605349235844
155.16474760798107
195.63650673275603
220.98405597987275
64.93182917795819
90.08241269984194
172.92083958630283
125.36693774842324
164.8929031309481
132.93710127075704
170.91830049027993
160.13906892058102
43.45745073999697
214.59211021329443
144.47403047607708
181.73504655833045
116.62663356553625
199.82652897030806
180.63610082083568
131.9890009705577
147.64635987502228
207.46784731166005
88.5404483129569
216.60915411098367
184.9424840479855
126.99005421778598
182.42421472061832
70.59695419922521
178.60815744497012
34.087436051686794
143.29941533950523
100.93254207587448
190.7271123883276
205.73519783447742
190.3369484394561
36.8900288203303
36.41906790149761
29.491622464950055
141.83343944692538
43.661647549517234
172.46113534493912
129.22466956448667
157.02480289623006
104.75253731922675
27.75476895742865
79.41388069318013
166.712609076631
177.2887655624125
68.18805975213185
203.36290509510374
220.94822888791623
205.4519869815363
175.57125318871456
156.26246634562864
105.2390309913575
38.689300457369924
170.7975945575709
175.86515969695023
195.3970892692657
137.4188483759671
160.09237470605765
151.2558520183081
190.35159335378364
140.90153105647988
41.687455572066675
127.37908720764318
48.53089408276515
214.78432765806085
119.83145702379086
85.42260048438617
189.35613464832463
218.31657208407566
165.47886673616662
99.91188672756446
146.55862716527523
134.27824158878983
112.4452892411794
57.06592484123123
72.16273537581178
188.09566402067907
63.75415575399961
158.75764823904709
147.2255408628516
133.11587142514733
201.09467454902267
212.09386055305947
144.04609852189603
120.46375834543332
70.27029992277457
105.36043922812311
121.79081007116258
25.83250851397508
54.95927241014352
163.75339330463135
151.0926888708087
214.6345795847563
202.5443581403365
208.97277134973757
203.4741783572041
195.8569475070831
185.40293043113104
157.73256092538185
162.57431945531306
176.73133823985003
195.1588416421024
202.67227736343165
189.0162466118398
146.8395346571665
188.89868665635055
113.6252226422085
129.5973659502135
194.9680922731418
193.51982166417037
145.79835815601888
184.3867274542993
193.0806896063437
183.1408906173293
185.6488425424665
107.75315655431014
205.51040496103454
61.654727553103896
113.35503498275813
142.21895394903297
189.08367215607694
145.8077845352237
175.8793822278396
64.29446519404424
216.1624730663705
195.88328963479188
111.49105961324798
100.10167466040023
132.36274227424144
196.403350124563
174.85232521951045
132.83853168307883
174.67393416017046
182.33877537652268
186.3090504721317
112.01315757740406
151.79468994096217
195.25459783304896
215.80071778380488
64.30552185606632
65.11638846526552
190.2167608894081
103.51695748550547
196.58883810962615
160.26492407056315
156.6283851510384
154.8262724444423
201.5148957949001
91.21755300992886
60.07480534567502
95.50609903641671
177.6497497769107
133.2608611829417
184.048077567845
203.70503630967852
114.46466094976556
88.41671293347565
49.252394940599565
173.31780054409577
156.1217543132339
186.83784988335762
60.79687375384658
163.5679239983012
76.53132557195805
149.15275897072814
200.83688342024072
95.39487022600807
175.8410322533732
153.88001983538715
141.5699197832908
102.64285004210552
106.57488507602977
169.84619420228637
70.08475967450791
117.06923408123079
174.7698659298884
199.03204726705385
43.18766857466254
188.72087327842536
120.42830622751214
188.4705444366009
97.76369541461065
121.46497495223224
203.93440406961236
43.53910159325853
59.940027809776275
205.79646614740102
163.17901969687753
161.06439021219842
67.5677249122868
162.37562271850064
126.02144892018991
179.2197574778721
181.29008559527566
52.92798429225012
219.0100017279121
191.91096223055328
197.216586570261
129.59039255791905
41.155343708445294
112.98288727754297
84.16269147262994
55.81626504476307
65.75774584881098
140.86825888092406
161.77239162166325
46.30523194413192
132.67612958269552
45.37932855161784
180.7833186609109
174.5955832439062
96.14200990975169
164.13380082657233
180.87589866295826
198.10697180895247
184.14513589293753
159.75636540648833
145.27039681765794
87.73340493480069
71.82051692933051
63.614288508671216
88.99634537871431
173.99124807144068
51.24777404302483
169.82732054485714
45.00595089835937
140.08500533250452
208.03806953726527
128.02394089949945
105.05694759350361
155.45193140031787
129.56069312345514
169.252511581518
99.36959895909801
191.677496080952
145.63137169131977
52.656572401503475
177.28289254875781
167.46662206897813
28.446681956389618
126.21208209017571
32.4260667880576
173.06074277044326
139.12248847909981
101.30015242577747
106.35510425951723
141.64588833283264
162.43552621745422
63.0613036121114
220.4394958828131
168.16900665153227
34.993932768490026
123.31855526925659
168.816332443158
54.57698542686249
102.90024104036478
88.80651283164077
62.6872062252025
198.9358193417069
192.50211185906255
104.86899214730619
203.97390122708376
209.1759511213334
205.72385152079178
29.746892294735037
97.11748302467134
62.912756638733875
112.23206142410884
187.1010989527324
145.4057521867446
150.89349082275442
180.82039195031993
211.85419450963818
206.7452445739467
135.79883167761454
154.031415410604
72.47664309332485
197.02111762449292
40.37430731249994
117.33211419967614
137.30869522789894
197.0989564605487
205.13247292491954
48.196712414626866
188.65837867916417
73.44034129480053
194.86809751557925
42.11141908717202
222.80794359362147
206.0314756628688
214.05462938519582
194.38198517896862
201.941271623057
34.90380016277711
74.47044871649442
186.27882191938352
218.7866617392516
144.7941542706259
158.18346742541212
75.86118128698935
188.33667252877208
85.24509126592723
108.25927722405872
213.68015311950154
174.2815897696919
129.59374251088042
98.13105820319936
66.10077408595973
173.63122327216365
203.6817983453629
68.43469517563264
128.82191635938986
183.30206472789558
192.169088544046
43.78620885976232
150.4027817924291
141.3322079839196
41.97475612481926
154.5309517791129
113.54987538318478
159.23704600259936
51.07496500163776
204.3638347944293
186.8813157372413
50.0395979906552
192.6092918101488
186.766980398399
118.96148948791894
54.06088084490383
194.7631980213602
202.067296296522
156.94086469571096
188.06673335104458
45.264202425156206
26.373719402715388
196.2169633110981
64.98286539170007
177.51932151981595
81.26468077210725
174.33253850846637
67.52057727251328
142.63874384654108
154.28032061435005
193.22796173997762
57.238554034917414
69.2817257732375
220.96407305395707
30.681961738649317
76.82208777453515
156.59708077033105
78.08867418498698
164.47663595880056
56.813673405401246
80.65152509575148
132.42895469593
127.56008071313794
174.7085105965195
192.75608437622188
89.33825805291906
59.24246480603207
57.112968824252185
221.99266354254297
208.5374256530815
173.35247611303595
85.46469733631146
147.60761224613967
94.93665961324045
50.00215864227982
160.1257018215485
188.52726075229225
168.13805481548494
110.13448779509763
193.21160465640222
163.09842598952417
176.67204654755918
141.1391508031682
159.9297498557912
45.660601531865936
56.80437350660737
140.91181365912396
203.19484122850676
94.15400038559808
137.34689978797059
190.68436274736672
142.86742052147076
31.337707329145953
151.8880711731256
123.13956578574503
192.09027399395728
72.27004610005936
86.20401380536637
40.07452369776631
227.9868756591723
199.8684874144857
144.81774899987823
65.47255946052991
174.0544258552901
108.81032247445233
173.83438197481777
150.15911850066135
138.82053419921877
181.52499394792454
175.81503500530258
206.56487683439798
25.74204820407089
180.9492280511339
202.9329039147219
161.92330499460303
147.39715364929683
99.07816184061794
208.89216376413168
137.00136538732633
130.7483303669391
48.7803012874914
194.6090894842856
82.27303681308783
165.0255056644944
47.06657284182051
48.152152669215795
164.6660462432424
133.92164461493326
174.29461111896953
117.40462910548753
222.4049168142325
164.23214020892
198.19089674725697
194.38242343155528
156.22512422076693
189.6319927126395
193.32418330885977
43.77500813172451
198.3246910612067
187.62360788179132
147.40482533425342
51.026974093806366
102.79174395508696
181.6893630296014
95.38326046652054
209.65916086808667
122.07386915146637
160.9968941059172
213.1578290719921
163.90544861087204
31.041724873165794
164.13122126958982
93.88850777940992
182.62535775203546
177.95350673549095
42.7664392800797
138.05498084737658
32.149026929794815
66.50460971425191
39.764851816169305
83.71976758490524
31.983735617542695
96.6811008690587
182.74984816548374
144.9546382466931
177.24789892791026
188.14596793330415
207.52478834105878
173.7098331056007
179.507998384297
117.41456870226118
47.60618352158704
68.17891278262562
185.36086198494513
212.2991201304617
47.42427717064019
166.36455023728712
29.55101941264109
129.6767064198915
203.42119378578784
112.36015748946109
198.68520431825655
187.49392761123522
153.18641511298546
212.6233334394568
165.14601783090666
31.877827504123804
30.721381190561758
51.31532997349978
34.01030587246087
150.6737011047126
181.9278402055416
114.09318807826045
52.71704487496392
135.48775319767458
161.87207839584315
190.79131687996124
193.44423702512887
183.67450878264023
200.7237787622692
89.90054824798233
179.97444061525016
83.48779035996174
162.71743622519
198.90005954597936
41.15684718599559
122.61128934999519
36.03124014730265
139.92905975442167
42.46544333425336
96.80275624734465
176.7863856481912
168.8289202942397
166.28880365800245
187.2734403908754
43.65779427293417
71.10043663075581
66.18488805141982
196.37228394569414
133.94659223354273
219.93034662953443
202.26674608718466
89.19157849238758
86.72713092136787
130.7022559913561
104.25204851190631
183.7821879562837
178.93608708321125
48.627120280594454
51.32270391230212
189.2014282236553
111.06813714164865
125.3608518658183
72.3766143934967
155.76503479551954
161.70032808771296
85.10964318424304
180.8352325164303
150.01957659591835
140.20413658370748
98.13942196849482
181.88872379097677
172.62213324881233
173.66095756877323
53.029388340749584
41.43564023207766
175.50062499236304
154.29293347320726
116.3406522191137
147.04931978173016
29.711270265865334
157.77665466224204
121.2654091822366
190.51849431717676
38.203614427514204
180.34726625429064
204.07471430267114
201.84075611143382
65.71699510462481
46.93283048796067
157.56135192165988
81.85367521001868
95.55351391399427
99.9894659667509
176.53597076082048
138.08691590142763
123.66087248835292
33.62389781648456
45.32884945977972
213.31066497020544
197.86379335799492
49.990627291695304
47.98379284061254
179.4359250184436
201.42630364667087
200.50775535511363
154.9887104898017
67.3145663493805
165.10693898871122
47.8026603946335
79.17119750616428
115.84452869936177
78.14080525864048
139.62194003473056
190.72204832665105
216.65951462681713
80.92579685640504
146.54662538972897
173.6046147141947
42.71526457701436
230.97250141906164
198.6586145479327
67.38171391968223
198.87735904861717
91.21824757898494
182.5612457218484
171.42313486236608
223.71311115927128
190.79254377570652
206.75914020996842
150.93382449174126
162.91374529483502
80.01593532350195
163.6917500467657
47.711423016997976
190.76262501632107
180.56695432613404
95.6157504079262
160.44503051465273
88.19368823727964
205.1795949436146
232.70820099003765
178.1918820026251
111.1125954670674
157.68286163341364
85.66588849089354
188.96697118177497
175.31580957215456
116.33301180085823
179.31251905006673
69.92302862896179
189.0252983195729
46.34678017894669
199.90997680369796
106.36129146460354
32.58450730002983
151.74666917442767
153.74942208141587
184.89787828194045
74.48343863035153
109.06426385796286
196.76801535963267
177.41061875478377
186.45616580801308
52.822950358654694
164.5524136253653
208.24318410581682
