111.9965474588406
170.66230112329615
182.1387848452487
149.95978129481443
138.61004170884704
86.27225335495639
161.78605769645822
126.98196513279699
80.90368493437359
125.22547921625831
220.22229214452162
183.20349359030968
206.75104384486272
197.4600517230903
183.55666584321048
123.55837774573567
186.23299065549276
187.43720754018955
93.0786008162681
25.7094363235672
78.07818812219148
35.444431148415745
141.14501607436637
235.68470577308875
203.17060247304224
126.7766958964572
116.11594507471943
116.67307995203524
72.37829794727182
138.1344450209916
141.7448276743764
136.98951933741824
153.50208687901434
183.8564900711399
106.33572954018622
208.62854148376098
27.214819663029292
120.80189311200225
178.23472424746768
65.94936489238326
180.14568071302983
118.12463794799568
75.79915313577602
167.61386129483608
184.06243704819607
185.99354371997458
134.85005277812337
127.73406539185696
51.969120209070816
91.22242750667816
68.99282500999985
95.57209816137768
99.87672646529009
159.75868053954125
126.7446557898378
156.5553442926529
136.21406891298113
48.32422956461081
201.44099697947487
64.40233279523584
96.86143056457581
73.43333496115689
182.07285573580293
212.51881557586884
39.78426211809531
204.890088399809
179.4708663199511
200.43064779418617
192.67829302285654
185.42475488842337
95.75431940070196
146.2941394136055
120.75263701025702
38.94717863183355
138.92117067177605
72.4779258632405
205.7367580379137
177.20477574890845
214.64928011915123
48.33178499161028
139.5717846851498
139.74664415152043
105.93936756457241
95.1103007921657
78.45350527677023
110.57042391581787
44.17859496944213
129.60744494183615
31.958194480586855
151.3307766011175
170.79942764531748
71.61413603065395
210.6880322525422
121.61066082383465
42.69268177224386
172.4358251746817
140.10943020242573
102.59345999440151
110.55748856702623
143.61000819120096
38.21649475066575
150.01309973132746
142.37447865474056
168.63373634795727
190.89416215066376
147.93640034955442
190.46323736799062
122.61207783300438
175.7423707541776
121.62922420743547
118.98042136813424
59.7841729247158
35.35321134045596
66.38729696123906
94.54178319514432
58.29775572679905
58.52780830127683
75.59513386909477
217.96517916766575
146.26241019877523
190.56639960264056
127.1162987428751
54.02837147872937
27.610619693944773
183.93565016826008
50.33065088689746
125.63825524201832
211.2209171791386
160.6054195610869
62.00714234102956
185.257317879248
192.6500978668829
52.49459220466844
177.5778798063038
86.50211881085418
191.79311121445755
79.97324280100432
202.2103437360383
157.42877150023492
187.11711071129616
55.414727819119186
199.65648536391745
190.3330269924744
84.21377640116253
189.67298555570116
184.3718281368957
207.0228098039361
186.30370003554677
193.0902524761983
180.4645676092282
128.92181882217358
33.28526606171581
97.06133733213495
70.64781538070628
113.83978189375668
187.34148783833092
56.413958479083355
33.73041363417716
100.58181238507369
207.569759663009
35.478851972851494
200.32202587241878
180.3943686777742
178.03769783684118
146.95126744564968
209.45083210824586
47.314108271929186
32.46766090133311
57.214517128424454
205.87273436464088
79.56642034720791
160.42793750831424
116.12207716141172
46.61271489700453
179.4391572113221
105.71905152353769
41.549051824703135
115.30429312712178
218.89135173974844
88.72989765002346
179.5360465931767
186.25198704198706
44.759931067955705
149.23656098029568
46.02179925159472
95.87497128135333
51.986489876456
162.03760097836908
169.32358651705678
52.81080828852839
189.50544506131547
131.1620927291248
92.6142881366544
198.5541756195006
52.76313471375158
190.3338415418565
36.621892519483055
204.62378148044428
197.25095852795891
78.10797724237388
210.80422263736259
132.59447981753627
67.0562852823623
101.589766594404
193.50010172932122
159.13030538989696
132.60746168131516
86.64694762314463
161.77012250013897
47.92445794432197
53.7177556752366
154.97363277996118
177.99367365167078
127.8949338542107
113.06235346425755
157.5727218110938
165.57322703432374
200.8945828822544
217.59784351365
212.65785542876876
211.78908768280462
160.3522338934102
178.625437911252
38.24818990375499
100.39468615455273
133.89457911923657
204.59876854323855
167.91566794031013
146.50319248480207
132.49342614322845
47.057771342342015
157.02383606296638
184.2852676886533
218.8788996885179
201.01447549432572
102.46315244214449
158.66736119148814
26.76763933985403
110.89108358819072
45.9079280652766
37.82261966243654
196.64801361562817
99.98830853564955
164.18730626502182
93.41838255534829
198.55103744544763
76.88931340936193
189.34919937000322
62.77535459956793
211.94405224277824
130.35612634661464
152.3805001804936
61.48251906410963
85.28660928537835
46.920400611891004
167.78676787151778
57.57704993347903
99.96524527949803
178.85168873416742
181.78370956619477
202.65595554762106
173.60119725902058
114.33641295972882
149.4639894123069
198.7422732930109
90.54006358272801
211.2766988061109
100.87497576250946
169.44210097006177
120.6166697042561
60.482730699863076
105.74327117854973
132.5953899385514
90.24417287920137
81.2067436374947
47.333926514413825
68.06384626955213
206.56777171619717
127.10338313622863
143.14721829347556
147.27396805688164
186.67163649006582
192.79138701868385
186.32885954715505
103.17998908476369
41.20397703799153
89.36370436155589
186.25191482353873
191.36313980866984
147.98871239545633
189.36977065970171
41.03386334502668
195.66942533796112
206.99446324052852
61.18464643423351
168.91615996596096
201.34792684663176
122.91503861746101
162.0837603754453
214.39530054413922
142.88710025653046
171.239833659276
138.3033236409186
168.69261596789264
138.34780621207165
128.83894296430293
106.35095893938468
121.67756320157885
210.53874407650986
41.195066957346384
216.85276304208216
194.74159857684361
106.29398559478037
67.30091090563693
167.1077535959713
202.14559492545155
143.12007539853678
149.7394652596014
216.5903390685359
178.0659120929361
213.06108636876482
117.36197570234472
171.3934431907851
174.80303487922893
120.5548162064919
134.06249645099427
110.30253924270613
124.23325186092637
97.23749966304045
53.88212323397543
113.82664034695405
211.97295657371822
174.6177953264087
62.91452437023048
123.47050307644894
57.15231084684807
176.08199609727072
181.9935914630644
177.09483227988324
121.26034982087616
114.1892625639554
191.71370619182562
197.4744265505898
152.1570605828255
138.56675961160377
118.46899062961779
179.04675644479502
130.04499183295857
35.311259986767375
70.70977159937276
164.57433883076422
187.13639758623432
192.36948633762955
106.1905462916614
201.82561579414633
123.75702609913812
102.83886363120122
133.3342138254432
199.3061071922653
210.58879572693616
88.24626370346928
170.8894166441312
91.70917751141127
141.54963577970602
195.48157063589662
107.90934271853907
95.43989492376942
144.68152383090947
39.93643759339224
190.0892866582719
183.87737141219677
187.62332072816105
135.05263962840328
196.43004714594576
120.86379237892284
46.81607620525998
37.90269767283014
123.15998747439525
197.47336177347302
34.993777133460966
116.2844893876329
140.79813590399533
142.28235764862734
141.80510183235063
82.01148181196235
52.93695636670053
150.3665299424026
138.62657785369683
154.05678250732868
189.54868301459862
205.14221184121973
229.2245737440442
124.804001089144
34.38273116679855
206.71134766047305
200.11536414495083
204.54064878273138
220.98936127136918
88.04922031327251
138.33795914890175
135.16763208057554
117.97012520546296
181.64185493617592
37.03014388673259
183.145172916729
57.118339330822494
137.9821197085654
60.20742396466444
210.34608299714952
98.47592673061379
90.10768015296676
53.840620376508134
148.7325587579288
135.6510945977615
57.60991233737192
174.70182265928992
85.91494599759258
87.11130987337836
137.4205016254014
186.8137615470461
71.68723030644617
195.22260462990997
211.02976219835477
171.6102784325934
122.57972008904298
80.9473733174227
215.41003445286293
39.6213476769535
202.65881164160868
116.96800461919644
206.68381890055258
203.0139764469374
127.58376610346467
106.94429077176196
36.184408868413605
212.48495775429072
196.34055313972212
94.86820299557972
153.37178025808802
177.56283219927204
140.07655988462795
149.97684165736933
72.28362702470282
201.17359863014696
203.703580428424
205.4118766243782
72.6633581038607
151.69497782793266
128.856646877649
148.73046552357434
37.34774495301623
48.59908560752041
201.89203032270933
47.54182053859817
171.54722286511975
137.440887220732
119.48919608332481
203.78266424899132
192.68235920139705
172.23778786121903
59.6343270297452
185.6299142662118
223.71082846722305
62.954682896161046
74.81721742976139
81.78253358864664
28.49076232251997
195.19303834692562
91.41294109444175
67.14221762480021
177.97059367580997
103.74894039584018
184.8217881472809
32.34433332344947
209.23343157919467
79.61892699163684
203.14945091132307
178.4364015460058
55.47857266709401
204.42574904923686
150.3992011777724
64.38047270647296
61.54948982264875
111.64526550074306
153.50230584303682
37.23065143359974
205.54055435937386
210.46258272818437
133.7974321370721
41.44882285339422
35.61267856036347
82.58118381217564
98.76319689318731
197.03233525091747
78.67141206028194
190.82018106296505
159.62906170053557
143.83087167587152
199.90296512565004
180.86953358812642
124.20127062455411
176.93358909487154
26.018037792430498
160.14500138413874
211.16984313378845
194.40567662383347
181.29662462524342
118.66295699973534
175.8344757336433
29.451623872896374
44.12820646923736
34.688206903319404
64.2093375700904
195.27085648935696
194.22683319438295
209.2072446283937
192.4403650171558
206.69190206117224
41.526888563628034
193.7332220044892
176.34709483236043
196.45902063859947
131.6425769919684
65.55077244078782
190.06472220936675
213.2545547624463
80.06994631590004
135.85896091188116
189.94088969275364
146.21767416107113
169.73903734385485
192.6700700601409
119.14117603782985
83.67541341235379
193.5339450233674
129.60744494183615
197.72906565839628
90.92519733217247
188.43980106429913
73.96960159407863
51.817139370713505
196.44245077227205
129.5242702899268
184.95785379613298
110.32576132554678
56.5482601042221
154.1464511900176
142.15742540755488
148.51498265232485
208.03369775422638
134.24298598707895
71.24417781587988
149.01401183120538
64.88709654538987
138.5390292890479
95.66317094894428
198.1881201735722
179.44283361743135
146.35321240713154
63.02164834284818
31.600374778951938
205.01506495223856
112.7853119603568
175.63295465966675
225.46839220471438
88.69655705541585
144.15655249436986
79.09587788377632
203.20872873469617
72.52119018389654
143.8549314049571
66.84499500771054
194.88831094575636
195.87161021597993
129.50362765164388
171.2589028795897
193.5733185378394
182.2354411129531
84.63800676813642
79.1294756518034
112.74985606961961
125.87402850195865
223.98458695101098
198.1753368259694
139.70901083059147
179.5445862788708
51.26961909079313
185.2689391027356
148.71720568200905
81.04852323558644
142.02986219661324
145.75812766295468
196.68788312259673
176.8049081273674
176.24093804844523
85.9059889312037
159.38336288033673
132.43681422825003
86.25632220982637
85.48405705609608
198.5830674761366
168.30524744421965
216.74129678571254
161.1193907798115
190.24020770698635
101.79853489335494
185.61900204369232
180.61754021022924
153.60992693677895
137.8031782349004
193.68771718055646
89.20003890666622
128.9887123843162
158.16296170363375
174.73647827297353
82.79737733157644
209.65143114706976
89.37619144710989
224.25552486624764
70.22070498407135
144.99873639847937
161.66905597719565
135.99839164193392
185.8013354585659
30.974747452898033
137.54502336388995
183.43228903896997
174.03780187929377
105.38866887239391
107.24820590457715
201.04490772284927
77.29999727073601
145.00907243124766
179.54463084810175
180.42166511109914
65.99917349047814
171.75123138615163
171.64559299964037
216.82355125554355
166.90745786889394
59.56672477809617
85.81621464802846
31.398710812816088
72.32794611827059
155.15582618099228
180.12954285777704
158.57947704978727
41.55361733097661
144.49274539459483
200.0535083575197
139.51064462446232
135.18809789339002
125.22711774483241
60.51283346871228
203.23192779722154
51.04387531461147
29.84915736846057
172.5274053417491
192.99493852272147
182.6671472795871
188.79760343747535
197.83061900337933
184.8586272538373
34.31829678725299
73.19542486653131
86.55412745798394
52.20508231805605
128.22862782869873
199.05169391825268
135.668149077973
205.29400424728664
210.1137284539985
75.60741932299868
213.21492459750462
102.25454417137179
55.425726497071764
189.3018493968754
134.49964849959716
201.4857744312315
212.35682992011175
179.67933945863462
176.85162517554633
186.56740362946624
210.89020810356675
193.5125962204005
147.30898667302336
179.5032242215256
98.33591458246838
181.29331647834698
143.35999574315937
72.84123258248961
79.30748892797597
39.104348525271824
118.14366643273955
186.7928073681741
111.78221918352133
63.459684484709605
148.32647296046275
139.81653498838855
123.38372093851994
131.61465391452293
185.86962671244896
176.1519565150562
196.88789090932016
155.42489415472056
143.76135589331307
136.44598031504216
111.92140382407992
188.88099853819364
87.44888284401924
182.1948110181103
191.1321495816982
213.71768578452742
102.78801427373882
176.93664713048216
205.62538936714662
106.17289334273727
194.7824627777778
139.86376002506734
86.78611530410078
214.17046592008654
191.1652832449842
155.94337497177443
97.49509647887135
218.9205032931921
210.583555126759
127.00841830156861
171.2363201192864
229.18728357044424
101.1422679492471
203.88170835577884
103.27898852884563
202.98210167349413
229.51112218029184
62.50567425966893
162.24546366871348
97.37098652801757
55.562326313073854
199.41515567369052
168.66665052526545
187.01234418523057
90.10853404609362
194.5241884362033
191.93596517299895
162.30024222146056
178.32516291956713
163.574904425761
102.61112312277373
175.2088220193501
34.33199244603088
137.33699560743753
29.81487334776126
159.85377652339332
195.15470471143234
70.19195245072027
171.62091927828192
95.51534112237971
32.03499273235029
174.55420074263787
35.92323396718924
29.408013310228807
214.93512581778998
157.7916331345479
58.30285894099999
41.047899593522146
198.45114682587794
178.93446308397242
63.46175016274828
78.60364911390137
115.21021651205018
187.61394442224272
202.48892780215215
34.11108221378706
197.99564915168054
63.8544437817428
132.04426536161577
154.41029289465607
31.824290406195022
151.88085753274197
65.86011095949713
169.371209320428
68.30920397996239
198.61488089684224
110.82207056048338
95.97671459719957
108.86448871840653
80.82081764317732
195.27418178222982
113.99615987160622
141.903889197285
234.65539030560464
170.5071832160779
121.45298485786762
65.86277005529828
220.33046931344043
121.70755268528723
201.13437802211797
220.8546465463354
199.6852988569589
138.24091632860424
99.10813815028726
117.91029257839104
190.61885832541842
47.30416629618291
199.65352962783572
138.58597063612288
187.53788014984661
63.44615390960221
154.38768765339086
86.6865009542616
151.33657069022942
137.2912282662479
103.38225290434808
49.12239432907719
155.03804958565124
38.71835469427363
178.10455304372817
141.4646546920256
198.68661928403938
136.93707243971204
183.7995158563061
77.68389418819446
117.3376309703697
31.279101987788724
81.01523458547838
108.66414112534585
226.65108517421726
156.28353885816853
140.53869080166643
200.5803280546751
199.84928784323327
214.96990160150867
49.42150877803903
144.81949722761007
178.53367495321072
171.78108668994022
27.31380330760971
64.49899556504647
89.62925776429287
227.2423890819852
184.12588073264712
167.5232745351748
220.05831599722393
93.64316217131403
46.781807541180406
158.45466668920093
167.87112659075666
132.1980680350151
201.92554084994543
87.86300163951532
49.854585184951254
94.27869525741225
195.88797766990302
59.722207980575774
74.91790481771388
168.88280084424773
194.71505777914317
172.50698653767336
71.32601915176134
200.20841923852828
146.26223601452733
34.366167645654485
79.34676119886275
199.76845218432152
181.62442955274864
190.60120512841843
85.7849709607017
65.08455969480804
129.47384645626565
191.1786711712991
68.18398832942081
191.56425054207452
221.55831365486978
190.68138553732493
192.8986721988964
182.19807150734223
65.06491516832095
134.28214342176778
170.8455413249079
98.49783566581516
170.42905440096882
161.7866091854273
202.4447663841736
170.61493760722885
215.48205971408987
152.47485930574507
122.19419224092647
45.625357226433394
194.74796331633155
89.8598692608197
68.17567419545075
158.7664875525854
206.84845482857162
164.9365546370749
101.4247779757899
152.7913363552436
207.11132373488763
209.28791870578095
147.64836233569883
204.45081829072464
161.8517080208522
32.996356764954584
208.79911640507993
67.18133613998741
40.531999660015785
156.61690707827327
154.53149984557842
168.1174093716091
130.09373711616325
66.85601143954872
154.78351623583436
145.16416951349206
58.01864787637359
211.84087415062086
185.41470974924007
201.17609583863563
37.379178009431
59.93845847415365
158.5362285937051
159.53747094002077
202.62309325094137
212.96323843217166
139.07717995703476
156.38651933215826
137.7445856385351
48.78793437666438
98.26505967634758
53.268145560244704
94.30729992610493
124.67358298661206
87.71609092506807
231.82604996693027
196.45614394705055
61.757826958654796
146.04449631642086
45.09528758108479
155.11659583217883
198.09015516815313
155.20498270064374
111.17598238775844
197.71273922554838
137.13206311382666
187.9685541213216
178.77319939835203
195.31399571595833
175.4154868339241
55.54122925032064
174.14353144924027
145.92381459829141
177.66507815084398
180.6857755959303
222.89459220464892
106.43683531138879
168.1419056101478
189.9070692812642
81.15161394702372
200.53780888383474
183.3240902181391
197.88163083302433
151.42153753750523
26.89801961311642
199.6787276135579
209.41242344758197
147.9612116713431
186.22774125738147
84.01856391820084
139.00648256175796
125.0675504944071
67.99793118057379
189.0617481117245
176.61374583857986
149.1294141124819
182.2213209824053
174.62844809162746
170.7617405838451
167.77275988079217
149.3687302242685
150.92425355048172
89.42087097684526
181.51417368370073
108.88913793525191
206.04637086502566
186.27613883917837
66.79047904145622
116.64769717960722
163.2487264274488
27.375144297927974
173.35065500133868
87.98544509966959
152.97121544578638
59.95468059635673
178.6234770787552
201.3264063151374
105.3138902426581
190.86282528793285
183.655809083622
46.92436025429684
148.03316887875022
205.7732919140712
171.77567727157506
217.56635717359399
165.34504466038058
140.29389369713368
178.05191597466694
46.028121049420406
178.86439084377508
224.18857111486645
116.32951225816416
217.4544042282524
144.81908894523946
184.20529340656645
141.57855969736482
178.46549251859528
209.22741533986678
208.4470761827495
183.22634849412108
112.200703025007
156.74424173322643
55.026803967962316
173.52565962899334
208.45754801450127
27.426979383123072
188.34934040527952
174.21274221613763
133.83249191424488
207.09263961522052
64.51586510363494
173.4735022016394
65.09515197545646
106.82148200385895
208.4303644613747
176.3960815963955
103.73419370728548
52.76424481913312
223.33341638327113
186.7180089187955
99.65747458538027
30.82142436335675
134.1558711294971
129.79452701273496
77.10884461376857
48.378281105688416
217.85038780196493
99.78376355034602
173.73279794242023
151.93208375207064
125.40856378810054
121.51561960265843
56.242397887069416
96.22188212978728
189.91987081619502
171.3335667595638
199.40135340720155
122.71572990917662
181.30018645020078
97.2533303308932
76.77760831385669
50.05426597300271
120.60152339024553
192.8321551445275
73.61611772719894
218.1236462377549
159.92845213787106
48.652843881286906
174.7650315194266
185.8988096404563
194.37461974849592
220.2366889583449
166.84727870323104
161.04298812110773
196.89519161313666
187.96273815616496
209.0100135998038
200.23354001230362
183.75382332168985
49.16826663651926
175.47364386761816
104.14752517037489
98.24367023914192
196.44006718260744
158.25536920772407
102.62413247800461
135.19692536487088
76.96550039955294
141.59260140606327
201.06693995903382
137.32663264683507
35.08748846806136
190.67477118637922
90.26439851259063
195.88074884099404
140.01018342624698
69.54568172050628
103.49432760222443
194.84279164978943
87.74696165239871
113.75948089609486
78.09251959957159
188.43482694922983
187.52786910216187
157.16599764770243
200.87494966131362
180.38969761249794
156.13783074017047
201.97784804316206
111.66868121510876
174.1631140417742
93.09217239287578
122.06700642680407
187.04786306131712
178.4448689903809
120.00247657172123
120.80567962444152
196.51540134759648
61.75622831423182
212.3354997441297
77.3064004305892
197.69595298893785
27.196896071520634
111.33254256567218
30.176344880897165
33.064725333604095
181.5876995076977
209.89021540639627
59.163786907099976
173.2089780659058
66.8751316060452
100.96826788461905
64.75166326380693
78.44104825678684
99.3592218008839
79.17750944223721
80.61781836939284
116.35488273905044
58.46433066863511
48.504948619376236
189.68228097040992
188.32479415252502
193.64048407662517
191.02371015548815
119.44592039344974
128.17357150432326
196.88298395701807
167.78447334475752
72.50147175809316
42.19147276651203
93.089084563379
151.09080675755314
167.0696049803275
36.22131839215497
49.093980574683115
124.69573862885514
184.2021301039723
32.062601205289475
60.52702025463285
49.2970092113169
123.94599992393424
198.46479166271845
193.19373676706348
41.46056136253966
170.3158934910142
79.31723649676104
94.29512643151179
182.41415351970932
102.95519269148834
50.2279164932589
189.73678051515967
114.52116467086994
137.90571928398535
143.14273919572054
158.97585927256483
158.37253321982132
175.92833707177135
163.4379842317801
31.891802822992418
88.67190137049451
209.67175622626937
86.17005316847622
221.7327720499447
61.64469414954422
188.33985199702957
88.82358060291664
34.35271199424345
99.15514180774936
106.60908609655063
28.675095152907893
111.85434342562596
25.72453579203439
178.5614478581924
78.15875139167552
146.55093509259973
123.18352766324604
51.168994421620994
197.7411171811438
178.47338798866684
166.1927832738041
114.90171219149742
132.28667359802876
123.40670046404347
153.26233719504017
152.91341881041393
201.67178370821847
171.32707693134975
40.792829963656594
190.49711619719633
171.36203852847544
182.13481496999668
149.84544970465194
183.97528444723187
170.0061673764781
90.11493037885982
89.16095513196287
62.63564030239013
92.30580265224685
150.32871280529724
131.24575465716762
151.21561313933663
71.32014225021263
83.04540434499039
57.994187923400894
45.450356740372165
40.28932860801717
26.624554610542244
143.86867497047902
198.61547372441674
170.20229956550332
70.1288971365239
53.09985035519557
111.55276703868329
163.03129372624193
153.40791097244156
42.67618632309044
196.5239355314561
157.77568186859648
188.61318900938954
180.90482019030583
119.48184282890097
125.11814924516074
121.00786725284811
99.31196523625074
180.39515811958796
112.74162725232577
138.60229223835552
189.17946900621766
54.08244844661052
31.1752413601157
85.28202085203696
177.80163157962718
197.08767473244748
137.7344590670022
104.15496993987662
189.64256925889546
38.09865029131739
129.56078149193218
177.50959636726523
53.79449411809666
177.3349053863736
182.79436562439824
156.597429631586
162.97044000098057
51.33735091506668
100.9895734855538
57.33105567602477
155.91624697944772
210.62425782697224
37.7622814684001
141.39516710925585
212.03525743578786
211.8445959450936
213.73324950924564
197.02290474701263
124.65022863418889
201.57616830776107
50.53871645413069
145.73267580015678
73.5546260393292
202.02104993815047
87.15525239866587
171.31390542114949
141.06735906056633
126.5393039900183
49.020644547615305
133.93944221743573
224.263209533824
58.21117699841109
185.21911031644862
192.51841225858433
190.72605420686452
140.19237983898424
144.5154121493405
160.15925259438063
177.11506835641916
84.97261844718092
73.34036246078867
155.55163537765984
154.3500980827551
108.83715638945404
186.29929220481392
201.07677124543127
213.05008524214009
156.54740456223362
134.64342020102902
190.3827951337005
141.9855249060139
62.869899730906674
64.89511204301209
196.02853362401882
199.91639578523413
106.01073886962573
102.59902521727773
188.97231943473025
190.26044496643797
139.3269122837668
77.07002814921368
73.66457711902598
54.67082664877014
163.85468570656602
180.6868848967776
83.73049688842804
176.324025126762
128.5353051585432
117.00693162816671
187.25498256641012
148.88411205343365
154.27959572519612
182.76682377454145
55.108309820190286
109.00985106729622
33.805209722642076
176.35885777784
195.2538107686537
137.18197739653814
145.99016466346285
106.23558359139497
79.28982484648526
135.99266092687563
82.521181408225
184.03017580434624
183.73168045845574
161.93706792003644
125.05254326255722
97.57868840090501
181.0856437836122
199.08249143294952
169.5726304602385
171.05216294000132
193.53986786892352
123.28386467906566
209.40483276324977
136.24103783666865
189.42391087730272
206.10241703961137
213.0044103636984
66.42509231924619
152.56434493560135
209.55553122408048
209.99375545559514
124.29027112599393
55.574141434743346
54.62475251312385
171.2397499952166
222.39682537276744
187.85102183506194
154.7558911677986
232.2543090345635
47.8758122546984
112.33344961108871
105.50795386230006
161.45124843054967
89.39193005255656
103.24019795584866
186.1158040904932
53.415024424357185
35.994548576287826
161.2067345183015
194.9896172613784
172.3961034533821
62.51817659703464
26.024398965832834
74.40739532383077
172.46117611948654
93.6751701012472
216.75071701610437
127.54026745978884
197.58656243367685
212.07736262313534
186.18713446028553
196.6893802599385
101.74082799681223
49.09147065100682
223.57238242863224
29.408788786311877
59.214350041962255
185.60651850857403
189.56833282072276
36.671477191395354
89.12433994672382
125.73688453376329
55.513784647462664
105.12180811141653
205.23769843547035
167.14432776778614
84.98450576819198
49.68273134677704
193.1060414607778
149.39267878904764
38.9367866667946
134.81443516725545
123.88023182467343
157.58737383208586
32.985299330561595
30.65282186151518
169.60377172009072
194.76960700095935
171.50356715555935
208.14241635482378
108.32554872189367
197.4308413338171
107.64409362213581
97.92669015407179
113.84026594239863
129.00080500193923
225.29304380889624
229.967480781112
195.72134897150826
45.41573991210247
220.37175743527138
49.20644891168666
107.7393721760569
169.8953616760699
83.81402207250635
108.33295560244618
60.483876234441574
179.53247863419818
176.97158955216116
166.11029015184275
199.88673391271178
143.37432478568124
41.48687441551206
214.39098904547802
41.94123013758769
162.14875516236722
185.94059052395215
135.72329728968936
127.33476654752961
123.8864815866809
63.837663623157844
83.42196193523567
103.94540325075509
149.7366086674433
135.7173652779055
92.82777156032849
202.3813801551511
202.20765675126285
196.88789090932016
200.8913401990653
70.3055715154767
81.43729742946249
90.69716502103819
86.04976668018736
181.1332281108904
161.81113494309173
59.77447314344274
125.41336161802593
120.68196864174365
121.82971517206825
69.70624607230683
171.163609801161
75.25654684997791
42.90058662013277
73.27483890024546
160.4216933835575
50.29524680963133
85.16362628544326
86.27232213488799
178.26710450724184
111.19061363252302
76.98533750131575
130.06008963493846
77.05118704516566
75.39383601931955
172.75988960973297
212.94138486833168
75.15491538006776
90.69368579582152
200.77899520406982
161.81781933750307
186.95477443087935
203.07642580057214
165.40760886769007
182.5583372626222
109.74426762768884
56.95879072600078
194.5796117352291
131.3150427891539
152.42495607403225
215.14835649219324
145.3627538900558
169.67198063068457
105.10088856461749
189.46875610193575
80.45367584269998
96.8832344442608
48.624599936574775
170.745092831599
135.89549226631902
180.8916203175866
216.47621341905926
80.1793645282515
150.58750634235454
29.111559207874983
205.7658411842432
170.81734485931165
176.46630121450718
183.38766707610026
222.9509274283833
120.56915343011183
214.83650093240178
92.35443626623241
165.33612513358463
90.56405168267119
42.41513809469012
183.18294801963373
37.7376045923673
92.94183509497016
44.952813157056525
163.18652412121935
181.0260670181849
88.43047375376005
211.74635010494129
121.48376579730882
52.98162812983582
213.18593302339352
44.64499805553531
184.05143894217966
55.18884446487608
187.56252516858822
91.69098840041892
44.60544457341102
204.82451937271355
202.05483972896144
232.53772852000375
70.25292801796473
192.71915360694726
196.9177464942896
152.62138152395082
127.19316474311451
79.52102364587844
61.3848153254948
64.99055583795624
150.2821503452002
210.15400354909707
76.67786276859287
47.77915522300555
204.40391103531545
53.37470677362356
85.83231977833418
83.54068998713426
79.56980936735512
90.21608583339577
141.78035699477965
153.01564214989884
220.88294875037883
69.75501685887357
160.0626923007801
184.4005151497632
198.51393640197017
147.04644937012404
72.28799233654208
179.8469950515949
194.94609202774052
157.26641235776628
179.1189003022275
186.56260829751943
162.11550533192138
110.94438701132628
28.249157496322127
119.22826088081698
37.567082134579735
172.47803222515404
202.07880039436415
60.98122771974472
158.29098720077022
58.04958443743774
36.899212282455416
27.95221963488556
56.99936425559082
184.02007021705003
163.06976933691035
55.450370733134896
189.92312716484017
110.47738784562917
94.98569854559341
160.34108151747932
198.58607081252197
144.23125643377347
145.72864579639636
60.66154571920969
211.4959333027891
109.54825570473211
177.7482463118105
134.98638446973285
175.51914490712358
164.25135485091553
164.90102456745092
189.8517117408123
125.25367151650093
144.66611584790724
175.03074325939042
96.9173365988575
68.95733330547674
163.0416970067052
44.960258677113146
95.64779896773491
107.00024174258806
94.67416687299637
172.39282926601265
39.40364524876196
172.90354905219098
88.32923962764697
149.48155954251442
47.044968508831616
179.84875832588855
166.67667538335544
180.98660291210192
58.080682393374836
159.1624865631437
35.51902272316414
115.11806056102051
202.20826134842324
137.72342515990692
182.57558186329967
152.1080555810499
58.85701593235419
173.3895908290124
173.33300281117525
51.01639786037901
132.44946028505575
108.99000338870798
127.57105684143866
213.69057337595368
32.874588758911074
67.81161933828224
111.36887472817416
144.98912112902843
63.652851871098505
188.17482825637893
82.06131949114835
92.32824006615952
97.83889535130126
194.39818270217614
224.4063570587225
130.2538957378824
126.72998458852175
114.39136206796526
193.07783982014357
59.300725385408086
52.68411300335191
69.73819968808036
178.48012933029221
210.82031121952343
212.48999091845027
205.31029496001435
148.73046552357434
195.6042342449177
112.0294214840179
171.61529612925645
180.1344970530006
121.11273261024832
160.14956008753438
175.6419503837952
67.77078474432612
106.88301588098426
191.28681232004854
210.147956542286
190.78025964538062
95.0002586151023
74.1223273464123
86.27982432806881
156.94846548482226
46.8958222751723
53.41574550733302
164.92628356663295
86.74914007176585
159.9811804246857
136.93707243971204
113.68155678204758
109.67665997885804
191.42978172128772
111.05157858186321
210.26274024330806
85.75074467680726
162.37220572195628
204.9876652692842
167.53657923024406
98.67370571643873
69.93349093160397
109.76776422561609
120.99364952718518
42.1072466620885
60.79345571671006
123.28322754450691
207.64569443137927
153.57025327032977
217.159843286977
62.07783447288304
201.2039828240497
157.97694369661997
211.63455580229015
171.5333649590414
118.71416836138008
109.94772461785398
157.2503802123864
194.3667100373631
146.58472751017788
162.80150292203962
137.03340539946288
119.45909512673852
149.9442020292442
32.07538130082708
206.69626812207818
153.42589487333422
101.85445914660876
127.76222626004126
194.0577125542057
69.44250071457992
139.16210857069086
49.979044291345275
64.30942664968003
162.19755995354652
125.35440828937902
147.5055012134352
159.06293960823348
136.34231628479688
178.5744100741076
186.3366384046023
213.98407003424123
41.42932157229278
175.36080924598735
212.38975354346115
156.50738674920524
208.9159288684035
36.833848215556046
216.99392929429382
38.72643697319208
96.45295946738938
41.5475489905839
77.12757736805005
149.0219494355094
224.62370696422082
120.60199858349995
193.25178968761685
77.90248695176643
112.67883885848771
82.0244699498453
147.45771526419566
147.14127691055907
104.29094735346399
85.93320113660543
172.75506985803452
164.62314108573662
29.473461875300742
188.92818149788633
89.07283674476277
200.77327211061467
72.6371642101968
178.9524841471373
171.15355216463385
152.3504063760708
127.78819047068593
61.353696087624215
103.90522415265315
27.838498623807865
107.43765206480556
81.81812989718505
157.84975275316742
182.3759696710378
145.73267580015678
37.22946778343299
160.5719508483741
89.14574267645648
154.1155396437043
31.245855892148793
31.632220509456506
203.91371374936682
184.01256952924726
168.56762493320628
204.88426980673205
174.57367797089185
33.669078615454744
207.21597174161653
204.60345866927213
168.7724847551656
119.12146310854065
203.4596254064518
159.2849846572788
190.05212912572858
127.55293193875298
53.673466917010714
68.2026150214883
149.10225740814442
60.51802137947134
52.03130158489397
86.31661610048805
175.36971023152904
126.26223879917221
157.04379159207102
206.2350434321117
225.94395870340566
157.5335866609977
157.5232276724559
119.24287820633943
91.55664346878156
209.08385917931085
188.91228073305956
187.7470922549663
187.4841420672408
32.91359916555456
145.70870762692172
192.68629044425444
207.8046637085776
128.0805117624533
209.90359981224242
129.47620696118736
153.75632986381552
72.04952214371801
206.6988979634087
132.83596384137414
213.18079134781902
77.72156580747182
69.90899726490518
176.9097157985433
49.12570628049961
161.97367161071836
104.04415343212749
99.2744413623357
193.5902583137162
36.123623916574545
99.16780836681589
217.32557318851218
162.04871481047542
209.5224292538603
144.2843417333051
199.4333997580792
103.83826785611929
192.92205643306144
105.12969218551841
172.80059604760152
60.130487226446796
111.01783793325383
62.94255947482782
71.63333642658985
216.93496336757178
136.93129048083014
77.00833448100654
192.49008763741182
151.74836299967342
201.8473402578441
180.83085092058207
45.7078212024427
42.15254367720348
196.5639751693534
81.13250745165564
213.75383493426943
54.694906147166954
95.96279440454222
159.19487027484382
175.5511928326052
155.13821580096266
193.82169600985847
220.1766817215498
64.99022738079357
90.07808712329131
172.45724467114331
124.85485245727817
162.7817678915836
134.403561148267
168.14771524799352
163.5553271181254
43.324906097648906
215.01662848226573
146.67990714879156
180.4956342705563
117.14111791296882
199.37895498417234
181.74770919899117
132.91876950461076
145.90408831091023
209.5798065710715
87.86231135948844
217.4413972100666
180.71429675711838
127.61499828000709
184.7264710125009
70.30930300330651
176.53847665685575
34.002218831110106
144.1970216646632
101.68591504072458
193.28805953551327
205.3596277610935
190.9730710001696
37.17522954334935
36.28815094657946
29.49625162198783
143.04605944143032
43.53971455692143
169.26505794403187
129.6171030122086
157.37258963818132
100.63650329655002
27.752245615530846
78.36992289445462
165.16913536569342
174.43008318384375
68.45503008505557
205.160327280858
221.71014547470043
204.01603726750352
176.37666922684176
157.0765396911412
104.85485441872503
38.94813030169637
168.62048107901674
173.34568624424816
194.7901896792975
140.30797397289922
159.26151423278418
149.9442374787821
190.07629893395608
140.78034128746563
41.831542053092136
127.22817094440194
48.4392929922079
214.61507116695736
118.79166993826573
85.28744447733749
190.86617804494827
219.08016489849297
165.09388770182508
99.53627404849588
149.6991693866004
135.3214310113231
109.62090633375048
56.562580169816165
72.51269766148886
187.4638226679222
63.32486572741343
160.06398472213837
148.26669928186672
132.12633664762615
202.25604354067576
213.17344246688336
144.07845309893918
119.70034684087382
69.75008680055896
104.04648808216206
122.66324851095553
25.795648761246586
55.126300425786354
167.88980650577759
150.92995402327418
213.35384562938003
201.97756291930892
209.44756954392483
200.8805250322204
193.85342340538153
184.51765657516592
157.49327066560167
161.38639331756823
177.34091175196713
196.7411743182993
202.9753566474283
190.29149280084042
145.5661485047941
188.2627937019652
111.41930414976927
131.22429916524723
195.3083473486248
193.17850822530752
148.59231037002473
186.37730413217824
192.9570629803895
182.04080897833717
186.4576856054229
108.03989368373561
204.6482064024894
62.022673181615595
113.72542091643352
143.2464968218016
190.60072542935836
146.11330625889082
174.7105436169019
63.07774738078337
214.97123849195893
194.3406257459799
110.53756023057603
99.45276224241574
131.68273651189776
193.00568740079467
172.2842341109725
131.318199983199
171.87181973409278
183.08580176990418
184.99071046529568
109.76776422561609
152.16409392765033
196.53542735678488
215.8719292282898
63.63482510709855
65.05731668904198
188.82331546732422
102.79826640031614
196.37440429815547
162.88136902260595
157.028363968657
157.3846111909928
200.60538466498636
91.31436548581186
60.34662827282679
93.15089766143556
177.5153730493657
136.40946460019381
184.02473534702517
203.02025422563574
115.19192569360857
88.49701213320857
49.308559333903666
173.55568161674412
155.61305964059915
182.16639735117067
61.110680992013926
160.2285187893043
75.94789433751819
151.90471220143797
202.61610811755347
95.8240894264707
174.42125572943843
154.42481622794392
142.1919938676802
100.50442010469114
106.67581923967478
168.60256022603016
70.16385550362531
116.69950749970351
175.792061725631
198.7287659629523
43.74490769889935
191.24524970516606
123.78240981996439
190.1798698080962
97.43346277968232
121.68790715579732
202.94783297175024
43.497070205667484
59.55429490729935
207.8112088939666
162.58737218235274
162.7826208265604
70.18777798570378
162.42081878222746
126.32524664346717
181.68651893753102
183.68810990935825
52.727675189191196
219.36322738766646
189.63728520068622
195.20564104332584
129.9428565303824
41.56342698437899
113.06359048470999
84.03187815588537
55.63502453800342
65.34968174093693
141.65949629751788
163.57090483208341
45.950252307623224
132.6420496816218
46.092582132405305
180.05921464980875
175.64749243201302
96.32709402955636
164.96432696912998
183.88935807809722
197.330098141214
184.34213184211643
161.09522984506762
144.01044889340622
86.64544063865601
71.7734793501659
63.437149217239224
88.75905113097892
174.65615973986917
51.08234834882712
171.2967718201529
44.86178359780445
139.72800692795278
208.3914376386378
125.35232129367701
105.12969218551841
157.14782923750903
129.75163385517882
169.36914130695078
99.05159300073758
191.76493379818115
144.70278435790775
53.02485139394964
177.46207832549686
166.76637219338053
28.4552005120649
126.39377463462606
32.36655459447332
172.56583778087833
139.67384734931343
102.2903624582989
106.56078872397863
141.92753963837166
162.91237788686746
63.13072617929447
220.7321603754194
170.2829999975485
34.714899698540854
123.05134339786021
169.59618118745854
53.165859782677344
101.5430677891415
89.25544197428458
62.70870016111033
198.06255256830127
192.72845883557278
104.7813778132712
202.68645198621277
207.37275604147558
208.28230048732243
29.741130059477918
93.5176175553909
63.10655222925742
113.64098990024786
187.51866655023173
140.83523264383135
149.54122192314904
179.51883598496053
212.97327399969248
206.9386762798399
135.0076427614552
153.4592695087529
70.97437099083388
195.32520910246623
40.51837784450511
117.40566578559779
137.00427925453755
198.7073425362107
204.50985363814593
48.155709421651665
189.5962359122764
73.46762526523595
195.30740550431608
42.04776363945188
222.59073421976416
205.99707182451388
213.4315857635262
194.198169630812
203.79964536241567
34.26217388831253
73.10522994856812
188.7775399643474
219.7666565581552
146.37360030697982
157.7573023840878
76.7030523816851
192.4314794771372
84.96883897312617
108.14765470466313
212.82689223021535
174.0039535594179
129.02591733759675
98.1035145609719
65.85712591005714
172.22806446776926
205.30223622733948
68.10779275658727
130.8922259311453
183.6774554682499
191.78813324023207
43.79802194232447
147.92215906348184
141.77497572875973
41.45218979738592
152.374035074106
114.03167414526476
158.97891810050743
51.26961909079313
203.20446662984702
188.08170111424494
50.07732949139938
195.39152116487205
186.45437575066094
120.98868121411697
54.30079651766817
195.0826265781946
199.59745931781487
158.36992073978783
188.78579834810836
45.63944334484689
26.37243120232168
197.34043461577323
64.54389355618777
177.54505933470188
82.00563473668869
176.0217015249302
67.75726942211969
143.63292499518386
155.85574619873464
191.64569853239763
57.271771789714
70.04016363381875
222.07230712483167
30.693251516499476
76.74894585329841
157.96808443868483
77.7035698025169
164.87692235713035
57.13066507056781
80.8395167162081
131.4777026900908
126.63408230033016
176.82180336002006
193.76302427430088
89.46835229581791
58.681395529824115
56.95879072600078
220.78310874178038
208.18786676465064
172.49563211343738
86.06704245060226
147.27249612533214
95.4730454280615
49.45432360692998
159.20824947764856
188.22671429754752
166.76014217990445
109.71244744982886
193.42309040773165
163.68493039684301
174.85006613797725
138.58593934884772
160.60507258089584
46.1942305849682
56.70874786953887
140.14539792078776
201.59222989458038
91.04932126902129
137.40246110996563
192.81980823638685
144.96675114630816
31.368216558349168
153.81874825786468
122.89206178366746
192.3916115597112
72.17615129121918
85.84480132461435
40.521698226342224
228.49313223813775
200.15551802778648
146.3468062009778
65.81917992202924
171.60523489949736
111.16979331592204
174.4049343789588
151.51702397391395
137.6671679623025
183.98649745842823
175.90492493627255
205.58204266904704
25.735385539660136
181.32560167817994
203.1544999928935
162.79070063347584
147.3134990644566
100.55673953419767
207.37144384106023
136.20725578724446
132.71823313169773
49.09176047040564
193.59238140051366
81.34258541765199
166.1819297637171
48.456148622372226
48.16278796186843
168.79632731715847
132.11386186319896
174.7489288091016
117.11967957840582
223.2063372154063
165.32291829330455
196.1819639002999
196.10227606464267
155.30675792680134
190.02937010660295
191.7090228813318
43.46483809814809
200.3899294173414
186.7343983452872
150.02432754498867
51.219553405707906
103.87745706176253
185.74572100507513
96.19715063885947
208.29322425283704
123.0745747914359
159.85509572037952
214.69647066329895
161.43005203523052
31.105033593744064
161.70985760250332
92.8836467967281
181.29791422124157
178.0447507431005
42.92462739865987
137.2783995097073
32.244568851834224
66.34168279531161
39.79429305355577
84.55761019857347
31.932651083274656
96.25991368164149
182.81231408612518
145.10620672627275
179.57452092675902
188.81652495180003
208.0406961848005
176.3295304467922
181.0687656232037
119.53719143683738
47.519255201546066
68.26602985787754
184.03661913186957
213.27728240288138
48.14066968361626
165.37677489045552
29.16864235509161
127.20308534561906
207.03823542664978
112.12277791950625
199.09114594532835
186.8489385826008
151.4231335943381
213.65817164872263
165.68027177621155
32.00322942316002
30.668534478549795
51.91159363116816
34.46768536471414
151.10871226702352
180.465985363801
112.23164522094521
52.88196313202169
135.34625944491032
162.71575733630783
190.06047708163564
192.62594737769686
184.88726325594533
200.36783482673144
90.61257914062912
181.4454026776907
84.48852468842621
161.69119523240482
197.79750135866303
41.49638132168546
122.3793071071158
36.065601551789364
140.31977206055936
42.38702222717727
95.26517118501718
173.91937770189062
167.03457799863864
166.74610874461354
187.22959035651076
43.66472055954449
70.66410451400692
66.08891541710986
199.62889777944727
136.19476230608674
220.30126826732382
200.89551454689467
90.77015899309065
86.75219769263603
127.938264303198
105.7200306534869
185.06608608319564
180.3912459145101
48.415652573396905
51.1742095311493
188.60029599366484
108.50224944714553
123.84821813147974
72.02661792153619
153.43599716491
160.60306177540357
84.60247229013083
180.84947498759885
149.23040912273848
138.7592111649116
97.23240543200214
181.79436644942567
171.28206718587967
174.74170708567974
52.983500612039016
41.310650999855206
176.4841438665843
155.1171665972635
118.52889029617015
145.26725881708583
29.61028952095118
160.32352900826427
121.77160442511718
191.16604772677724
38.11283572692541
180.3211120146322
204.7212015167983
200.83114481723578
65.39022667354635
47.34252491474344
155.6598803833703
81.55980171526944
97.6730312024597
99.36678709848195
175.20065848520412
135.82955599548035
126.00059092380013
33.585638992615934
45.84256972406567
213.8100392351094
196.5223638367638
50.35755114599995
47.9313134295959
180.84616937084746
200.41576071979316
199.92128010269005
154.58526562018565
67.20090558181774
163.0606419312297
47.795860026688274
77.96540552033426
116.59215202043123
78.06387693825965
142.5059743649032
191.4332802001798
217.66307682459941
81.02728212827179
142.815885540037
174.9437879426966
42.980658799646285
230.57736984084124
199.97402203544868
66.98891689723246
198.02812889684384
91.31590172332606
183.1862600607082
172.27789190406796
223.55199147838454
192.2938326543918
203.7849124363597
148.76496906990647
161.6122994438418
78.81315721535518
165.63654055119468
47.780906220731765
193.0717338833045
178.28691815332576
95.4315186822963
161.9238027993906
88.92465139419889
204.99809356129708
232.48134992114746
178.96973821112948
109.42138585866248
156.8805579786147
86.11064026452976
187.38062266591547
174.14194592735478
113.87113860598399
177.73643015333147
69.02262360939935
189.93622667905868
45.39555843997254
199.90296512565004
107.41933542799927
32.757009851429736
151.35960899995237
151.61386192573556
184.0621797364084
74.97114161430451
109.27678541227847
197.4691317362278
176.43741031556104
187.44415929427112
52.6767673425761
165.20223194222038
210.30773626928186
