112.58345706288397
167.33400296659232
185.1826114134009
148.92373496015867
138.58868753109374
87.85075021518914
159.70707052573968
126.58233331534822
81.02007340620679
123.61761441929865
221.23185977871722
181.73942405936637
206.8927437952797
197.5649183853301
183.13868567322777
123.48409534103135
186.13648901675364
186.94414942438502
93.4116330210382
25.708423132124757
77.96087853153026
35.502583111965386
140.73617751551762
235.8982903523569
204.66734708167385
128.88452686944768
114.85323989465891
117.37302229258715
74.63048356649576
139.5017007282075
141.659757664661
137.10373601976497
155.9650067685991
185.5615995699399
104.47537326501734
207.43481256988113
27.172911661264138
120.70003915943792
181.91590318179678
65.44767130749435
180.241618868501
118.66004499265026
75.99963813351773
169.5350667150637
183.7721071581721
187.71803977248103
132.288196310776
128.68956719381788
52.23914799693653
91.66159091618714
68.89581660267055
95.17412637200712
100.67073687791982
161.29350860733626
125.52206543160274
157.74537922175713
135.02232263130549
49.591984711728436
201.6960353088618
65.24312717670726
97.4503630376859
73.66662616042012
185.10744449032038
212.12086025609923
39.782954520298965
205.01592397720944
178.72287324941917
199.99587544299217
194.51117069611522
185.11853711291295
95.71724371407342
147.1022755127297
121.23840478234871
39.489442255060936
135.91532100728466
72.70542198561145
205.06197166637833
178.0937691386699
214.55113106197146
48.59330972922738
138.92878589126866
140.61514979534113
105.88416348497041
96.92126746785075
78.41649276616923
109.70090224484046
44.019219962068775
129.7027901881011
31.9541339046322
151.36694159879522
169.4714710664324
71.63320611218181
212.52730375433916
121.4255074070304
42.70681005528111
174.72329140904142
139.22049764473596
101.67030152646771
110.99593229099852
143.57907627468862
38.188226772038725
150.50317633579644
142.6531036912661
165.12165796226347
190.77362966334098
147.23061009089824
191.89248156180935
125.10810447705128
174.77449866081128
122.0895432684775
118.7387393096786
59.566086931945
35.60578894648503
66.54466646346565
93.75795174460305
58.121313407189085
58.04471770387255
75.66015979759813
217.46779243762353
146.5111574120524
189.50819411284206
125.58314212831525
53.82803581542116
27.6123463653874
180.58138486061733
50.681284824489964
128.41273170358264
212.3205253942856
160.41549627809928
61.92204577607021
184.090338839332
190.17613752909287
51.94226102279067
177.424517061117
86.87426432571124
189.91212369041403
79.06241705778855
201.7627697058435
156.83716460532622
188.20071439194237
55.5426268811456
199.43000324636742
191.97629466189497
84.10976556272792
189.21412010963257
184.3803671085082
206.1275186480153
187.04745540051783
192.35102240656045
180.40454947093613
128.74382607576257
33.43314715325771
98.77441699358862
71.6692977211202
113.43929147343225
185.88441203834094
56.11346883509751
33.97091980277792
99.90341587169293
207.3280320386793
35.66778417528402
201.05788948951303
179.24332375130166
179.78878602287833
144.1442257039537
210.5909583552529
46.74311814266154
32.443554018619864
57.09238706168434
207.23987291860902
76.72740741836421
161.3587683737715
118.21953956909317
46.567148451586625
180.29803544319017
109.30914764583986
41.42001200190732
115.73930824365524
220.26947093481726
88.93393360719745
177.95593119633037
185.52902647563093
44.68424030993661
151.3046660361611
45.875522487318094
96.89519498904146
52.00964670073973
161.4013691068289
165.33727020784437
52.93428582001163
191.8217986213212
131.07397591662422
94.0111591023035
199.46904058161567
52.80104585575288
190.9059756845817
36.684742255429335
205.4836885507386
197.87274529430636
77.93270746919114
210.114937860908
136.88212989218297
66.88145155285869
103.1218425017686
193.59544635584442
159.20935024935952
134.60160423696988
87.20379979972682
161.99306685651624
48.30599743890523
53.76774837291878
154.4748777811272
177.9901499266193
128.14407209257678
110.21810750259708
157.05565082463934
166.43273734795395
199.24811804149053
217.78327158794465
213.84781025849549
212.3122927439577
163.7933579888452
177.6013111710078
37.856992214519344
100.97984896911062
136.33786924055892
203.91922752437105
168.99567547623005
147.09032051961614
134.9632455295697
46.14984855475963
156.7276812532984
182.01944025773383
218.25732969426699
203.38794152910197
102.37952897618618
158.61141964250555
26.737602856262424
110.70801911967028
45.79008995742002
38.27226482747855
196.15356616720618
101.63603961648795
162.98965690767136
92.74773710665934
200.0244255047911
75.2519478448564
188.54369685458005
63.837846437944414
211.92689394312876
131.15842052783552
151.14191355481577
61.663699902908526
87.14422108743842
46.891295635522376
169.77188696721745
56.986041640654314
100.36705088253872
177.87544939880928
182.01051248871843
202.8606099563295
173.63060118634976
113.17267806781507
149.41079709202458
199.54834251612414
90.82712662276867
212.05956107429364
100.39897174612128
169.85895860778132
120.2418076315833
60.207418869557
103.3620243622845
132.74445214300073
89.97313627760812
81.64975316046369
47.69142175598043
67.39156220412829
207.14613273660555
126.4017848702028
142.1641317829493
148.43076772995386
186.85159990975728
192.1453804534581
187.25821956059744
103.60049515206066
40.725703504744644
89.92121102363706
186.98735578248483
192.3779221658219
148.26081248610907
189.3725511118441
41.55689460442266
196.73242979558827
209.45278357932074
63.39461727313889
170.50042446492628
202.47028507280112
124.14557998794471
160.61170311201488
212.21208369211
142.4252425838056
170.6601818844189
135.98224436053772
169.52484390158637
139.5734966352563
127.29733481029878
107.02178150041811
121.59236025142557
210.336370822064
41.118043254439854
216.67579874548383
195.7373950668023
104.74505546855713
67.51807741988998
165.01889050847205
200.31003386288393
144.9830287295649
150.08956661460047
215.75161587604597
176.77713992431683
212.94541205030583
115.16259028063526
171.60138351280784
175.22617963262994
121.08495952351214
138.06798980555507
111.65677571274654
124.21309435117972
98.22467037816999
54.40611271859351
115.99998747451966
210.44177341249218
175.2666462399669
63.0284095914375
123.5456554364751
57.25327257547755
175.80260491054818
182.59268809437475
178.19969993764437
121.08059824228285
116.03334524478498
191.55806049860402
196.73703175435554
150.7935666261258
138.67813987739328
119.78823083447199
177.5627935341802
130.59935436067286
35.49208545771196
70.78003742022828
166.00140393788868
188.2630554272558
193.82324156857035
104.93401143097661
200.42833394654633
124.06319686570903
101.52475478631179
135.42140122864407
199.7727786880615
212.95992397779915
87.59335786928575
169.79738581162692
91.04313483454169
138.88493026523022
196.047796497755
104.8406927675517
95.12501630912806
146.5582058752983
39.87909288954879
189.48265132032375
183.9735154221928
187.78306771566162
137.43348442157247
197.04312439771823
121.37574800594072
46.95789503910024
37.939114275628135
123.11538818427097
199.07233093917378
34.96779558257144
114.0409356888216
141.36380781474338
144.5729508204191
142.43504145083926
82.2201727686297
52.877452358048224
150.5575374125846
136.13319024209153
156.8171167967987
188.3770958868874
204.67136215765288
228.87194687919862
124.6720027743138
34.090052212208164
205.78822991963455
200.35716951347914
205.15298991426664
221.09676867582675
87.43382524178952
139.67657386450745
136.5526133693561
118.71622906378553
180.4999286498906
37.10932322473684
184.28304436442153
57.04416727871127
139.26300467188838
60.11320775555902
210.65906005310214
97.19833746725608
92.81751253413466
54.165803754481615
148.69954815659673
135.02909467195468
57.62746522471498
175.4746735308827
87.20490106369817
88.20126668393222
137.43113160894464
185.61525660393488
74.70400874179587
194.4844023950462
212.60024069801003
171.53159826080315
125.6646106668736
81.39296031453325
214.64128252362076
39.77497776869995
204.43858975430913
116.67988779727085
205.88523575235402
203.53261036189218
123.4551591120788
109.51214731068208
36.23173775713324
213.9649001248936
197.055427559326
94.16734622474097
153.75229062030024
179.63746501033506
140.9531274143458
147.40476248043538
72.00394741362184
199.5928218555852
202.17964142041316
205.90357520926239
72.23947649537473
151.0824600109017
131.71414298709553
148.33075050980838
37.60389335926295
48.264738076707964
201.16560648177597
47.99606874277951
169.60033384570553
137.97239349667228
118.86124351913212
202.66598993169245
192.19597822673356
173.41685930220038
60.12272549521794
185.7099085638239
224.36346947551206
62.56102714395712
74.8648103882584
81.89436748998685
28.375955358913092
197.56287606297505
90.22229983525693
67.2320925373107
178.84116278325803
105.7674177621902
183.5750928647146
32.37755479132267
210.47817108879144
78.53227510949918
204.7575079456379
181.17196849100338
55.31314135429117
205.10740374462668
144.35881487295245
63.642431688704846
60.290464819313705
112.35740884138438
153.20861596136086
37.26738337831911
204.09582931112342
208.33044327172811
133.2933135100519
41.347276230819354
35.28205950149096
82.50706503036486
99.15723944577134
198.77001710535467
79.37331108075183
190.85438495755818
159.8306217327484
144.78483688179824
201.05911711519067
182.50064611384443
124.92527534030613
176.73987469684894
25.974966781943074
161.56450396456975
210.248271561099
198.6514853031947
180.0028443374358
118.84146017307535
174.53521008365178
29.440467942931267
44.3542345452146
35.08352936339955
64.24400556599383
196.6921076966004
192.97082971125434
208.42090389347055
192.9228268532657
207.93277855274192
41.572675923528394
194.60622636377974
178.61197217045725
195.26556135925406
130.99206918230445
66.08431101796383
190.014622672176
212.08089909593687
80.45316644831225
135.82861378834983
189.3218076591772
146.5298894761929
171.5427697064811
191.49337567588194
119.57684005446566
83.1430976453792
189.42912431340667
129.7027901881011
197.32926165258323
93.29770165146786
190.19297625610918
74.23569567022534
52.10597420951243
196.60109820294608
128.4579680815689
185.99830028074297
110.90694985328045
56.614320707449004
151.82207707681883
143.8308160980636
147.75157617420146
208.33138648231218
132.68686720105913
71.72873531452784
150.95951154708138
63.294797698966065
138.04884017990807
96.33360943120533
198.4732642389812
180.70332787430658
147.4681503456571
62.51895811626582
31.636457780034274
205.0053259783101
113.19551913408472
176.4599208474998
226.54078702156335
88.50441546434553
143.40413585508173
81.19297660362142
201.18814487286866
73.2299491492783
139.7386831096256
67.04840707666878
197.35209854618972
194.9365770337722
126.82546045391346
169.6222771434581
193.42571611739592
180.79387552258115
84.81955784043274
77.52990722715161
112.09004753629983
126.04955445034273
223.71801486623878
200.37131524728173
137.96262729693456
180.5557068101888
51.399038386231894
184.79624390986498
148.68709367729474
80.03643063671983
140.70862404933402
146.16774733983112
195.83857573950604
176.65579190947366
175.83229580825048
84.92802770396949
158.53891111380273
132.8927536308627
85.58468129316063
84.84594430983081
196.65684685392037
170.11554588966422
217.16766002263353
159.50938629830304
188.94773835792668
102.46708444876722
187.20762079897506
180.5402024456809
151.12238059684597
139.2125990796135
196.00191050811915
89.72583511508884
128.75969905276773
158.21564334599123
175.14141334081256
82.46143332009652
210.5359675017426
89.47548538981835
224.74213945803086
70.23870548052479
148.2648479720563
161.67870773469093
135.67266227061302
186.57346208886528
30.9996506491212
137.6674098764828
185.00982681125214
173.8401048090609
104.37384166491542
106.88498505592753
199.9497799448203
76.9086516751845
145.75492550003565
180.34014180110634
179.1571930952998
66.16829317831713
171.4508156413032
170.83927727294014
217.56842615633906
165.87518348354624
59.70086172602904
84.36727315342259
31.700957704203052
72.02702959123883
153.62559916326845
178.37213096421723
158.4061138448769
41.52220459080012
147.23465316449833
201.39978840043904
139.94300830884836
135.62983649426553
124.50912222976733
60.53326563206283
206.27142711858036
51.27067988603662
29.995686595673813
175.48518007020635
192.8470479593298
182.60182714292802
188.6207750826848
196.43509566176928
184.02244833061502
34.409429185900734
72.81439724131921
86.60471154541354
51.86058809577791
129.40122791110971
200.1344645692906
137.3885906080529
205.76596060000074
210.4244543769375
76.02160605353276
214.00134059172768
99.83940068878658
55.49406182133602
188.3282345598806
133.97831466754894
201.94325113857366
212.04170610754528
181.63352958498854
176.88129417025291
185.85786290347772
210.50265502097415
194.4239510578224
146.62612624181764
180.26379872193854
98.80454814516747
180.26871732280884
143.4308725192624
72.71594553257908
78.28423649886828
39.10240038333533
115.51654971502333
185.57427261938693
114.1384591958945
63.34451522077376
144.15858589664242
139.97458481807232
125.4358969914207
133.87039406633568
185.501118824808
177.34751162306858
197.1584487127571
155.57626979870193
143.7623204509811
138.1376259484934
112.01668489274188
188.52252392231497
86.92496215865663
181.23182052971399
190.19068120238148
214.2037117226792
101.79517618486967
174.7075082635349
207.4762306249387
106.10093254674625
196.24124600595064
143.23345298201545
86.36979267009427
214.25127939257783
194.09663074486974
155.44860979915825
96.29029213947818
219.15753669951576
209.707163322721
126.65826342680595
171.9529945720408
229.12443921422823
100.58452042063541
201.33644738215935
104.16122363336815
203.52994955751024
231.32314452079842
62.75998975080507
159.96999926083416
97.66886507614757
55.96827814588144
199.50308366942915
171.30029414999274
186.3902269251329
90.70512675000255
193.9026096132535
192.86227282192272
164.3870696471514
180.8423330879429
162.7203158085667
102.54360032055703
173.89736057356237
34.267831426572954
137.87294180361633
29.788339802323183
162.19791715945786
192.82386215305343
69.61246724968677
170.38493912101393
96.76072197769986
31.902903023026017
171.6782476140467
36.22206389665743
29.396712042422227
214.71391054784416
159.90349918733475
58.267316574797135
40.91187570839767
199.65626874583637
178.51756937945845
63.571306729332136
79.4058430327769
115.87799486955048
187.37466441327308
203.41502232685104
33.59523173220609
198.38646283565893
64.12881324059452
132.9995502145068
153.51219588575532
31.929359958753768
153.323317626582
66.39314810573187
169.7820398622271
68.85048634191135
197.97730254262393
108.35053281326097
95.94143941706533
108.71841482079623
81.85609132439869
194.97720520601922
113.23809453855297
142.05693054251347
234.1525903104547
170.85361236786105
122.53727914592397
66.05504716497276
219.62719050387622
123.57017096866642
202.07984539194476
220.5632458150211
198.13555861194737
139.11758386218622
99.77476863694146
118.59067611977157
191.40811529759605
47.21649322600779
200.54037756590105
134.54426181487406
186.78809989577988
63.241458740436556
154.72527720891406
86.7228630373954
151.3712663550497
135.72394340877833
102.90706246570583
48.137887799837294
156.83765582883478
38.869067619157356
177.5795114124903
144.67380157805906
199.18365480251217
135.05878640774952
183.94683309833775
78.19619060298578
117.25265667487794
31.33639190569311
80.87170753033443
108.25600682391249
226.28435342532586
154.2433899727353
141.9644121673262
201.98833880844447
201.01438611784167
214.92286062606388
49.60016728069412
145.98987518808067
179.2292937604927
169.19890510572358
27.29309513648287
64.64586398505818
89.18467735731255
227.2204792360815
186.8167938181001
166.40332205562535
223.02330927901815
93.29308407279599
46.856182962723494
159.46922324392997
168.13834980017373
130.7889866437605
201.75759576640394
88.4154591634688
49.7415046259171
94.2905527791085
195.10425831648126
61.12715189074188
74.06097749887742
167.4535650347284
193.50436261061566
171.78613639203252
71.67051255216171
199.95190052147044
146.1046244775216
34.45419927847021
79.6136378075293
199.71856795804345
180.14162508186268
189.44068423123665
86.90295972497755
65.45449211766805
130.46041710248184
192.0963503618221
68.13434537158805
189.602288690706
220.5064141714471
194.8216861261003
192.36519906155863
183.81077335130527
64.7809207230955
134.38783707024467
171.67529515073193
98.10544688563206
166.31815768260435
163.8292020785523
203.1814892546868
171.21546222951932
215.62086194679702
153.4906379426998
120.9381255079594
46.0958953250628
195.6257340091255
89.95615202004164
69.03192515227065
159.02600287674858
206.52572596397664
164.8951003192481
101.61509640940844
153.4813967232535
206.78182031467594
209.0040894088786
146.86420784188542
202.20296440018677
160.33746797125949
33.07023821540151
206.59904961213795
67.06783954715351
40.5641838380122
157.52833826834268
155.8777002978095
170.6106025725814
128.89968090748533
66.34636760692226
152.2956485017264
145.76837554750284
58.26285464070752
211.87729939028148
186.07333411779527
200.99879741139853
37.290904559911894
60.58315829040635
158.69574521861668
159.9932057400966
203.80205908652079
211.6609362158
137.1357492602529
159.92230339620156
135.1085879791832
49.0876958174057
96.29413227234379
52.920746966620804
93.47986240828588
125.16548626423138
87.05666704815798
230.55266529508862
196.30627430176952
61.91312053885638
146.1332275794418
45.311284222583595
158.48242287662333
199.09939315372978
155.6826804492691
111.2707320420347
198.26460291943678
137.7511158144831
188.12198847380893
177.30549699703406
196.31053799020478
177.85635655622806
55.83591523613184
172.482420248956
145.87835208388967
175.28020792058012
182.397315809828
222.4670597397675
105.27271850478463
166.7820577346693
189.7120833167958
82.21517478234053
200.60766464199196
183.30434707259286
197.69231935248058
150.1300774574749
26.79893682988861
198.40279109412822
207.58227278052738
148.26620525505305
187.40432136635903
84.28081279742938
137.94723719304307
124.00164158899236
67.2008133195723
187.46844315604002
176.24303790931972
148.10079006511793
181.21974181257906
174.55227919362966
169.93085130699887
167.54600646050687
152.84465014323732
151.491744525757
88.04981995910724
183.11364297957482
114.69568575949604
205.9119404570627
186.9414648064592
66.73460669318516
118.11625480559836
164.20146062618707
27.37253983513091
173.10390265489832
87.89630814489958
155.605433625833
60.45883131879582
178.0118967690007
201.15791676536924
104.17580311708231
190.09038331187693
181.25643188654672
46.88208121112007
147.78889745112028
207.45805407894647
171.91883384849982
218.15514599743298
166.1382367847555
140.54391182584337
180.103406457261
45.66138788665854
178.10188398866606
224.6054246319176
118.00581729240162
217.2921588863399
148.92862378669042
181.6343427428137
139.88255223739628
177.25354940451666
209.6731032412221
208.80990359342087
183.2945953042128
114.52200042138602
157.57533726826318
55.33460111817084
176.01392891721346
206.92074160895763
27.446950627447528
187.62361883007227
176.11063479114196
133.95595908335656
206.46966842635595
64.38000333619787
171.22954133118319
64.87778167622146
106.1039392709122
209.03709098068634
172.38847292199873
104.04469491629077
52.098001214208864
223.30899381316323
186.331395117846
99.5279829801828
30.93035493746878
132.9276421649113
130.47393463336823
76.76034108993576
47.32620495045873
218.74585611399095
100.56405914142135
176.64639647425236
151.22944750279643
127.30857728001313
120.11204960623063
55.722966351924725
95.02299221515405
190.04159930165903
172.18206862294682
200.65142634835112
123.41301170112801
182.4912661229004
97.0169243537248
77.32581049653409
50.05949111959883
119.24761472242307
192.50709606076424
74.25708936411918
216.12919109909205
158.7350488151857
48.96528990512612
175.183530459878
186.58217913410655
195.31044948042535
221.83512314715446
167.14171165673906
160.99955318287218
196.87049745881052
188.52810957231222
208.17223148615616
201.17058296607902
185.96954852454985
49.14948996005119
171.1253875417788
105.00781767955523
98.49332660801572
195.1501523987504
159.23229243263668
101.77346455177045
135.23252585783558
76.82065490587365
140.30616217062052
201.67196792071616
138.30671991281108
35.03450492402446
189.16390860356051
90.55705251279502
199.71371033958656
139.4874799082246
68.9016701475403
103.38766980645987
193.10038523004332
88.15485842504195
113.67712928464725
78.69602671329086
186.36359195529724
186.99223246972326
158.08973875833973
200.02775255468154
181.44246332049636
157.41963710936383
200.33295882653198
111.12131665233272
173.50548990648767
94.29063991547778
121.95275017919636
188.05971924872821
178.20180292889538
122.62683916470871
119.89273028498565
197.35420022860492
61.83882927644066
213.0835884191349
74.37393503352813
197.89159654291126
27.158012427379397
111.2959560125774
30.191643606535685
33.194397214996926
184.14933888073702
207.9719232538003
58.185773006984
171.3994767596812
67.00370023455207
100.67266682429518
64.11364057479904
77.97107955330362
99.29185173376695
81.97560613121641
80.60768215275337
118.18220230481667
58.28969036630074
48.6129536267384
188.97307370397704
186.93575534403323
194.7128984172809
190.95677229309698
118.0090944062815
127.46312377188602
197.30544344579073
168.83848227598182
74.09239823215692
41.82575928687313
90.49850422034564
151.44007314041167
166.66866755595916
36.141378985168146
49.36092147107721
127.93326261092056
185.32828988781003
32.10149414601615
60.51152728719162
48.710624671523135
125.25391913512777
199.2420228755552
194.06002712424632
41.22316508937663
167.1479491974856
79.47157936565095
95.18279197755709
183.34554024562695
101.06924227920321
50.76074454736992
190.97748244929036
114.82621574374392
138.50251679262607
142.43913393524315
160.50643832286585
162.2278885502725
172.27936500645762
164.35214366318095
31.864660267784238
88.4314372285141
209.6260975041299
84.59156659319939
223.15159027965728
60.74802099612598
186.9835803173793
88.4354682658067
34.145988690670684
99.12447261174026
106.85449896955276
28.64274932565441
113.18754529846798
25.668035795190924
175.49395719025674
77.86277341281121
147.07856170384792
125.58216341684312
51.07478140206454
197.8045214151673
178.9864067276977
166.98112383448742
114.61180149985388
133.10457090540407
124.17926917209633
153.1632786854539
151.16313420973356
200.849819165371
172.5688853741447
40.67726066504836
189.5128620361551
171.50086887437595
182.00384148746338
150.41302745040664
183.71398545310106
168.74521990740928
90.50435129401328
88.99731716147842
62.652127437919916
92.38341632190699
149.67467859328195
128.4809238085984
152.08031083982232
72.54302046495829
83.82442583351389
57.94849464116019
45.389904358879086
39.81211303449771
26.489704356773593
144.93909193420416
197.57251361861475
170.31096733978754
70.41834952483721
52.82184192213948
107.97377805639405
164.075908773236
153.3851580164183
42.47566684358111
196.69005970294975
159.18317299715298
188.37739480378596
181.4224666427705
117.34677470984379
124.78826418715474
121.03754407031307
99.10963562133522
181.5099040389991
114.26282659303828
136.29841711110774
191.41636116934262
53.96289872485267
31.182934386464908
84.91032171063813
172.44565931299672
196.9899158478501
137.93319630573788
105.64065272352333
192.32733347187346
38.54160539326572
130.715019948109
176.38775404973268
54.44017586423338
177.34283253553585
182.68466161579593
154.41400495688978
163.7367563768983
51.367518599569564
101.579745513116
57.49066242686447
154.70040525137878
211.10429724597313
37.7726054446128
140.5116893984876
211.57880624629794
212.22327454471227
214.319038482434
196.71128313745112
122.32543428207025
202.58004634073603
51.2229840409472
146.0070966159218
73.59366180861117
202.83119656344712
87.44286538799231
172.92352418992368
137.50524549820398
126.17146562208532
49.063703313553304
133.82871078508214
226.14454068030878
58.37898326464
184.27848162281643
193.53791471348634
191.0667873925607
139.87837890036727
144.24851886520474
161.59847081061227
177.10604056769097
85.04411305967707
73.72026957097658
152.44791272404845
156.52608952648822
107.950355386532
189.10789681472664
201.19814446208008
213.01792946877782
158.32434407220364
135.6326037405297
190.45229873024914
143.09294486254856
63.75498571856361
64.99425021424796
194.7328342689783
202.47628182445973
104.91507211654026
103.44509407953852
189.47209308572297
190.63032683325937
139.68994952138073
78.21398683651113
74.2062984875798
54.16924293748808
164.93987938182318
180.94727449656796
83.75580290868871
176.07159978955326
129.08038469474567
118.66064830549486
187.60481007440882
149.6717740079466
156.3548680214241
184.00283355317958
55.101997079006786
109.37929605992476
33.80860363714111
174.7230065463088
194.16288688072638
139.39484754015365
141.48348070582912
107.24564241971463
78.68229209807093
137.05432259253988
82.25507220904738
186.03903690165217
184.36004615479814
162.4562421909927
125.22627184936155
97.76567609435492
179.09562314201722
199.4920421786745
167.9303288661387
170.9052449381744
194.16319346254252
120.02323681753532
207.73692875866251
136.35551763187155
189.33845921402414
206.56109735388327
211.84745100987607
66.33743875741607
153.359555386116
210.4668235816701
210.7654051956205
122.93454450859474
55.57884311752569
54.93388368658334
170.96665025801371
222.3144503494008
187.4179591431164
155.8001844197225
231.36125132280353
47.92492196237405
114.88389739592354
106.22753512894592
161.55790150844325
89.09510334173979
105.5873446686412
186.44736520092889
53.6340089040372
36.25213614664494
161.84735232081317
195.8088921498914
171.5347379145099
62.62058709674907
25.963230100680416
74.8743973434521
172.07309590391512
93.7320930270152
216.4978654258084
129.5031850505572
199.32680554463778
211.85503034766097
188.66267229777216
196.5281630060316
101.40378576728202
48.73970572288828
222.5016637993657
29.348222668883977
59.271704124276866
186.34311716050567
187.88133612514065
36.644330786371945
89.19222383285964
126.5782549986486
55.70384796955272
106.16970882549478
205.98260919716282
165.71992769442562
88.0232746571286
49.48926077831295
192.71316684980445
151.08165566097503
38.86292527955447
134.8950732538383
124.44814863643427
157.6743538755855
33.11268547527376
30.53577177212443
171.26903511876097
195.0029286343969
171.78099162159057
207.18097386853617
109.4864005558634
198.6584474257128
108.20117300335515
97.31035640205862
115.33708186066804
127.44411116753908
225.57064889797306
228.51094849727784
196.26207342771175
45.163774977156464
222.53060203095663
49.07582576254331
107.57708814268157
169.49613240143427
83.6569778195203
109.65060841301344
60.387737359385454
177.8956305292609
178.1600875171841
167.57652783289868
201.65666340333718
146.82493163614086
41.88352651473459
214.14295827026254
42.0645362928887
162.4251676279086
184.2399284809726
136.66611815729104
130.25188436038633
123.43812699139565
63.99041379802448
81.66693099046392
104.81184476648174
150.0022165606508
137.77967475025844
93.60423446092825
201.34648582361126
201.4728988374757
197.1584487127571
199.07174559565837
72.32842671918513
79.67208761620148
92.65708789846512
86.00922105105603
184.26707191162174
161.88858762530433
60.389195025283655
122.5386268562197
119.08855007799481
121.5945171608133
69.63004476779822
169.75025636167373
74.82849958846185
42.56019509273853
72.90273317771202
161.77959088364435
50.37038217167937
85.48679361213452
85.9733321986029
178.20093976246758
111.5322589336005
77.01557711792842
128.36673858409654
77.27137425982795
77.13337748452538
172.3414149700229
213.29334130915072
74.55850139672262
89.0480770259585
203.61980972305298
159.88139140089956
188.02001612238172
201.84228116952056
166.17667256632515
179.94394946154574
109.93266085358039
56.85528131089946
194.7640418844299
130.49802394561345
152.1353280403556
215.76505395490156
145.94991873629345
169.64306653492275
107.56394680214275
191.3330325603029
80.84327834173885
97.05882652242488
49.21249688234735
173.8531623902399
136.1322780860875
181.71188249174384
216.31345136124318
82.41197037429382
154.96236349269262
29.13179935666294
203.2253240085377
168.7346096456704
176.0361455541103
183.3580025275321
222.8020853217608
120.83417563494778
215.88528855221358
92.07683458745527
166.74768955460078
90.89667815319058
42.589233657189126
182.40181515378572
37.71561886887239
92.37175670408492
45.15271769076776
162.96753785186945
180.89597218584444
86.84969899481113
212.22169556490823
122.19340410448335
53.66119096027888
214.26644888718204
45.18806904461343
183.21106820988743
56.50631004062539
184.19496280863623
91.14757070212688
44.31858425493158
204.58044208494658
202.19870871346663
233.12573767761862
69.96152977559301
193.71864338781032
198.35108346866102
152.14485463527518
125.65693413306471
79.18659969378092
62.497844318568475
64.28186321039685
150.67021165620304
207.74807548504012
77.17902024783437
48.17117766648742
205.60093367973047
53.53518739955775
82.0940428786701
82.93903071525565
80.05897990240027
89.427498249677
140.55521973481495
154.07869963093037
221.44709632632933
69.84467639519562
160.26758803695023
183.89641920048328
198.8095501167411
146.6353495653201
74.3130584060237
178.97190971347206
195.12060202540326
159.59651757492495
178.84566555474225
184.8365917268507
161.3004166363348
111.26631835137037
28.262905033009588
119.60312290948238
38.240392784626124
173.010618269922
200.58520271755404
60.81604844283811
157.69286687967497
57.8308452733908
36.92041201954509
27.916604562015504
57.57107601755044
183.48484819102222
163.09484687980637
54.941039952137594
188.63304947748296
109.93817499241536
95.63524003127378
162.50699162835735
199.13715877289656
144.30064535177658
144.30174185074927
61.295364716168216
211.52926650714085
108.77734990732932
179.39740906026458
135.15307800187676
177.3472585815528
164.245333869911
162.5387188598512
191.0897860272758
124.5036453563281
145.28105842846384
173.7567822119888
97.01759778917285
69.33418529966568
164.44414710081531
44.82711056584528
96.52032834407657
106.29267729538263
95.7021215247975
172.73622591405464
38.99946530681629
172.05188155684164
88.60444296833825
148.01392765158897
47.12818792439695
176.83728582083856
163.59498839673918
179.15834984582085
58.35133179081765
159.1431627088317
35.63111101885616
113.59048245953237
202.48180257787203
140.14755533054785
182.06360062949497
153.3854071250421
58.60113906621996
173.33261104194094
175.77095360258994
50.61055468136345
133.39287875121838
109.98765708313047
128.44232645415005
214.20085526961446
32.96189561557299
67.4203922984589
112.79253753775697
142.6409534756976
64.51916604041786
191.2552513779943
82.99957419953314
90.63869494267061
98.16387150420816
193.06437840612728
225.4577388120877
129.57833291519472
126.69688973133296
115.2552161611901
192.53107732941186
59.42023868076712
53.0688992493678
70.0068983899083
177.5665873176225
210.42909877709727
212.1601136191874
204.65743063125552
148.33075050980838
196.04514574699903
111.5431271196924
172.25369966880373
183.5081657665119
121.33559649381708
159.0324288104683
174.86369959187235
67.70404391621446
105.83552947421131
191.3346213286901
209.61470078188762
192.10562910020622
95.00520959032346
74.3504148085616
85.67304224891475
156.98959110998953
46.882899103386315
53.91426531538031
163.28902590850123
85.37324028246121
159.5327140808357
135.05878640774952
113.82051597144148
109.57939973888705
192.10650493112013
110.23974911944678
209.63465281605986
86.22538387325451
160.94428116862665
203.89705909706888
167.5039878765874
97.86725995014233
69.80809469601434
112.51953121740216
120.04577806671087
42.08811415874614
59.73005766662078
126.45474669997363
208.0331435667715
152.35484067512024
216.1455206118294
61.854335019186884
203.95605836046516
156.31754971571422
211.287304186097
170.33515189242837
121.95272471429641
110.49664638971186
159.2170404401518
193.66493181627007
147.5517049634085
163.77209735779985
137.54862564388912
117.84872637906055
150.2402545021251
31.746763751572942
206.30808585224264
152.3481325822046
101.06257759175115
129.2665035740614
191.89491148561274
69.3475009612891
139.7732230163237
50.20675324738645
64.87046811327195
162.68545272215889
126.20100311353174
148.80640845407498
156.90361969006736
136.74627041657752
178.09536492511077
187.0633098389063
211.89308829690808
41.4146156400159
175.05285711531354
212.59470091910268
159.1237973013274
208.7297822147438
37.16150142448989
216.6192001396268
39.172269930573066
98.6677994047138
41.085800918133415
76.60112537933949
150.3821848747406
224.23609118874035
121.56975543537565
193.04018964556263
77.16898452753423
112.66670811279353
83.62110291911274
147.82660604010727
148.55852868085356
102.65350822714656
85.34132611607951
168.07740339852697
165.3703127515517
29.49729135130621
188.15002720672044
91.6924076955013
199.92161090702868
73.47037633740476
180.56765617558185
172.5939279812254
153.5415275825837
128.47936211217672
62.188149885124616
102.76094906607537
27.79772630793279
108.88473843333553
81.63066922532477
155.20881300699486
182.8072992953338
146.0070966159218
37.39007476354258
160.3792934739642
86.41935345596723
152.15312881129827
31.125327191466354
31.597578819485484
203.27742768578537
182.17228422299635
170.5427143121695
205.34008438898636
171.50050473037524
33.34351119954318
206.88510130633966
204.4548432167196
169.2152401220294
122.3622289017865
202.38178440019186
158.80429284470142
191.47217231055225
130.22505364776717
53.84502772796346
68.25575120799712
151.62067366684073
62.188198384050295
51.85913873121431
84.65240379748968
177.11277432487478
129.29312629245663
158.91997434633237
206.71840395491242
222.95283087670083
156.11447967708938
156.54584510919233
120.07810253771223
90.33377534729682
209.7509465438933
190.543078620098
188.9980853881966
189.21500896428373
32.73250030997866
145.67551248066292
191.58241677749731
206.0225986582927
127.85772842511034
210.0141732184319
130.89649916013502
153.54303231774253
72.41391260642587
207.0949085241562
135.5573457133512
212.85396746867318
78.84317790317733
70.34208236529022
179.3807197893324
49.77441305170835
162.18656727055065
105.27006646587922
99.91157212163887
192.5980716859988
35.95918627633517
99.41178093597209
215.45858532492917
162.84490483215956
208.51848913613372
145.09199072870857
201.32847827665827
103.89360945345625
194.21591041756747
105.21388469778393
173.41185137200313
59.66414964981547
111.50823587407416
63.696712769609825
71.09683412676358
216.81843017068508
136.86711083822877
77.45602406196325
195.24490206430147
156.52842560311328
199.9417916563911
184.40716579366278
45.70563483701921
42.1564346257345
197.60440690033724
80.12893215236016
212.4554420976005
55.446245734681796
95.68720631433915
159.68542020618264
175.80684794571516
155.413728748733
197.14753978523612
220.48702806669394
65.11055331407717
90.13857035220876
170.8715024626261
125.10134438571457
160.57814254089394
134.8181299415317
169.00214512833827
162.36044866402617
43.492068179686946
215.58536305256325
147.82867045588142
182.84069201590813
116.93314780821689
199.98796108417332
183.54340949844732
134.68335842918574
143.09363020149812
209.0889048623225
89.02183794134422
217.14846342119324
183.7486751891777
127.96972549141158
185.1806224018055
70.06509722219626
176.854047208871
33.647914142918225
145.36147115849815
100.92470271798251
193.8274265672069
205.79881437640665
191.34624765068642
37.39022000236055
36.55449063268005
29.387598337448246
143.7446179897374
43.09147603303706
170.83807912291465
126.8145924026966
157.56441997925242
104.63959191344266
27.751142278586233
79.44359278712562
165.3660182068627
174.9684367190333
68.74040140905993
203.73489420940436
221.30744922969586
203.81351269867713
174.74265723810174
157.41527448004013
103.28506940304878
39.39456897408791
169.32983909282584
174.72463011922434
195.34262668641705
141.15516823422342
158.56093735346872
150.971424511804
191.24454643467757
142.4833299641722
41.75949842487045
128.04929294749275
48.52259542096108
214.84663637327475
119.49796679900963
85.29456296738644
189.88322537610202
217.82772478484137
165.54040512013842
100.03485081520246
147.896323370986
136.58033661544442
109.18267116586419
56.885645378763556
74.03094536686261
188.77703992321406
63.5988821711369
159.8346188436022
146.72034570928182
132.26308914547866
202.83286240769405
212.78912017793326
144.00280459639805
119.73768957036846
69.67240456000968
105.16503790327478
121.22247052883311
25.80586596662716
55.392479668449454
164.49930026729206
148.83042398400272
213.3703027784329
202.59493705277995
208.818752401292
201.82588968643313
193.1759516238335
184.70466715835616
158.02102594906748
166.46429950890067
179.55667431251473
197.1804499920743
201.46289443776874
190.61483221616882
144.86982134949156
190.1474196516773
113.85664701798984
131.62114536186183
196.619705075324
192.64245502780312
145.81063618204672
186.70501471677122
191.2814949384401
182.28635861601552
187.27215150499893
106.52581334392637
206.32704353727652
62.55462405243622
114.72500923980175
143.4947113314701
190.84280485634503
146.22048736285015
175.7438180070987
64.58078171917094
213.5483192401942
196.8019449793941
111.50568683626916
99.97669306254737
131.8131475536569
196.68069060359508
173.0641820527012
135.1949820210714
171.7272822653345
184.00372917723598
183.65644794726984
112.51953121740216
151.96457310986673
195.17394856668614
216.05032780675708
63.19315085878408
64.87264526566307
191.46897502802958
102.6843791038086
196.62728204019908
162.27232452531055
153.7825589643104
157.48662212776964
199.87504284203965
90.3636499485329
60.37269545255415
93.16581788428603
181.88364378084484
136.6767008871054
184.44288871880315
203.1234415221211
115.4755315502136
87.77231864081618
49.34101900527709
174.13339002491244
157.42428779214848
185.5094976025258
60.77296246428705
161.81859549123527
75.64446305728305
154.5283053964959
202.79106043440711
96.59340086888203
174.16748994284643
157.48738621371754
141.74350320913877
101.83006748225361
106.40580097212592
169.43368337794138
70.11024206852295
117.32264020325019
175.2917079644821
198.0085243029052
43.2335894536488
186.8457940918486
121.71166846701836
190.42712995496814
98.83027107891395
121.09980229641603
203.6808289480024
43.45269300867931
60.33573308905229
207.2854780720689
160.00643880546377
162.18378066853683
70.10506296089687
160.4356685886198
126.4366941590643
180.78262751527268
183.50257668709955
52.633202572947226
220.18131193470595
189.98648469246527
196.8345874505066
128.8975006461698
41.788658169042826
112.77716126655675
84.16562314717177
55.56907492059314
65.09290645112681
141.80959092528633
165.3637472714411
47.63130517631702
132.41283575278624
45.66494081052393
180.91824889298408
175.53074776218347
96.37587912428513
164.55528157656636
181.46991010053537
196.89395322647928
183.18650525343003
160.25043093428147
141.70015150078416
88.38958474015811
71.75475855334535
63.79804699364895
89.60738925899557
174.8004640291488
51.36896375829663
171.40539695536205
44.922388279902954
140.14213339895525
208.3921329138012
124.071747189108
105.21388469778393
155.7578848677341
127.91322519145984
171.03843802220467
97.44191662086911
191.49043561211434
145.64547440067986
53.4724159523984
177.62891876656306
168.57121647948836
28.448739000568786
125.24207529464279
32.24397896499039
173.41236277506903
139.5176306696463
100.69768980905279
105.8984104086233
143.61879608790585
162.16012965295596
62.86333144760349
221.27686437711736
170.13921545858616
34.43892217359405
123.19346752434846
167.67680829140699
53.82053725676833
103.27180816063347
88.8702447084427
63.0033226462255
198.6037436847507
192.33292059066005
104.58772357986001
203.51411970636167
208.84086038237774
206.53222024964813
29.741251151790255
95.33068932692967
63.063118843590786
114.11829445856067
186.83998902823953
143.1806548573457
150.28597301238676
178.33567263980515
213.109390339114
207.95759460522046
133.19135078248166
154.43908813929303
71.40224853901061
196.76097137600766
40.76966887702148
118.41148919530805
136.53384944122695
198.6051327845742
206.33465603414683
48.57235049001234
190.48408107956138
74.20080535628321
196.73387677649973
42.09348991498065
218.2499370580168
203.2906762196887
214.8372008573812
195.44259453862927
201.60542974001433
34.34060932938902
73.16795555715643
190.11456941450766
218.4788001846785
146.62065909297547
158.15602401823355
79.17651010768962
192.18565853383038
84.46284727334464
107.94466647797037
213.02438037273745
173.16459602112448
129.05127209425066
98.07609696462269
65.87128958725064
176.00619636634733
203.28032700744518
68.51093519593447
133.01747228513722
183.81195543398908
192.49077633187017
43.85842939321184
147.68007623461665
142.67186058805882
41.96871672383809
151.003560729991
115.66516884684235
159.37218900446118
51.399038386231894
201.56039487505797
190.06451306535456
50.11194978792122
197.27696267031828
187.44558292732722
118.4812607747997
54.48906361942718
193.57148583712114
202.3934663603428
159.41697952688637
185.26602194606804
45.82613773239339
26.380731359453822
196.31419564685234
63.10294832156284
176.0566395518042
80.62122741133588
175.74132145438955
67.75424629353941
141.23201310388856
153.87748884527653
191.88105703685775
57.340271968731216
69.50057074628836
221.26166638963804
30.690581147526917
76.68657156933864
159.5053656872005
78.1932200763557
165.076777267876
57.7113543552231
79.863191993999
132.80883809413203
126.90346480107198
175.9666474241991
195.06494488761024
89.87713944305975
59.2885318706652
56.85528131089946
218.8044056430225
209.30731795580868
173.8260752284267
85.46788494555693
148.64095030544263
93.92985982592043
49.95886797729375
158.39679048620445
190.42251245815666
165.66337184819164
108.50767650725439
193.00270831493341
161.18956973878826
176.84015743145602
136.60120731849273
160.8646327388621
45.5968643239692
57.0024230814988
139.48792994176176
202.3429058205483
90.25087563360383
136.62185760519657
193.92965763747966
143.90240184408637
31.311745932037034
153.4692262187978
121.25236968345817
192.14113437490607
72.02065870914687
86.43998803206894
40.13546744866728
229.08531843060797
201.19021886585605
145.632105126938
65.5936639520096
175.86509143416293
109.40496426184289
175.9173573024622
151.2057793246875
137.51771591394638
185.8263562271095
174.4424796305117
206.60520453348178
25.723854006683347
179.86292932905002
202.97903399920068
163.616666042206
147.51414608642241
100.34573720164003
206.48969089508793
137.69493510719056
131.3001174083623
49.125687528467054
193.41476783036757
80.78104716218961
163.61014108062906
47.62403163295926
48.113365612458416
164.0601634244835
132.38836406068563
173.4338182346634
116.76630041307438
223.1425448197268
165.62088231622533
198.45002895921564
193.2706570393589
154.9053481827655
189.96721628873962
190.85283175554213
43.88060928968599
199.81668312585916
187.60384129311583
153.98570936830265
51.59850043026009
102.7984564150549
183.68352620243869
95.68682686569642
209.90719542785092
122.07327055499884
160.1895920254761
213.41370855147906
161.04269868363457
30.986796031813366
160.81897368864105
93.86819768042483
182.5526172294745
176.41701712196505
43.32351214366814
137.4139638851928
32.13041904749718
66.4206603990397
40.180330563817904
84.78828116503803
31.81419535459021
96.57203100860325
181.96432581052312
144.4050800411101
178.08655582647094
189.56256245679404
207.05509825066423
175.74760954406182
178.82475009395145
118.84117775427251
47.162885679668705
68.42095571824537
183.9110948321741
212.76572643916242
48.20772393266525
166.14821923590046
29.398019201449255
129.60566102777017
205.46573703978765
113.04598383069938
201.0651001296042
188.7278839111699
149.97398241929534
213.67913741699746
166.62840107502527
31.98335322083215
30.733593674635067
51.55789372555189
34.17311869549105
150.06266701990364
181.47348530400146
113.9795316692484
53.32795179861825
135.8180891343817
161.11007210064602
189.77642092346272
190.92594590708507
183.75633634135204
199.41610699683017
93.04396170768793
179.95470604837374
83.55503745020084
163.61746362447724
200.1545900976833
41.03504513305179
124.17973039345742
36.25699044586269
140.15785254917782
42.43519329253712
95.57673213084618
172.22965062735403
167.3596065141631
168.42091249912562
188.81722790106605
43.65265006183428
71.4885721512432
66.29802278135071
197.75964420148986
132.5443960453084
221.57782356555416
200.84598617556097
90.46383284847064
86.47247202935004
126.23929971013006
105.84542629627583
183.84228386323642
179.20892739303656
48.35243166363701
51.0711620690767
190.14708112755977
108.36026418637663
124.51739834791175
72.49000958985044
151.48846163184672
162.41623472276063
83.63780565378327
178.46733370454453
149.7122732380682
140.1845576069947
97.2366983128427
182.6822051878286
172.5006593984091
175.2091106698525
52.870264171376036
41.37312924813263
175.43055069780428
154.27421008853239
121.59586657114006
147.04247050269998
29.692770861173305
162.3036135957169
122.00272215743097
192.20114548308825
38.0758259761034
178.10091863367913
204.71123217313144
202.18108534805717
65.70264982382834
47.74263604479155
156.4567790929603
81.19602880341046
96.70236701345007
98.99986870756486
176.72420829957417
139.34655475432035
123.57134602839564
33.500181128199756
44.85655482975897
213.26467611277567
199.1961669530722
49.98322567921673
47.919492634881095
181.62368904417852
201.85996272007185
200.81654265563378
154.11558159524907
67.6839388003851
165.1385476554203
47.602032698527125
77.6510572628545
116.10522095362556
80.68765463044124
143.0131790892123
194.0938788142747
217.97279021134935
80.52190268672477
145.95830896707974
172.09244348572938
43.02181753533516
228.75999275127708
200.30133692503784
67.57871970072786
199.87656242991198
90.47895509319103
182.63952383410725
171.9504550234777
222.56222303996483
189.88123709919688
205.23145445330616
146.82635540110653
160.07939593955973
78.26400194133713
166.0858145672277
47.82433994814243
191.26210368882175
178.10204442293218
95.03610089662972
161.45767387502278
90.22031674890876
206.52291490235325
232.52819629067668
177.7092497051595
109.00233519595196
157.91039353825553
86.09013369689846
190.77072379307404
174.81772534952543
119.37522647271557
177.455915461869
68.9393043271219
188.1253440949691
46.32961913306452
201.05911711519067
107.41704275695884
32.67666916730341
152.27082040959098
152.52992278871386
184.42374462766668
74.28165982874796
110.30191001574805
195.4313254375287
177.9042003330759
187.87349256046858
52.579688846467064
164.05486145553124
210.31393934744736
