114.24621054827381
172.66251822920253
182.88952154132267
149.5401015981083
138.23340092648468
86.25225720253911
160.54132966930527
125.22338127344834
82.21067785713565
124.56653183441863
221.13585963260599
184.18359464844136
207.23909971401153
195.8025350204989
184.75729609232334
124.34992004327657
184.52134615446187
187.38252463726408
92.94790572526102
25.693742840376355
77.93046296768826
35.40752402721501
141.72178345924644
235.0743179752643
204.02302365098782
126.97973235628996
115.86415195099072
116.76294274221547
73.38061703098869
138.24970928273322
140.919079290677
135.5653849308317
154.2210991342498
184.32742361197032
103.82101714353195
207.40431165377004
27.221897026034533
122.79274564806687
179.0285015477378
65.92971677818343
181.71090466626632
119.84737729206142
75.25028361756476
168.3797161942214
186.52545178121838
187.94641112394334
133.75237734972595
126.26395568788357
51.978353915652384
90.53776803123573
69.29697079728791
95.65571458324547
97.95600251667724
161.63400391779643
126.65390671553898
158.55000923240922
135.62666764539728
49.27794055290883
202.19938640900068
64.21271603362459
97.46043880680618
73.56488493389311
182.21252061487024
211.9520771440221
39.80591923440377
204.83198955716568
182.30945392101574
200.35971016256275
193.3510001851927
186.3556849794281
95.8634039183387
146.2768863350779
121.29005695750362
39.05465868623856
135.62636524652262
72.55962360803734
205.37228847686472
177.2703132857612
215.61454531519675
48.06106330951755
140.9780477529915
140.07813326275584
105.4601626316913
96.26130173117222
78.50928574874747
108.15307080614805
44.181525456637566
130.76611430562468
31.961308742568352
151.00084653669998
171.3308464655312
71.54005998396127
209.52752172861275
122.02000593307386
42.62610625360625
172.34867108728807
139.0423899125362
100.48814916912713
111.25018842321894
143.73724356139968
38.22004432091469
150.1797015242919
143.56618254498028
169.65975408955052
190.41478740193705
147.00654900223927
191.60493157737668
123.34635075944179
174.99825847413544
121.93326793101333
119.28894924906716
59.3641743388325
35.52461258388408
66.50997298924952
93.13439741819613
58.25025834349364
58.69503580828278
75.10243592687758
217.95646364905792
145.88877420060453
191.26138600014556
125.22927956474385
54.47796934971579
27.61378229991435
185.52756765021724
50.41163265898474
126.3768180577027
212.8808993054346
159.93353274255486
61.741690021104574
185.12957235458842
191.32499423220622
51.77792860101321
176.28939094956127
87.13276225432661
191.5395615190028
79.7115896383923
200.47924490594156
158.94705360843778
189.56415981043077
55.33099676335507
200.073093933161
192.43471343750153
84.67876876791162
188.53469899967806
182.9241716696246
207.51217483806548
187.70874530729284
192.6580356217755
181.87424260272155
128.8058362754856
33.28134748573942
98.07021934579342
70.25652283772739
113.07824142457346
187.1199639622022
56.315207636889646
34.10135231421194
100.85224320614121
206.78314530229966
35.33412066780292
200.9701137470212
179.71878114819467
178.53688373529315
148.25738488277727
210.35343570508496
47.2716778207566
32.4485815052352
57.183266001114674
206.14320676605345
79.24185706957539
159.41242088584312
116.09275142042772
46.660470231341996
179.42373329962228
106.58184840072177
40.72665059454429
115.59816944290829
220.58251866695306
88.78416206554483
177.34036776413527
184.76870068681944
44.77932864689237
149.53364090825434
45.964748480574166
96.91650082875954
52.14407502074318
161.85243233331073
165.7313286432934
52.88501076498776
190.43774430772834
132.11185401005787
93.50994826326371
198.7454719713191
52.847261657631904
191.82108452108832
36.57619981314809
205.65461276847535
198.3993674230428
78.67010224494416
210.00069728019594
136.4619042257736
66.8667739210406
100.6184166778479
193.5340423250572
156.9582623579792
131.16031424776347
85.67123956312983
162.02055138265303
48.04458499720343
53.92602497197815
153.92259743301545
175.4948235603854
127.08620046016222
112.16532388788974
158.74617855100337
166.59145720001553
201.8529959907637
217.33682297988062
212.64102553912343
212.24404425045822
161.48494613547481
177.0216313698081
38.47402390688262
101.35515046684381
134.32218847328124
204.01321068867787
168.79891279717447
145.7807650505466
134.33819396203384
46.245620965040196
156.73012963469588
184.7760482370328
219.88150916236518
203.4255183444734
102.20281046431738
159.3468990985512
26.66768363025485
111.19311169428185
45.89436618560534
38.30518275189309
195.5075489481827
101.25513341413902
163.96942366434257
92.92615082651237
200.96975509706016
76.58971190127274
189.27741606118084
61.99205747178907
211.97615737943855
128.17983132160356
151.6534657152537
61.445746272870956
84.88372983237264
46.873079082001816
168.84610096470783
57.09026345447097
100.36656413927048
178.99883228180087
180.6622011561416
200.65448398558962
174.27492407898183
114.16055798442022
150.55770911173974
200.42815602237295
90.29290541013786
211.13490611929376
100.53502462271463
169.67097361194126
120.40677387298962
60.18415017499878
105.63108069397697
134.65324720384686
89.93397003936396
81.48317318149643
46.71637728685184
68.05186630590593
208.20604421229172
127.40002270557434
144.7921992371591
150.66530238136437
187.29235224691507
191.46950439500972
187.85428636181635
103.59218133031017
40.95412349922573
90.09362494761908
185.8483287318272
190.98804609888512
150.7799078071225
188.7105220323962
41.79575654545665
197.41517593103293
208.72830855219732
61.33373264179656
171.5085240269057
201.89474158295087
123.99663536384051
162.39269642095428
213.28153596390433
142.19957012617303
170.3684128250122
138.0909139752062
169.2948748932572
138.7903522263931
127.56400466945354
106.02969491543203
121.50159437851342
211.5843550541548
41.157856688101866
216.57014303614844
193.8988276108569
106.2513532658797
67.57333045638659
166.05045312382217
199.99568717611828
140.5394936863151
151.67604690983424
214.79538145894938
178.8469659839768
211.96340569012523
114.49039123957154
171.71198148192315
175.50863452567413
120.3276337485996
134.6804141002644
110.88847168108758
124.1502190257843
97.35763175612328
53.75002472409955
113.95411828756318
212.869333572878
175.15108356246665
62.81411498047014
125.16589370388087
57.77045002658737
176.53697666098446
182.39215268858965
176.17873267269
120.73213016714185
117.20630350454674
192.29589260899635
196.85003875328582
152.4065731903862
140.2635818223389
119.06076013807446
178.73695577202636
129.8660152960889
35.367824189999176
70.4544323019326
163.3878310067402
187.36608834474848
194.0795452012488
106.20918530698273
201.01086391693767
123.68095061507417
102.0091533418832
136.28931542546363
199.24630887864137
210.30976249486838
87.84957938054802
169.64222148170631
90.76763261652764
141.0631430876668
196.57133189426676
108.7602685591209
94.78507793930105
145.9675462736393
39.8203998365782
190.61345876494084
183.0680840996975
189.3075761363138
135.4016234057172
196.7820272133969
120.30001461889469
46.9158812592142
38.006856254585195
122.42874186521519
197.94486624141794
35.06726778519929
115.05051787098022
140.14496451911336
143.93489625199706
140.33414073879987
82.26666935432792
52.90467055122251
147.25221151091557
141.01939300241605
153.86704878860363
190.271688716368
204.97318490995374
230.82389312094247
123.871215447272
34.77545799391181
205.07269044744206
198.95689910054338
205.34354015972943
220.2674097684128
88.13349664446254
139.16620978896498
135.63842369842018
118.3776209583676
181.471817032704
37.412734127744166
184.70601875123722
56.84665104785797
138.1116933765976
60.19068276181559
211.42464707785817
98.24649801603071
90.50984625240542
53.56949002949773
149.01093217757636
136.05087242646337
57.375919223190806
175.28492792742722
86.6367670998628
87.10251561968956
137.97921883105337
187.9420880018408
72.95244956427105
192.97518277924536
211.43453212261966
170.75083746053824
122.52870595819167
81.59006028633112
215.48975552884454
39.70273972708106
203.32241991933438
117.27446589652854
205.65666001050224
201.0322786886007
124.63356692307083
107.01422179760796
36.25435488297111
212.89177340806623
195.86711967563014
95.01535917120337
155.5136577460929
176.8836087191377
141.28700147657497
147.95459823379102
72.31847665477217
200.57025964423755
203.44107208842007
205.69334444412917
72.75901733760571
149.63185274027364
131.33848978973185
149.1690666473206
37.59939300848677
48.57368982207191
200.92622108841277
48.1631418740163
174.09764939072699
137.1758209887801
118.6303256904747
203.9918717070085
192.3498920908429
173.62386346655188
59.695560854582816
187.29352557764253
224.3027831765726
63.16240344060141
75.55816973753025
81.24805938332466
28.44679739756152
195.21849592180283
90.50816420063713
67.17232728044078
178.99602058797703
104.89235552248728
185.28876660653418
32.38807648826164
210.6535853129877
78.68205248315263
203.3118027800087
177.86358838281018
54.90245709665674
203.6644251526267
147.5937614953094
65.56663797260703
61.91040814458928
112.49589367141047
154.4048944807144
37.35304339062385
204.54311776933585
210.66010086366984
132.7310454434
41.4113539229547
35.67074573641612
82.25381699438108
97.01713972382777
196.5653159594215
78.71285052760228
189.9003430435277
161.01790425937088
144.67320426619764
200.70332558764767
181.8093204396273
125.0715658296779
177.74507555303612
26.045907058373423
160.83915956254503
211.3142668572909
193.9319425515742
181.9997236990271
118.43944065063104
177.0146975834596
29.47236322277921
44.033482818149885
34.67216028726486
64.33830834437804
197.23572748410413
194.599403765883
207.84800086730328
190.7194197459435
206.3210621458618
41.171306889375956
193.99338770213848
176.5758480887177
196.25273845701417
131.42464468280244
65.80089172989888
189.1105875266719
212.29360620185633
79.91795537901218
135.31613893303992
188.6375655405895
147.43097696081298
168.8619751209101
194.82597690045307
121.07902240835
83.57266194198623
191.95404728905874
130.76611430562468
198.08645586555693
90.27319029213695
189.99808007407282
73.77679833451232
52.2879896457772
195.7051938444464
128.96361794680428
186.36164079809566
111.10731220258505
56.45303179160538
153.45445803852954
143.2468330695339
147.40513853664558
207.0054337902286
133.93617437581838
71.01590039681288
148.544182388418
64.67270468346251
138.79106620739327
96.36653644612471
197.75897840510038
179.97356588322484
145.06416976531247
62.96030500166827
31.61491489565975
205.0310902084189
112.45914496641818
176.84436926250214
226.06045988561772
88.88718427285724
145.15934186458148
79.54490472234701
203.0765584910861
70.80963880465183
140.38808669679466
66.31382910367614
195.59089545125076
196.0291953367206
129.61088199850036
169.9385966480882
195.3351318966408
183.87605218611827
85.69878383131693
78.47253235628891
112.37935792766278
125.9162386405964
222.45611039750406
199.01133342508726
138.31831963087942
178.82697731939703
51.221416687626046
185.30156818906107
145.62383099843092
81.6754908813268
139.3251365479873
146.12889090080824
196.9875078614627
176.26215602039946
177.35414771504196
85.46846139255571
158.96219315011004
132.31738506072844
86.14195625083616
83.92322394627928
197.20543172687
169.19309171251197
216.7688929611145
159.67299711244672
190.12785088821354
101.44364622748017
186.07957649612425
181.2759764550847
153.2100138312519
137.8327569799681
194.8700894956891
89.18278392834324
129.92216074713744
161.705154624903
175.15111862421247
82.7297370265636
210.60062429465432
87.99688389623778
223.26583691324086
70.56500403549977
149.93637421710807
162.20798380482546
136.25494970869278
185.27006608435318
31.02447257846708
137.84809915894363
182.22356347955187
172.99947221947502
105.69706138964374
107.68807467353405
200.50886078950157
77.39811258097642
144.0687217777555
181.38647229781995
179.98760610010467
65.44711150639817
172.54229967878607
170.6492385711142
216.64142663774624
166.8509134229106
59.76616303558058
84.14103004568334
31.438418673914704
72.17236678720485
153.96682764100922
180.58321356948696
157.67322402989754
41.622316410674664
145.41730835744877
200.70118110407083
138.59155112943077
136.2363101511137
124.77514779077369
60.56045720347791
204.37360781420074
50.86780689202952
29.889137236158987
175.56821426806655
192.4191715117303
183.0576814643478
186.80920335226563
196.9017743593069
184.72799949477363
34.640989409568384
73.18144470636831
86.50071717976547
52.27148482410788
127.49749848244463
199.10640345571136
136.08125444324264
206.21346965259173
210.66050996674528
75.15953741713561
214.07722529273843
102.03364173002387
55.609662515981114
189.26107300625324
133.98467929911882
203.3045067186955
211.92806120537995
178.21258723848808
178.10176052977818
185.82148713735972
212.14897364493237
194.73211384794286
147.33904994167136
180.1797364823925
97.82286239377669
182.01855568707862
142.5809663465957
71.14388472607968
78.58813376447755
39.05482632576482
119.59575368104427
186.92815373916838
111.65386675876401
63.307949140100725
146.75935981176946
141.6177922954314
124.0736314408012
133.40544206671365
184.7745453706901
176.5540815637396
196.51947930937015
156.01826768840084
143.92983550374203
138.3870041869631
113.07012885091899
188.96608170735325
85.54921241587691
181.53514026622096
191.9820830424959
214.45214432931311
102.470954471007
177.57092564541847
206.0928574429307
104.93969443051812
194.3693416801968
140.54673929888088
86.81426083973857
213.9959316394121
191.49890676063828
156.04064294706802
98.3611599558363
218.25987447397398
209.86561666964872
127.13268115019127
170.2416760563189
230.10389875813846
102.33726420543545
204.51381400071318
102.81655772119508
203.43900589876927
230.1969544740602
62.861769465292056
160.94185991702335
97.21302715632835
55.65201426196722
199.18096761312458
168.55910954210034
186.99029099481277
90.19414409355205
195.65250322962828
191.47720785277147
163.22030227332843
180.84302492893994
163.69985175948574
103.73083468692943
175.07222430863774
34.3620549787828
138.6238352427445
29.89662853520561
161.36672648590442
194.12587489478645
69.96706250526158
170.31001222732203
95.36478546324129
31.916719482006496
173.47634484708638
35.82153752935415
29.403905370117908
215.2917851782585
160.24572530366063
58.28349244044581
41.19093627298213
198.65537874562406
179.09004199258726
63.694745607253765
78.17440008235081
115.14391477461743
186.20896509590918
203.39351877631154
34.04807824645131
198.08925480713526
64.26780038867764
131.48333327258166
152.60933281536052
31.92922073176699
152.2782367553827
65.76543319267537
169.13731545384633
68.40018110015595
198.34369763222153
109.97931383202217
96.08456815025615
108.39663284738077
81.73136936993733
196.91319708396995
112.62634819951924
143.80092158908192
234.16040800064377
170.8670403574986
120.98363785498626
65.9765551215144
220.61301357903278
122.07624215924875
202.61034236245976
220.64883975367624
200.1291528465556
138.0153715561077
99.20627257181884
117.05197923870229
189.8924457009773
47.311654653743425
199.79101057641816
136.89232235565024
189.03336227818156
63.15300564331096
154.63737401405362
86.85083194542923
151.11069805297114
136.54976295008635
104.4651245427369
48.61717878602049
156.84591766379245
38.909664932481306
178.1932839097264
140.69586216983612
197.95331398314624
133.39854609154028
184.16075029671077
77.27896322156089
116.61428055875248
31.28960007916315
80.07759588929375
108.5037004613584
225.80247942916088
152.85314921602276
143.20692667438377
200.9755394604712
201.96706627398288
214.5832944722633
49.75579159637988
145.01704798282245
178.58424131702506
173.26506341078075
27.303133222666524
64.51186807324788
89.32848922421653
227.5239939229888
184.76763380683917
165.9666388952827
221.37653826751196
93.93291522985383
46.53936940902883
158.03343204606773
166.2382602471717
131.24819882667396
201.25260546770267
88.23773573308611
49.76569757823685
94.11809515379232
196.41521688798437
60.59340494576711
74.63980270978509
167.5949047955677
194.37204007534964
169.54517976355353
70.6087726118302
202.24523402271902
146.21389954229252
34.32474879085443
79.80040247855277
199.77261821595098
180.4552103957612
190.12637986940746
86.12713730797648
65.23086380045021
129.88608051798872
189.77180695762004
68.18673327890224
193.45510195685102
221.4502577498915
191.89053782376013
190.93414450573383
183.0118099755623
64.70890250206033
134.14197592413535
169.49654787965207
99.69008025087638
166.1024735875462
164.48731094016566
202.96921046230418
170.15283657784914
216.56648843822836
154.1840901488492
123.25360509390012
45.026572123290634
194.8764855324228
90.65826848489333
68.01636874044407
159.21510331678422
203.8173286629798
164.96490324901023
101.99392345039229
155.18852353743924
208.0962846863579
208.93963489689065
148.91447554721518
203.66194191360387
161.52981200135804
33.146637194364835
208.44093934878134
66.73312209272487
40.620766488299765
156.21089202724434
155.60330080530227
169.56201740324295
131.38050687377438
67.15770171232612
155.41650135865353
149.15839828810184
58.305547685679166
210.75596972441497
185.12264976170297
200.90235667402993
37.3865093412157
60.55880308686563
158.54890358538597
159.81874090539685
202.25117627538862
211.9630848678975
137.42981945084802
156.17308566331002
138.22362569104723
48.908267854071035
97.83195806978581
53.58691698053441
92.69824950865242
124.40202773857422
87.41166451440846
230.87837451525547
196.92412069326676
61.64126443072101
147.07578298862188
45.17354431231697
155.01282925458122
197.45161355074788
153.02290645686185
111.76674783409702
195.87703707802345
137.38940416044704
187.80668821614117
178.63092414852335
196.1413372502422
173.23093535785273
55.12466858914078
174.03052512656822
146.76066714889396
177.45023033081256
181.60644816234316
222.23010282673258
105.5035764194077
166.5941730686411
188.85578813725496
81.87994286097704
201.0677740456862
185.53634492361448
198.17246726159547
153.63012440656786
26.760529497743594
198.88129219536987
208.33952899375322
148.9936368570315
188.32931316174884
83.81912888940887
139.5742871418921
125.24562737084732
65.12043008453203
187.5618622794839
175.85653781941164
149.17590790750697
181.14667306992826
175.9774156254342
169.77371567523838
167.93232652387968
147.82547882656482
151.37454893681377
88.78397683820324
183.15475317909585
108.57402007464249
206.24926964719495
186.49603140181634
66.90994455900348
116.7393446021975
166.1759067367558
27.39916385043341
176.39115581356
88.61986740701468
155.40622678787585
59.59208911641489
178.5591509846184
201.3027733096959
104.45694512148727
190.3596366714875
183.22647455243262
46.73231643706103
147.44542303343076
204.35086769256543
172.27602352554345
218.16919822552427
164.27562791540785
138.6234914773765
177.0239457859577
45.86599136178549
177.97355549946403
225.08303174449458
117.00696821536319
217.42260524598777
144.59718848191451
183.10989935754182
141.84374784131901
176.75903585286397
210.2523757655521
208.22440102920166
183.33548814954565
115.75826922579218
159.61715873508848
55.51622132544576
172.52377251630935
207.2522087081496
27.44694886253504
188.81722618749686
174.74694650037375
132.61718170360942
204.08578473388485
64.86248254297136
171.2763201972041
65.40537007706332
108.5899794231963
209.74237322988822
177.7875173278631
105.15572238868907
52.530892770643945
223.74689368801288
184.66417957276693
100.09140800910394
30.9913069273319
134.5524970396159
130.0528122536352
76.53576965246225
48.537593220416596
217.18954579781737
99.77320833151326
175.30628791031478
150.7558683003759
124.8571560072316
120.43652206331987
55.53343204702329
97.10383607899277
191.55193607358086
172.52492607894246
200.59425789836467
121.52066513392059
182.5410938773765
97.85943674175644
76.96061261381345
49.841185285538174
120.56062487599984
192.62659594765685
74.20637435286518
218.6863252636799
160.27255189676038
49.231743445415226
172.8427348885952
186.97614140253114
191.321012659113
219.58884545407076
167.67605430110632
161.04195025943204
195.8394349179284
188.78195313276342
210.1865021813346
200.67538988851086
183.90660582239408
49.49859724134125
176.79914177823355
104.77944417077876
98.0694347557792
196.52083155584413
158.1702873947286
102.09133526976433
135.97820843560595
76.56534704192809
144.5949820060565
201.6636434261292
137.67148979940234
35.021449733741086
190.57171693734875
91.48250079829425
195.07973454403694
140.95623148903078
68.35047821666174
103.34032705086976
193.4405880141251
88.04112080891122
113.75659852897952
77.60311946640611
187.01116502328645
187.99865926107154
158.77133372520035
199.65111001851525
180.56512624043242
157.48289318573157
200.5505857367564
112.60709166482953
172.02845339808363
92.74351086908737
121.89222855051148
189.11708847422256
177.07464530307385
122.0538999144149
120.41199442775654
196.72590831243036
62.39384831595895
213.2188294178219
75.84243735106004
197.8198866946719
27.172387182174546
110.85371697548017
30.181715579115338
33.126334086488185
182.78974976425056
208.46754571110958
58.50221079130935
173.90499720344113
66.81781960725259
101.14334397605734
64.49348663591711
79.06057884397283
100.12043377040577
80.75833699424291
80.66726343286415
115.67689025613127
58.5376120434233
48.37246502496978
189.5669444553624
188.86427508014563
194.360681509141
190.05752507605754
119.11554957308824
129.24568686317818
196.5157253829436
168.22843136788964
73.80313858408716
41.96872824144305
92.23354239577436
152.46910063577687
166.73186054494906
36.22584268480605
49.31829753718907
125.93700782669835
185.00581280024664
32.15949629031403
60.579374126578
49.04785261365807
124.90893008036399
197.54385789639036
192.66545176487557
41.76970426895247
169.5864952678975
79.64337004681015
94.91007519515748
181.6088684201207
100.97490625194223
50.31960988295345
192.06194347844706
114.01415308175166
138.32227317729226
142.57873341376936
159.36659818444554
162.44413737672195
176.83772569057277
164.77397676193723
31.861114708001487
89.127620570272
208.95716172668264
86.06066121330264
223.6555052202382
61.60813428172548
186.94281535029978
88.72373239647101
34.43442396636998
99.67391828482366
108.24832744026143
28.607624335182084
111.32813584565133
25.657379108104305
176.6388190465737
78.13205197893832
146.63260285252807
125.25947190269342
51.30501151892613
197.69794490013567
178.3549244961966
166.21572753598488
114.0283068817931
131.38331740326248
123.08048707854796
152.2129971439557
151.29025972748423
201.07596103609248
169.86167389582232
41.025140906371846
191.0852229540822
171.97942331307908
181.18988150287126
150.53116420587725
185.88897211991818
171.96379403090106
90.32902033230471
89.27368055224709
62.0632968745916
92.67806672570146
150.85023124405214
128.8817947554903
152.19865535413354
71.93719810347302
83.59754934105825
58.32773563853736
45.4032092188816
39.9614830085394
26.536017414540137
144.99681962596674
197.3224485979384
169.92572515420858
70.45960671048232
53.032691514535315
109.25709828996051
161.48005385102826
153.63586462565848
42.6285649842708
195.5586773951787
160.30040179298422
188.1946707668159
183.2486316497606
117.92516440358314
125.33829590389882
120.4710520085388
100.05554252568643
181.17556935691627
115.72206878030916
137.55639149847386
188.61666770352284
54.20084041658057
31.210651774952577
84.96618102543876
176.9437272970006
196.8656926473042
138.22281266991854
103.62231243466398
190.51122647583065
37.65195127610131
131.0403968313474
178.6387010790708
55.01680061718658
176.70796371215073
183.57684977333585
154.146211533932
164.7593556907708
51.58494448431889
100.49747012692696
57.284232467240585
155.60804778577665
210.91888254908176
37.72435639012979
141.3398657189754
211.06186048712743
211.4681468945916
212.13716761501368
195.59453507526925
123.86264047216588
201.06536095331066
51.29262136760755
145.35280972883274
73.12996418276263
203.31609504972224
86.59857984742833
171.71299356621319
140.25184425897118
126.47260080194664
49.107484589408706
134.99515332651532
224.1926545825711
58.215475736860874
184.9260395967827
193.33066835390144
190.91829964022546
141.3324997971318
144.88394480141616
159.29085917638915
177.74788111099608
84.40174804978388
73.68317400521374
153.6479695672223
153.66992822316885
108.32081632650805
188.71729270257396
200.40269952215556
212.9959351629389
155.92642994365207
137.0298199039303
191.3417485176505
142.83200506082895
63.11439827074726
65.35534455170492
196.03676310962288
200.69120339164434
105.52562923487802
104.28884572864763
189.56809901196672
191.4968866352262
138.7767799855558
76.87907162320457
73.57217261446945
54.645648332701526
162.70852062167103
180.79709136313096
84.27547870354975
177.45498160068038
128.09269049211446
118.99840431692154
188.40635691780807
152.38282047401427
152.6659558914694
181.97513672546154
55.00336899574782
108.73414159598194
33.88199941304278
174.48514026728208
195.32595463791304
137.89904511161194
145.70364072701216
106.69950026277763
79.30873342443425
135.12709602638074
82.51029228201108
185.68765912414133
183.36873350726293
162.7267903706848
125.58546323140462
97.49517713153848
179.56370817844115
198.70883116948153
170.5044441242112
170.9369189774125
192.8151047322243
122.55725743787815
208.87547454817195
136.20187094925765
190.38782217837368
205.26224205846424
212.30219034080417
66.54988155464362
152.42365020782282
210.35798513954887
210.2436659123276
123.92360574604625
55.61698777925473
54.52500811145635
170.09341882127578
222.12748412466524
187.24508199088535
158.51566096185695
232.49620284212207
47.76131779485496
112.06258647008063
105.37426492485105
162.05273217184958
88.96145409359389
103.72284968035633
185.91758488593268
53.35620100179972
35.9137803452441
161.7979953499292
194.41041355668756
171.51708920619416
62.37650503748402
25.97492056373116
74.57096877604823
171.82085168792216
93.12515380449534
216.94650833669934
127.90321690694319
196.56501864389978
211.34391715638858
187.88715721508547
195.19457004987692
101.34240968529424
49.48385092478266
223.6603455530681
29.44808846588562
59.202318926349385
189.52961478592343
189.91916842733448
36.635543994460186
89.21427095919086
125.88836034289314
55.79978466293819
105.64480966045912
204.92212044350623
166.75383455525733
85.03452477746131
49.38835445624056
193.1805966319283
149.7415654987462
38.792792372715446
133.57684778600543
125.13133800233571
156.5660779473316
32.95635628327953
30.6553054261474
169.4953559125569
194.37253339664025
172.50219047957285
208.46977381887083
108.04616978596708
197.92030888551403
106.05873551985705
98.5289220699289
114.8782975639348
128.0508376339815
224.79277624309756
228.70272924179355
193.73920033462113
45.22782588049291
219.80709260739883
49.06663562969654
108.2916192369547
169.47586609618187
83.4975089933694
108.69087762019808
60.43617315547079
180.1834177084968
177.17608573114654
166.90256261447706
198.61024232347313
142.32827400552875
41.77309460471608
215.20065303643025
42.02942303594335
163.01607567419387
186.08048757118152
134.73797112251015
131.93365324449653
123.19078135418376
64.3080329846465
84.58540813678127
104.96516585930247
149.24974463536373
135.27580980523544
92.99532963766667
202.59491539678703
201.24925978290375
196.51947930937015
199.25879102455514
70.27402737472711
81.24243590259736
91.65528621667735
87.45942176496457
182.5519542215923
162.80888685526787
59.5662893129409
123.89232150675078
118.86735921278463
123.20042157972358
69.90049038327761
172.0192418868194
75.14215237375838
43.04118401225158
72.61190175642488
160.76382894450154
50.314633295555375
86.46518762570032
85.84476265386793
179.4007141554823
110.84177590878761
76.94405576893172
128.38182224840693
77.0748001153768
75.57612174850173
171.66441023635969
212.99894451119758
75.29415174305547
89.66487375731305
201.75435210563043
160.63481078263015
187.11747222150603
203.8784653929801
166.15130618056935
182.69405426483303
109.84642016382631
57.43638379957531
195.39350915905308
130.8888076931229
151.73168497259437
215.11079998509842
145.7523347835013
171.45683993849258
106.3937253447801
191.1237618225358
80.31047045015039
96.85623603469378
48.709773713644616
172.01368628902836
133.72273244827082
181.5143989863804
214.9975133186235
81.05862595412613
151.29897489428686
29.14088238590194
205.18658564315447
170.63478449962668
175.21780831984265
181.607880504225
223.11606140061477
121.67739138614098
214.9375547722196
93.16200464227708
165.42497324427381
90.16333713259515
42.919107021356034
183.37650805510182
37.7078335904034
92.71156097306643
44.96388972493624
165.26804877096563
181.85555087358273
86.90004104767488
212.14458195092743
122.32341948243183
52.87334726296528
214.31492070503074
43.45701470156092
183.70938457801475
54.606152332108564
188.59054847804745
91.46007332922643
44.6652137124332
204.8825511926394
202.60330625598854
233.74434014317163
70.00351445916762
193.61534189297188
197.59832647394674
155.10959830819104
126.67605244027786
79.38780863956936
62.58821008394509
64.64018490082579
150.49399027503287
208.86527761279976
77.12975138589739
47.93185638184607
205.21838726738721
53.3866872357276
85.40755925655155
83.49448410640306
80.17200953098366
89.08867586696225
140.47373084798917
153.8207464773191
220.40899827610752
69.7399712148162
158.31707635942536
184.89320047349702
198.8287677476759
147.20500433673413
72.62645207602404
179.79751304298946
195.26723034068183
158.06930012698587
179.21354681165187
188.2564411422452
163.1520533092008
110.63410708062469
28.158693815994425
119.88632042783915
37.91166386212861
172.80924198043363
201.86753316171954
60.71571809369939
157.89810367666624
58.0860970779174
36.82017606831707
27.913724703199797
56.98941809081928
184.4183571404789
164.54572577563042
55.53068365220161
189.17062337214435
109.27116127535362
94.28071341404487
161.0354598940723
198.53675397553906
143.3519041987248
145.352171365175
60.644897529877674
211.04352398315757
109.01532309349585
179.21492904301135
135.50358390026344
175.54296167022136
166.4113741529154
162.6112041737982
189.2094123946725
124.87671459804207
145.18290205084838
174.7426514661635
96.54937161873194
68.69245368142924
165.0900137224952
44.98849344323207
95.67574916131541
107.57962923991225
91.44619357451171
173.398331539542
39.02664176821648
171.8286740489921
88.1462018783112
149.91574019695787
47.27809545123423
178.1619900968722
164.75890703324683
179.73701032215314
58.58114892549425
158.6694374707644
35.53572407772536
115.17290733457536
203.5765376897162
136.9859483240212
182.30582147014744
153.02443669376427
58.21270132219324
172.28251446011703
174.77861914881015
50.708043057271404
133.63884001596398
109.0338761815946
126.17624629013888
214.5986282829858
32.99008383466627
68.06598297146537
113.43017505819944
146.3002645095305
63.91030664079764
188.46834636254812
82.74576518005584
92.89210532845833
96.94916395001275
193.42357418361794
224.93344034525146
128.82034460947386
129.93633686776997
114.34867831087779
192.7612353949169
59.22890501366665
52.47021215409199
70.03638927312471
179.81680427991384
211.3809290752308
212.6625332827329
205.64596216500405
149.1690666473206
194.00238088363872
114.65276388799909
172.14980979993177
179.68838770392423
122.38016801531916
159.04217888836763
174.64588114288267
67.62773937912506
106.05347399457553
190.65029836633673
211.48645504587338
192.29867760536246
94.37598472572019
73.8100814595095
86.10241765733039
157.5835875408322
46.8562709968238
53.527358298274095
166.6445552463032
86.46161236051539
157.77930216836637
133.39854609154028
114.15977534015644
110.9232451104724
189.2956100417078
110.24025036773604
211.13200404128318
86.34386559460239
162.50073191318737
203.03108740360085
168.470044170346
97.41307685997778
70.16878727781567
111.34070814960964
120.69139366251049
42.169141168628606
60.03957148114989
124.00562944619219
207.25121804861618
153.3186860237387
217.8871178256675
61.93226497957313
202.13323287060845
158.04335159841582
211.69203089962983
171.22814681512506
119.01275448665574
109.4617101167993
159.17322687688758
193.75109377215142
148.37177342897078
163.3560822655878
138.6897866910201
117.50356676307118
150.22790015420262
32.0247029646484
206.80306330827779
152.30958184032522
103.04922350315356
127.32146461912343
192.637981702131
69.3126531263093
141.63054024591577
49.63337733160163
64.20363392002987
162.17469274656136
125.01355095191744
148.88523400411418
157.9279336196083
135.75424494368932
179.7769363710061
187.4304522459561
213.49799921340303
41.373870147063236
175.65703144355976
213.13951401590404
157.32752832325835
210.74676579025106
37.245272246973876
217.78043925887175
38.49248233634441
96.8667077666738
41.990414972321034
77.27213980878774
149.12715829271536
224.48203565278476
121.56413393869889
192.81124907214212
77.77256806627986
113.36317333877419
82.23409104874601
145.25370830765348
148.46581873228178
105.87714836285642
85.65176163713876
170.9387773705836
165.63986415439433
29.45904837058307
190.02572571175367
88.90392931024387
200.0365030778096
72.43220381267612
179.41614036821753
171.06794455731412
154.05425794297093
126.51928400656604
61.839280892459456
103.0050171590737
27.863423304092457
109.04932288471797
81.8329803065464
159.10448912088106
183.67344757235995
145.35280972883274
37.275534051521866
160.60852912561535
87.7610011190241
149.63374736635689
31.136234224102104
31.66775060054534
202.52111864160042
182.17743901662394
172.63918625246865
205.2864811451701
175.71020412293635
33.8528859945054
207.10787567891768
204.35200452221176
167.32061477263875
120.45542408072336
203.0101155568428
158.97493362866507
190.93617628380156
127.0565317382458
53.69513744868147
68.18462133892609
150.78170486312658
61.0200581484504
52.236489104532936
84.78895436210367
177.33212632341363
126.03777723490799
157.91538877728092
207.38149192752502
223.03625849318192
156.85060511132866
156.05444418073233
119.57680707287537
91.25245954350204
208.36815866938244
191.60961228072193
187.74708311758886
187.78968060012363
32.836149896420295
147.13373754173898
193.22298545682494
207.0877490784842
128.72251471304182
207.49135190405525
128.33789233515387
154.0510841096798
71.87466021228448
206.01676877705725
134.27392747002887
213.9853921130472
78.12046653319554
70.7911541641686
178.4040871268698
48.83560945098605
161.09681016498556
102.11628604591934
98.15676537508912
190.94566413429217
36.248534938793064
99.16942885885136
216.5266579490554
161.26280391836522
209.71580464640175
145.665103332261
200.52844786926747
103.71233741390537
194.38678560653787
106.69466721607179
173.14288337526128
60.18996018588173
112.20146609060541
63.24249286516781
71.60457596218617
216.85764247837253
135.5640504446928
77.54175451927057
193.85004443592013
153.7175427085666
200.47192801176993
182.06151381255302
45.78886054725328
42.14139224974875
196.82252455138874
80.88568200204321
213.03974158528055
56.1677166778763
95.5252998615114
158.7713952391791
175.6923103712397
156.7239110639881
196.85215674279058
221.19119425543482
64.9599106697026
90.30292729111275
173.21421110750507
125.49043071827965
161.3519077306794
134.78497667480963
169.2393055678027
160.6990004635274
43.227754364308815
215.58181364420062
146.21448076792745
183.1811996931411
117.25747319600237
201.3237260594407
180.4565648323868
133.45369180175354
144.85996743193846
209.24441076025707
89.89183717206113
217.7189989135449
182.57185188878827
128.28383290346954
183.18249891905836
70.06961249983414
177.84443984578192
33.58032373686369
144.50349787714288
101.93447231722578
193.82927317637785
205.068404008062
191.70686146898788
37.01856383073079
36.66394892068461
29.533730652712947
142.53765470039286
43.5272460900301
170.10940864593346
131.01585638235028
157.8858771910642
102.41758742537891
27.75240738661049
78.27617813700071
164.8366176223278
176.57372637499182
68.05452999834031
202.03771034533492
221.91074081408564
203.72831524586314
176.21098320571662
154.97604455733972
104.07138007038459
38.97700178348055
167.5330499475812
173.6205725038636
194.21303455227616
139.14064552698687
159.19499289325069
149.55592703248755
190.36832416897053
142.3633130236155
41.425637182589725
127.37614906857102
48.52464466904407
214.12187437539268
118.95030893094707
85.55274333333452
190.89708944478423
220.1331440512848
163.5700480284742
100.24167045348993
146.8902387875701
136.2410058006925
109.79461643503417
56.744276126934416
73.18793267599374
187.94905948317594
63.09678526616075
158.82809015312154
147.91036060371837
133.63958582700525
200.84596127169493
210.82827020236434
143.76073795998371
119.29191784570922
69.87701283032803
104.07935187297707
121.18044930313269
25.81109231513991
55.71814885344732
165.48077124924976
149.94794160135731
213.6394096232886
202.47845065312524
207.06047918114584
201.20534331306703
193.9919958437265
185.0388971257804
158.02573908922122
165.5111659438026
177.86451725696745
195.3471804671694
201.95717267586855
189.99651040509968
147.28020223442775
189.32009719442019
113.27596219526053
131.06308575084532
196.22173342052315
193.8285147168887
146.22358380977536
185.3083513678993
192.49283359360368
183.01282282284268
184.65274442271254
107.0726691465901
205.1792922629383
60.83333262481754
113.32695311071953
142.77265262271385
191.38728689322778
144.42973349601843
175.84505916882588
63.69693821327312
214.2279683278241
194.66446107126015
110.9933276246519
99.91063118939604
131.17477477038207
195.20818448731723
172.09568549791234
134.22452025188022
172.26287236107598
182.39043042575742
185.00555152429
111.34070814960964
151.40107576339372
196.2577025837393
215.93769652305392
64.04646757704724
64.91972595426057
189.74300415338328
102.88251195972714
197.79651032960305
161.18076570127224
157.09384771467916
156.10908974147944
201.59582373996238
90.42041136997682
60.38285027235718
93.17353477065335
176.17625122169508
134.82891367698718
184.07935496120496
203.72128848288102
116.24329497560831
88.65408370584642
49.20015059348651
173.70839152275042
156.6212909323055
186.87927743178477
60.77860731704912
163.06797141970148
76.5052929959725
152.33906394063047
201.5301934926207
95.1663755402666
172.89533462211784
151.16744817071748
143.79581359680782
98.93439272211754
108.46959274918807
169.2115788777209
70.12928928558108
116.85590291816834
175.25870457196658
197.12322199676572
43.29551206242405
190.11986664008958
122.43831856892356
189.93934943783793
96.45139424426672
120.52937038886255
204.21794116269407
43.42128204959127
60.81390314628923
207.2620476422006
163.58657659905873
161.86743731807994
69.33212516472493
161.89291560912363
124.99041020832375
183.2491238104268
184.13951644391287
52.869046998843096
219.81115899653696
191.28527050652733
195.43477220710014
129.6000379441619
41.46947436456175
113.13405354899102
83.99055207566832
55.66159475419361
65.321958393208
141.37128119314357
163.9193653277025
46.72544556652627
131.87335567088581
46.12444831012531
176.02733185112479
176.92319585171583
96.41449898365939
164.5911352643551
179.94928482855676
196.52877664249078
183.65290648268356
160.06870484037248
143.25842624390293
88.34621082117994
71.82232322881924
63.61501756236847
89.00237895615903
174.49705924193913
51.37847297777782
172.25139939540426
44.868397255320836
142.22287352137562
207.69200903452457
128.54529447652118
106.69466721607179
157.82179703023488
129.5685391266428
169.7448098724432
99.0024707111527
191.2908374172482
143.52622688124214
53.16398093553604
176.52289840350682
168.63627037978588
28.42904722144933
127.39944223941235
32.35164703212666
173.81668107188935
140.1606791027521
101.72437890834112
106.06869176599193
142.52226599484936
161.8588883392148
63.14769665640114
220.4957922968419
170.70242724527841
34.57031115118741
123.38618298709991
168.87391349859323
53.09973401285564
101.47610450023961
89.45927146379714
62.819779177218344
198.47091809724515
193.3626756570056
103.87021596623393
203.8144854222097
208.02996515911937
206.84654214358983
29.773383495433805
94.01802519285083
63.13755047501036
114.05513783295362
188.69414166065982
142.52923491301635
149.5821877902719
178.67537790526717
213.24256896439508
206.97628272683832
134.79623487753426
154.9047677667174
71.64536483576994
195.31557742491765
40.52739464011013
117.21118199063223
139.78589112616498
196.8589547940716
206.14520422262112
48.58074337205376
189.11452209964898
73.57565304193743
196.1651019084375
42.25873348368817
221.62146617157126
206.78024006158006
213.44552362700506
194.543403304127
203.39705295162506
34.62110354300621
73.76434748566308
188.7816505340649
219.34452886589582
145.50761418572637
157.50623313310726
75.37231059916236
188.8957274617403
85.73319173759653
107.96359202319591
213.92913437295283
175.04703278186662
129.49884671470474
98.01461565145753
66.09629909622036
173.80383567440614
204.85928353799702
68.06066518976317
131.6710506501942
183.85384082931378
191.53244555796445
43.92258873355579
149.35722004836384
141.48378081351396
41.52241301315068
152.56324088665767
113.66229508692959
159.04216369302875
51.221416687626046
203.06841360678428
188.1466969200545
50.06195362569564
195.19448582683552
186.89177958646337
118.66466429567242
54.20121896488691
193.05968060346666
201.58955777581738
159.1525113228943
188.6662853843547
45.64953394576341
26.376520061532375
197.52953617728758
63.239505990305254
176.6502319815188
80.72570775165715
174.57277858513368
67.52878296895184
141.4773895501965
154.21818959021547
192.02141020529444
57.29271312219279
70.66715558090085
222.2235223148743
30.685511847596285
76.67849298757223
158.97985787806192
78.4687019841165
164.8195336701128
58.01814611949577
80.4931605710951
130.8752019304221
126.04728990371676
178.32537386541853
194.67825286102914
89.59831285097752
58.59882778307991
57.43638379957531
221.57756004469255
208.3812228346635
172.86869202663166
86.03890186918224
147.92045680912818
95.10846193799061
49.51215123144597
159.04118275051258
187.74332632049445
169.11090550252118
108.8798413848355
193.40263312871147
164.0020670605217
175.84153849092698
136.39499437157258
160.70613471012052
45.05523328664153
56.72780867247499
139.2544943202113
202.65589313480766
90.67836137085904
137.10432667365666
192.51065812682313
142.78125349090814
31.357535497088886
152.7715124000062
121.73577432874745
192.44503602587912
72.46385923950452
86.366208167925
40.383727123083915
228.73718781371565
199.91258142278443
146.47046992802998
65.87271832429202
172.5907185916333
112.27339661454705
174.22223634398614
151.5237266570458
138.76881318228214
184.60423058733826
175.57787371168138
205.34471768792812
25.738923831359802
182.46439379502092
202.18904345213656
162.4164246377146
147.59867068362647
100.32368538547269
207.56315150171204
136.02832559059692
131.32843835881027
49.693242620483424
191.19899452235998
81.39912053182353
163.71177608783503
47.49349431872533
48.19807300981429
163.93950902766576
131.15693717946996
174.24118790191565
117.91809703517384
224.0184992016493
166.5133010628889
195.33279385777863
195.3109084782819
154.70037958416012
190.19836027282312
189.04363527088702
43.40517474147264
198.2338839642918
188.10850505219625
150.65547131321117
51.65516513093627
103.33401117732912
185.47730541249956
96.01883241184836
209.09914088344345
122.29737084880843
160.75972287749238
212.1333035353779
163.34447087945907
31.080484798917972
162.40382547898685
92.96343681434176
181.67938119170375
179.25712174597044
42.99908221632084
137.45586307341839
32.25105923209356
66.21153204443921
39.83021836612149
83.90870834191517
31.75634316042387
97.40343395464946
183.46706136403742
145.26885007385553
178.3333017119967
189.11342295605976
208.81571832709815
177.88215833135564
179.78807886990262
118.15548165242927
47.45764909578506
68.57628189030439
184.80677758718414
212.8878364640751
47.98881216551916
165.77867160361055
29.34882398923111
127.40005276289408
206.82391653763335
114.56729262134245
200.63243521208432
187.65330953649718
150.17719686144133
213.07716947747073
168.40412377311165
31.946815090019804
30.68420956114577
51.76198799485241
34.1816631453289
149.98062728516263
181.20148682413992
113.33217982892181
53.132928645280046
134.58856693390152
164.86380727605834
189.08220198579681
191.2730163836158
185.63534908765533
201.00269648155475
89.68069468095935
180.10890998672681
83.15821968202967
162.59317793016172
199.93498178899756
41.50722132313256
124.39550424952735
35.97825506832916
138.3835021257357
42.024531958665975
95.5122634111046
176.15799124334666
166.68472657594634
166.45591866669912
187.14621714773267
43.6574999076118
71.16370749686212
66.42187990927435
197.474966771251
133.19398657000156
222.10323880406514
200.93987576541065
90.16347091953931
86.74300854130358
126.70831466544603
106.92839211556492
185.0674180375473
179.10046044089648
48.58324801377545
51.1801336106271
191.22800984835774
109.13411210198453
122.63025643070492
72.12472581240112
153.04529565283013
163.63302569839664
84.09193821758858
180.51472499309006
148.80973044127322
138.0925154476853
98.43483653863538
182.24793708435163
170.0786619824598
175.8595614947226
52.93256529746424
41.46712642691502
174.7118224733268
153.53013756323028
119.90800621687269
145.54338286556342
29.6460708637684
163.1290352079333
121.58392033951552
190.76023392832144
38.07561719994003
180.67367394135314
205.10943458431177
201.61154814567442
65.87462401967804
46.510081372067674
157.79734221500863
80.90573693579208
97.83566734306959
100.02074514677885
176.79489002257785
137.7368215904205
124.52453614606884
33.694893566686645
44.62559355383499
214.24224380406096
197.8138510272272
50.092925525475735
47.967140222631286
181.1729364438466
202.07509656106683
200.02653747955986
154.17767843085653
67.3433751041807
165.66573315110355
47.889427914549366
78.321128700222
117.86214004414201
79.89468567257036
142.66368412277365
191.78233303809742
217.42121136401488
81.36427406886233
142.52155713710084
174.01148634387198
42.920599972764364
230.42574783091882
198.56660430208817
67.41004765896515
199.30693142541668
91.40302265814563
185.05837711990657
173.14557490606794
223.13239852279193
189.06716248598656
205.00476276388517
146.31007125777052
160.5009618161845
78.97006064448387
164.1546830655978
47.82230379726834
191.36133444705067
179.81032682484133
96.64332142269085
162.73113277629034
89.2150002387807
204.37190597345543
232.48861610149794
179.61331889074145
108.82732699056524
158.68020862017036
85.51760124262148
188.7166917584918
173.86939531386972
114.84763575280166
179.16229562849742
70.28582236627746
190.76652907404574
45.93352304764338
200.70332558764767
107.2703831446833
32.735189107624194
152.4059265528108
151.79979181286654
184.11418205094407
75.38765841815905
109.80262788615399
197.16810529274798
176.89328181317333
187.9304790788024
52.824228219205764
163.56190201389026
209.33549938118495
