114.64828021368865
171.64621304846239
182.53363721685173
148.1991947752851
137.32605271521254
85.9686143592394
157.87565154541744
126.85577433647887
82.70344121913418
125.22660200102828
221.46499260937645
182.03312053676322
205.81227726637445
197.70327777609583
182.90757877766472
123.22668511309193
185.6004864763724
187.35926995774886
92.49887440144069
25.705554683278468
77.90056604061708
35.4571469171984
143.7751142235393
235.63948100175912
203.20578746636815
130.01992039838015
115.54245439102785
116.6282518313929
71.96078107466681
137.13485764668366
142.61784593890755
137.01972907445005
152.613928160783
185.36863835659022
105.64034050945409
208.67964348602032
27.18341873661246
121.33584688860252
180.0882551662446
65.85917242514567
179.47772447831036
119.58727446615536
76.09932046038823
168.85951112963207
183.70873973081194
187.6127575498885
131.85859357314868
123.47443139058042
51.59597807168673
89.01908109384951
68.65893367460978
95.74654032088007
100.00543982352569
162.4607792081655
127.50215881213856
157.44541604427093
136.46566098479087
50.06516778476038
200.95873198544052
65.24386456325844
98.08312848375691
73.72720049885812
184.47788994951807
210.43660299863208
39.744114237416525
202.6849782796211
179.818789101722
201.04370448054706
194.03189840756588
186.76600159427053
95.55610059030775
146.50981913043444
121.42228123249136
39.47033073771938
135.84095946306385
71.97902985442158
204.69239028334258
178.23008480536353
216.87130052472978
48.174414639874584
140.76637190940872
139.90009852397318
105.55127662295497
96.11769095375895
78.73705280176115
108.32893250266248
44.056984724575166
128.5974020207551
32.02187137888131
149.58975545203631
169.66337025380423
71.64644442621248
210.4258537265991
121.53210512669258
42.64249715609922
171.57479945926536
138.10926244094875
102.9048161422165
111.88969692392732
145.94988894204502
38.212355778088245
150.4892149928832
145.02992972366522
165.00405621090275
192.06825279839043
146.49071565065313
192.0161176830229
124.03203694790966
175.55720306703085
123.09722867668442
119.90871286269706
59.16524918513165
35.638596242083345
66.52521382101123
94.02828116641923
58.15010451227261
57.98260347252147
75.67472839140936
217.97845664011277
146.5758468752334
188.8683209331147
126.05603929445874
54.37413966200027
27.613491468755857
184.6813186805967
50.45753439525152
126.08194150999525
211.41921159069207
161.3995456922509
61.039498123566055
183.29559236633222
191.73355541041573
52.68020618728524
176.277733489419
86.79406105585176
191.17064148734727
78.8825413792371
202.08617784454643
156.7333089550453
190.41072794150918
55.200103018237385
200.70182482974357
189.33956521580873
84.51775875130105
188.83163842333286
183.70731710008576
208.17387404648062
189.51752111677158
193.4527223296974
180.74398131965282
128.5807150575455
33.33934179083407
97.14654711407098
70.46794869977559
114.4937620471697
187.39749212213232
56.50303550911374
33.965075113894464
99.41547064372516
207.99871162118498
35.28533736141025
201.9611942238742
182.15327359351767
177.2829332959377
145.06602282224728
209.35279346628855
47.59126586645147
32.466195270720974
57.049938553544045
206.93866965157883
78.97502769815335
160.23840350234232
115.50220780742589
46.3050161334032
178.39532618947226
104.94634699216009
41.53856210554585
117.18476534212077
220.54101836183884
89.48931373618713
178.57142618950897
186.61986935750448
44.754155684700414
153.78331391738223
46.289999103968846
96.96568594011097
52.06204165751083
158.86209141190116
164.66693406691698
52.87552284200306
190.32610463024184
129.97571205529897
93.05910598888656
198.54532446289613
52.64395870045353
194.6494741012839
36.59358927839735
203.66126408897867
198.74956188741373
76.87599312368515
209.42086862081345
134.0670600441243
66.47647769834504
101.43933258714712
194.8251015233512
158.65338007484044
131.49572285852793
86.98510256595634
161.33613901609272
47.969687246082266
54.211470323178084
156.11784005345817
177.32304612842483
127.55991823615817
113.24789770328891
155.17320060249747
164.841629820149
199.4143445343339
217.8370682930849
212.57849284037212
211.40232427124238
165.7809282709634
177.86377835104287
38.364257407465956
102.40635931520681
131.7160925104184
204.916143142466
169.60978292709217
144.0678594591084
132.8381024557815
46.67627403084626
156.0393488926956
183.8060678143432
218.11239661969205
202.24748555848825
102.31575003906318
164.67067427838867
27.053361777002962
110.0188575850265
45.63219880642314
38.06965936420974
195.98477166072968
100.32901049379112
163.3899884391824
92.76471747984198
200.8823518594099
76.78742313584388
189.74018216350098
63.84883460102527
211.81449852476135
130.46149653598437
151.00066810157034
61.478566624237054
85.37437616785625
46.80089548726658
169.7059525734826
57.11233687476756
99.9733088858492
180.62732459246396
180.17991640512614
202.2535935147648
175.72431647803592
113.20760234306682
150.81216456556038
199.04254328940664
90.52586056174125
210.02085753225768
100.5956579808908
168.12323574198388
120.44869085489952
60.77810821452577
108.37934092814875
134.1194466216829
89.9493555194714
81.30655985937702
47.33003572285729
68.24815969334598
208.8106228355311
125.71133756293341
142.51259142393593
147.18346344876372
188.48969131572605
192.07007926894514
187.78239623621482
103.53147826491278
40.55241930755457
90.43752325363988
186.8187822168745
188.02646276194588
149.33162369225104
188.37543309885825
41.3448014976933
197.91076751821848
208.8202751635809
62.19591643733322
171.9918476007245
203.34432785552266
121.7993279091441
162.65915616878536
213.01563412556396
142.48512288162536
170.2058310352938
140.18824902419055
168.92410718330825
139.58040435806603
128.27426673960437
105.82510892720063
121.16746558976298
210.0675376659988
41.13549106783542
216.4723342908438
194.55719019613898
105.90942516035116
67.08147638156736
165.88358972207715
201.30495829484119
142.24997592126155
149.60613620512896
216.00628593277165
178.64870533611779
212.30194361686983
113.437950063932
170.59033622848094
173.86651823638536
121.08318144957089
132.39957828224334
111.91994100378551
124.12968576553958
97.68843567454364
54.241300043287
115.37893981691926
212.37522611422963
174.55340098949856
63.27911639073019
123.81525069418511
58.02846339868055
176.23671340775982
181.7353614859577
176.90183543674829
122.1851061371825
113.43524620837267
189.75305980187764
195.3912182964849
153.38035314992365
139.80656475755086
120.11383950042239
179.67382505194627
129.3567776435042
35.27863986851922
70.34373819926005
164.99631448761664
186.58691855219197
193.3292513344133
105.66402509374922
200.65631540613157
122.5923375171061
102.27172658016636
132.4744438509957
199.27119201994796
210.789813353596
88.46467012591455
168.22978977031073
90.95642897744418
140.29545559269408
195.86729464048278
109.17710126400083
95.64242100836928
143.7965072026501
40.080039800840574
190.1249012533555
183.95831164819026
189.02015659877895
138.45850721285416
197.3354537850388
120.263568156466
46.97881354779285
37.973723903270994
124.15159443845658
199.6322874596116
35.00760979627245
117.69083858085816
141.92889780005748
146.25924770283243
139.61928149200781
82.0058089757942
53.268619926960234
149.48786616488667
139.61137504941064
154.18680001286626
186.30467035991757
206.61551787532161
231.0780476335432
123.35524007138518
34.646684706269404
206.3317878500174
201.16352348758392
205.56339956716857
220.58816994473352
87.54364067983794
137.87810326795807
135.18197357013227
118.05983616821068
180.4655357657376
37.5642497261283
183.3242563299546
57.20343922079522
140.68834967605065
60.190982742240074
210.52064371292374
98.74937606691198
90.05905817567069
54.51798403033264
149.10835050747028
134.87968466360866
57.41699941071142
174.36836779769772
85.464165494834
87.51804723542696
138.15807625032537
186.8351080915336
69.72864582637887
194.20964204720826
212.69958788145925
171.42742835532786
120.87176602669037
81.34243905643376
215.5260418798691
39.993909143220726
203.04768253882182
117.69334621971262
206.50193717180935
199.28319423719736
126.8594380399297
107.62449230835965
36.3406338823728
213.28537430429427
195.7698649781991
92.29557317971208
155.20317487541686
176.58618262423911
140.5151197912045
147.67448782870832
72.87720945427445
202.20224963309985
202.47256721077838
204.61961234291942
72.68958717098144
149.39288204899626
130.94267664237003
147.99872074806905
37.53966058778786
48.42248158558721
203.20265227163753
47.79990228086714
172.25135136512733
137.09896702591016
117.83008706445759
203.655176051715
191.62508297093694
173.16551339621952
60.81120625105543
185.40885857319086
224.30762674116792
63.0478830561463
75.42768308612416
82.22320702689146
28.39939440864311
195.7161369983632
90.18625069073943
67.3310275389774
176.67558142982557
104.88986964420168
183.40081863501663
32.17455747262165
208.4072818789341
79.0251812022971
205.4076898322095
179.4750764512724
55.16721202886796
204.35269353886224
148.85254198860983
63.28875974870558
61.00893601039387
112.51574497190438
153.45443740394097
37.39744864003393
204.22387171749827
210.02284771462587
132.6045739376569
41.121249154063236
36.08551164011626
83.44331870549706
96.620001642703
195.3159035238444
78.96498039317578
192.88670818489896
159.95677725518334
147.61333737479615
199.61164219080047
182.64882685896836
125.18171675257769
178.1942880399574
25.974487816577618
160.3904467193248
210.52231709622816
195.6276040131788
182.75906399583587
118.06265937170045
177.32100361802884
29.480694996650406
43.961403214884626
34.7041337608283
64.06305439187304
194.50960125428296
192.702166598973
208.00623012946028
192.3299008906344
207.434006961905
41.368122988192525
193.51170321174664
178.02484911606192
194.53112740509306
131.82942932850418
65.73722426020693
188.6443325211121
213.5981179893803
80.48850791442187
136.4200941645556
188.2044471517003
145.8944428759123
168.09896817650102
190.5726635834261
118.92283681473984
83.46873479911223
193.7043966856302
128.5974020207551
197.9434494620219
90.51382250940978
190.13187448826687
74.27986261404334
51.75589047908668
195.8175865722473
129.88094214318423
186.26491185730308
110.09261950436536
56.567367167977956
153.29983044635077
142.1402994039584
148.1621614966048
206.7478260391666
134.18234255486271
71.77498659679931
149.4964441820824
64.66287970094754
138.7458256674921
95.52987267137019
198.74178295345752
178.73111334911076
145.17826011041777
61.773433935830695
31.54138813587849
205.03522756079565
113.36311539670085
176.96355321492825
224.96941689715823
88.10320712041685
144.2569492401757
80.38486219857685
203.5059972347057
72.5786948023045
141.846334220994
66.62817928689442
195.2618652993549
194.11848718609056
128.15894933845192
171.4999736450033
195.5675040595217
181.78595879221174
85.85037216877768
78.68134318547892
111.8573622798601
127.10277141396786
224.60906783234506
198.58905900181563
140.74362676825203
179.3918575317506
51.3124733895067
184.54387835002157
148.63276162333156
82.23315197376316
139.48399253095715
146.2524185056392
197.2363022295057
176.3411916968455
175.8815896823694
85.49682311908781
158.38290502288444
133.8507368256384
86.40513817777514
85.32958054921666
199.30183332213699
169.05675607618127
215.66421609989195
156.93904556399406
189.70613586949653
101.9442664779302
185.94539231895013
183.82173462938127
151.70637624438453
138.0064657384983
194.65112662129255
90.87123535935767
130.433594802634
156.12387879048367
174.67035548742814
83.19151141165281
208.58092026645198
86.23401448006268
223.54505985460193
70.21480611077638
147.93734486791212
161.5155944139371
135.70137400597028
188.05024241225175
31.0814866318996
137.9417068770315
181.22964891256825
174.22686935461783
106.08227675445514
107.73326678201161
201.09016475101558
78.36005458185646
142.79518978785583
181.52785998096044
179.40550677885736
65.80406636379115
172.71647976566464
171.02506830058695
217.51084219770502
168.41702409970267
60.45268008202051
84.14873610993106
31.474619848304194
71.67592817239569
154.5415975517211
180.1472580837995
157.8206000078396
41.617641010723545
145.9734512204771
202.14852918935725
138.96464875483943
136.95298851608004
127.72594614233084
60.263767755673406
205.27977583584902
51.34826148724636
30.039254218699757
174.89398309373166
191.26635922350724
180.15797329815018
186.59200197017498
195.64273926864126
183.4136359929784
34.57739247927191
71.28201274840715
86.53385260689461
52.09962157990733
128.2139330320745
199.88474260229773
136.47864368835752
204.30077111194046
210.63116034503182
74.28035710686811
213.52951262447695
101.62203506349172
55.08868445174011
189.8200428156942
137.80259016619354
202.75172825805882
212.2446771968609
177.61995660917398
177.65114361446547
184.5719808097982
211.00874567276549
193.20345496873486
147.76937785457574
179.83967343079746
98.16520642997139
182.59782262917162
141.36985105228152
72.11398350912772
79.54620034326555
39.186793319638895
118.12908241312283
187.97080248865268
112.31207443972188
63.37310040794247
152.31396766655973
139.90792255926968
128.2801729244021
133.89660420834156
186.69742023371614
176.9401127244804
197.99332911364607
155.10620806923916
142.21150823688512
139.28968450656816
112.66993541030291
189.96340479848223
85.49086127160545
181.44435682437197
187.51998373393252
212.78290378399745
104.00145903399864
176.75453397206687
206.0987506074473
103.80110272674358
192.8169432737762
141.0488563956254
87.13675096816603
214.0866724438904
193.6741779131266
157.0076734897112
98.07246159226494
220.69226259436357
209.65188174424924
126.85270015365431
171.6327236231636
229.83624142492394
101.17748848962606
203.58793970706205
102.59316436346491
202.99131940930138
227.2645234124414
62.75817245257675
160.64795369076077
96.84933050252414
56.286913607074275
201.15831312449652
168.42016939502065
186.6998698367269
90.71074404692767
194.09647452724158
191.02344330439493
164.47079174290621
178.61089645379462
160.80944839483664
103.15107490373917
175.1970150252579
34.43682234182194
135.0118165214203
29.73240108707238
157.6927629669973
195.2842357944839
69.59232551300276
171.42909661491976
95.11674050474578
32.08348997390943
174.17238446564278
36.147268034871544
29.38545314997125
216.19181177342
158.17611155109884
58.351380519924554
41.04778496835031
199.70698969969152
178.95610585787324
63.30195554340383
78.61447281823648
115.77303641231859
186.120451692014
202.79976344987062
33.8938502658479
197.26250192639566
63.772076975816134
132.4676492727533
154.1930877748583
31.912522344060495
151.56296623594108
65.65169953653329
169.3101154831274
68.10909453101544
197.32217297843016
112.33591555792658
95.41701473258064
109.27167668575028
81.39010247045948
195.6730078031164
113.83950853611533
142.36388134697134
234.34103466618308
170.03457872379155
122.23288475257465
66.09905206855711
219.79072195124988
122.60812209555058
201.69193692515904
220.22199044521173
200.17702424298744
139.45084235263352
101.07495869651491
117.96840801925458
191.02521861083278
47.152905680797545
200.21546374085287
136.81253598281708
188.51428525045006
63.14828708241842
154.49432851156308
86.54098522392594
151.60805021651905
136.19125524406172
101.98357150994487
49.304814447273806
157.4116188332242
39.05169670155595
178.45424703332884
144.96988048364202
198.6015827979772
132.62698088976444
182.83168150258527
77.26158271799315
117.44564017769463
31.467583098522546
80.06213626585934
107.93701104794425
226.36149232254712
156.97088168031675
141.06686905038578
201.42479305155567
200.15647948188814
216.6919315790689
49.40288377983084
145.83217532941697
178.70513601617816
171.17422857548985
27.294272550170742
64.41081166590266
89.967037753044
227.76135037774023
186.00635445755918
167.24933894851722
221.35794030545782
93.08448478906699
46.760557540892016
157.7566510214521
166.29128780143174
131.6273908264601
202.66025986831232
87.98809478388328
49.758592654609835
94.58465091787237
195.28988815893652
61.581812099752106
73.82524449161451
168.56787538324346
194.25889892711862
172.406005644164
72.17932928875472
201.6526110499256
145.0456856735241
34.417516561285495
79.43491957320528
200.71572337209625
181.0104787496334
188.70426253758598
85.9725262574728
65.51857941344582
130.05907356633463
192.8833335411635
67.95871053077397
191.34370958482896
222.65120375397797
191.07069053329462
190.65283726261828
184.25954304292068
64.6520490396779
136.9541683762189
171.16118436934693
100.01223861811481
168.15888380238715
161.23324876168593
201.3024432331944
169.5344324304353
217.02370979428255
153.16113890448582
122.42110486723821
44.15407039451089
194.0705820955749
89.1821149495199
68.14905021059907
159.88338580150267
207.50728222426352
163.64896008723898
101.86967343996312
155.0471222645875
208.00615076504744
208.9330401116599
146.58284181837627
205.66911180460303
159.74395208321747
33.2170189118896
207.10281218522957
66.62613914572317
40.9126053530269
155.721974854209
156.8412793046572
168.09362854918513
130.9342059658499
66.72170555024672
152.94144739681758
147.3201900982079
57.844585854327725
212.75297761867728
185.20838057839
202.50242284950804
37.442981966509926
60.531163007862425
160.46781651730032
160.6499991632306
201.7670020984698
211.51722993997754
138.37391684271486
154.37986666718132
137.41208521462383
48.94479936151529
96.00434063807205
53.079449372442646
93.65205482208496
123.27331380863392
86.74293688442101
230.3037518322985
199.23574218670802
61.462096825214395
148.71626265876526
45.2646418856376
155.76571301827587
198.4137398091263
156.60112961261592
110.18534922207469
200.5581114664559
135.4106184443918
187.32367842198568
176.75764241847872
196.86066813307346
171.90825971571653
55.18981711978337
173.90232117907195
146.07502020916596
176.48275168351117
182.06500846978332
221.82637830896678
105.9325664505176
166.99708314776524
188.22769691271628
81.06445162332464
201.12406119297273
183.7268021569142
198.05670147086747
153.3844885263636
26.88683061512595
198.59638210475921
207.01354720723728
150.4586908867021
189.0693246208574
86.88849179579321
138.24813973568516
125.99717852259957
66.66888296368434
189.95994530635255
177.37405927230452
151.08199750635723
183.9425477467037
175.7534525429901
169.91834177353772
165.2962482873398
149.26172876689378
149.61326856972062
89.37082202069551
184.92848516243845
108.99151745263238
205.77134205707048
186.9182442969869
66.9630123944567
117.27246761440728
167.5035904449472
27.417362394419563
175.3169602395414
88.50200754729609
155.42117207587864
59.828795456403995
179.12785677004277
200.3841303885556
105.26046479960864
189.70040528241148
182.09577422925867
47.06857318183295
146.65752828864711
204.81602819226023
172.65123414787368
218.28547897315153
164.7261426353949
136.07571104113012
176.39716961670865
45.96659071897398
175.69806385920558
224.79271998378363
117.45859338524343
215.58827011373242
144.4824956833622
184.10649599085224
141.95504786407488
175.8895622712699
209.13190813656715
208.92791205424865
180.5051348437671
116.58512758443528
157.4988702730272
55.754520280168954
175.24044718141982
208.617965693153
27.442489247596463
188.20333995741262
174.87826014371134
133.5079651689763
205.90662508469077
64.7459689364179
172.62185804702406
65.43778453027842
106.76221676052275
208.90771394576606
176.99704672350893
104.36944955733952
52.82359112109241
223.98895434916895
183.0673432781511
100.23968429034029
30.79242515056433
133.4801958354828
129.16334322925638
77.18058758863921
48.159946213437
216.90034924582704
101.40924432735389
175.18226927839422
152.28083299272527
125.48616634435429
118.31612920066542
55.61533555418153
94.65451067996477
187.80771600132934
172.25505311211293
201.16277967025073
123.92396069280848
183.68480771162297
96.67927284416228
76.66275912975996
49.77294550647368
121.4634069287026
191.96162390732675
74.33901114784422
217.5363967590577
159.37924174133903
48.77258700818395
173.86949081573067
186.58223451294245
192.34712327282162
221.04282177631464
167.8133284586981
160.38030873879057
196.87945143801457
190.3259210126598
209.81888361082162
199.84112673208713
184.24644016658596
49.75657642315423
176.16256614591214
105.7631034962193
98.13964064344984
197.98381294890487
153.60478521146277
102.12818794180136
136.96731043544827
76.98277081492813
143.71044006989084
202.31478330119273
135.85959377662604
35.104170224904074
190.12094873931008
91.02133282015932
195.2599920914886
142.84025932537313
68.67731035594151
103.36060452507228
192.86503208032332
87.63206392686111
113.0397297760803
76.96806074827627
187.6765234840974
186.59989467494006
158.51248354602737
199.8612376415576
179.63681880261493
157.03150044362047
199.15487480744932
113.5651048829704
172.64232435318388
93.18909714045026
123.04594440278694
187.71304110028836
178.87865425302235
122.28239945283335
119.21392174016533
197.6822841864433
62.99666585277194
212.31185450091542
74.79420254621321
198.6020796288388
27.18131512119958
110.84979307200194
30.299882013702398
33.07106080425558
182.992902306774
208.51525540185753
58.920025484001364
172.49166275815384
66.81201963834602
101.75228151079195
64.62048369597144
78.46271895181533
100.1069240087522
81.00357237288556
80.5875465019072
117.58083439980578
58.42696143055734
48.63616049587828
189.06502936989148
187.111808707742
196.30239544072427
191.54335114649493
120.19883236237177
129.6052644110692
197.00163799322743
167.32817282331865
73.40520643185901
42.59119288821577
92.95017277695521
149.0497343953996
167.18615620680077
35.80704129119649
49.14293466979554
128.2336580863359
184.63656180568236
32.41226454167587
60.597267818925744
50.78030017175061
126.33068846247988
198.06216696211018
191.5611835752469
40.93531951377413
164.8371872308657
80.36600932227398
94.28755299673865
182.32796704776538
100.83091349889035
50.50917400298016
190.39080373686656
114.38986454617543
138.2834063445021
142.3375405059986
161.41495577173774
164.67120773906709
176.20228757970295
164.21165040572677
31.719132066621373
88.74083341845085
210.39214547421025
86.43203897378427
222.1694102222743
61.878244269301725
188.28960928265684
89.1668772640241
34.26767873479891
99.92165327181989
109.18909322063394
28.673297381425105
111.18589530556595
25.683617419109837
176.4205233789283
78.11169445232457
146.74578014997206
122.10339888901753
51.045734221964274
196.9135722007793
177.60213029529908
164.95821638325035
113.68719009961912
132.462678006141
121.00634621710886
151.74575791472114
157.00537426545108
200.04704448095453
170.75321363907298
40.95076604540039
189.35481199084978
171.05909875142495
180.93705312625403
151.29296041113983
188.82153478246985
171.86200927957935
90.21456949951512
88.87387511442334
62.46230894204669
92.5739727795681
149.62542104171567
133.995597079178
152.54006535917856
72.09967083776567
83.16237897811203
58.55510727498994
45.62444974980929
39.89564916645597
26.334239089951502
144.77757694138373
197.52835531094183
170.01814766225982
70.29076079399512
52.94490202597633
109.98102116206023
161.93724880432163
152.43796207961668
42.49023392264407
197.90051513271564
159.20350864922847
189.11543049805388
179.95722279160626
122.10913716204911
125.11193195127892
121.37470531662305
98.962965073532
180.8291804543493
117.3733002312751
135.49027021258217
189.4476399752326
54.233125925214686
31.13191112081104
85.2147376188272
175.23395888212914
197.84432487382543
138.9731264163706
102.83374755783684
191.16113671245748
38.312286095264696
130.0285658716162
177.34866113623823
54.659823029038094
176.99825958184528
185.1162822430665
152.54357698793513
162.75912397789227
51.77244174430907
99.61742903355577
57.435197032416944
156.1536565866835
212.14853265915855
37.86740776838054
139.0762233127164
212.15765829177465
210.94183747513526
211.83523395761685
194.3208070102856
122.14028455206754
201.62919193348958
50.49252780739672
147.29187191491127
73.71702669252916
202.85027735685782
86.04738557302213
172.21800413149427
136.94316217282034
126.5740218658987
49.20847259267647
135.39459110242063
224.25264533513058
57.90560509809184
182.6120805645572
193.91868305516232
192.20612178566836
140.4240875461163
144.7660489386068
160.43668337682502
176.65290225862915
84.83103241464862
74.80202691053792
151.76214193183247
151.92774328668503
107.08045118008414
185.85959982278098
200.31157191046347
212.72928308642182
157.67534130622994
136.5053107938321
188.9001349866186
141.00039620971526
63.161508582993335
65.36767842944347
195.5915972897217
198.88247933915815
106.94276411303152
102.41382385676484
190.77658582180436
190.50143497401876
138.597604321622
78.11955286997275
73.92322586895531
54.474265679908505
162.28463028915027
180.89689199623916
82.8084095838658
178.97368712537195
129.2125705719169
116.55560843706586
184.83712198722546
148.46634364983595
152.20997321487906
180.95246160711048
54.84643668538255
108.85597098736038
33.78810273601095
172.625677226997
195.71791371577885
138.1545811163942
145.31024659517502
106.19735510583165
78.1834743743833
135.677990285271
82.36814331224437
184.11041540876556
182.7405100041621
160.33775878062445
125.16038174639202
97.55129665850217
179.34065360884992
196.6858695383473
169.2627590751748
170.90272415765696
193.05836512590992
123.01429046873496
209.1773696618268
136.08234191213137
189.74951258337893
205.71809015002117
213.1524575970912
66.4310934878201
152.4078357609543
210.40442130616472
209.34927781128414
124.04325910971517
55.61004119015637
54.55940094860919
170.9954509304757
222.34170286711768
187.69899237648923
154.43782016982126
232.7469664928886
47.74792100084364
113.8371167511806
105.49684277948215
163.54236049836058
90.06821104306104
103.94058523447933
185.90236459638095
53.8364719484848
35.78027701158571
161.65581377505353
196.359442591774
172.0106337391455
62.54703700067642
25.976420079757066
74.3754139666254
173.89801381084473
92.95021541119709
216.1814977316203
127.93394903465662
196.20049751549988
212.01178523754663
188.5063412123702
195.81859093272027
102.14437222270251
48.541438818992034
223.15729287837024
29.349237748542187
59.43730604613908
187.3271865597573
189.4735187654388
36.67067846138566
89.41580497226194
125.59917233351092
56.178981480484765
105.2770898617246
204.66239335629592
164.52063985503275
84.88084750843467
49.62302928196222
192.06840692519972
148.07375213633108
38.781992626340056
132.90985446263903
124.04396599622609
154.35393803266572
33.0148346879442
30.71616761057781
170.73431793579658
194.78019832704925
172.23144439867568
206.22666688590343
107.32052372567499
198.3450329819472
107.07959343599589
99.40150685631828
115.03153910811831
126.96303167665934
224.91021903676037
228.62350741000577
196.68132788030414
45.49814069474441
218.60906368743804
48.779190159272005
107.87950745912151
168.46541497273768
84.11416656601209
108.44768835699159
60.391751457499986
179.54560077640332
176.50180087128197
166.89242668444032
200.06181255512678
138.4189905613938
41.13847934170169
213.62558460341458
42.014765723624215
161.80393142827432
185.67137106268822
134.9304095631049
126.11959358246027
123.69904765261867
62.94765885086165
82.90263352114245
104.55802695250354
150.58674958553163
137.53612575963535
92.28375552818694
202.3137714349499
201.98734095112712
197.99332911364607
201.83818894952958
69.61180851724949
81.27275266175788
91.73013039274262
88.64978350795072
182.01322652352474
162.29540667300049
59.26281645676132
124.03346405262408
119.19766217518475
122.9670004731682
69.76600810307717
172.46170758984778
75.59043954316093
42.83001721628168
73.15656677089531
161.54380175278578
50.63812104465115
86.68285779398447
87.23259748010135
180.47103179239267
110.25997518953528
77.22463284252215
130.95235853059833
77.26797158579231
74.54790966052434
172.35962853161823
212.67736122513526
75.3025637152828
89.63212761531274
202.47219699120905
160.63311824039909
186.53808762263296
202.88506430748257
168.93804210636654
181.44657253209
107.39799488027298
57.18052454598349
194.58700394233458
129.2050409458085
152.71354553152185
216.5155626246203
147.1193057579425
171.68351832193366
104.82486628908421
191.20912205502046
80.5880012165235
96.64824994059649
48.935419767454
170.0931084487175
135.9655345352007
179.6508106851459
215.10002197990931
80.91229710620213
157.75100876908877
29.001461473522156
204.846616859169
169.58277915976228
176.18275116174314
182.2011517494562
223.56095658440458
119.86429422686408
217.56219730605733
91.8427763595553
164.59034988238983
90.63769119853063
42.485741550640235
182.74993564330978
37.70802744163911
92.62197782610879
45.19215059596505
166.0892089671922
182.4436227382958
87.08731991142251
212.55229435574645
120.38635875950935
52.428220971395156
213.34745779869073
45.66494519572175
186.78821518974155
55.34222958758303
187.1223841611685
90.95428701676128
44.48514042857726
205.30239645622166
202.1463416484751
233.55333143030842
69.63862205670145
192.06305821505705
198.1990631250339
153.24057904817946
126.19721945987068
79.89241452608282
62.58652541243798
64.94264724030708
150.9420228746278
207.8293018186447
77.74866072310584
47.60406104147161
204.5893647778488
52.738259686872404
85.4481172527286
83.02155076306016
80.08690034767453
90.7186908039779
142.06889900735572
152.76649386432717
220.6525472132113
69.93994364603167
155.44432342859255
185.54493562388114
198.95310738774776
146.25854781867739
71.74746213663117
180.3006206324715
192.95854356119673
160.505118657723
178.42900173925793
186.26913577913285
162.33283194500277
110.79776580703002
28.344984233368614
118.87675477158304
37.51286771866789
173.43076024531806
202.9153318715954
60.59375772111516
161.5818151371181
57.60075527916832
36.792901523388856
27.88797679397047
57.143257798900876
185.4762000137477
161.66288186887795
55.36895581642807
189.1116766841643
108.42334869755163
96.0892918807326
160.41746657003685
199.25296276903472
143.34082361025864
145.27083226655623
60.817901800733324
212.34983427343278
108.88304953742482
178.71954500532846
135.177399713539
175.06575410532952
168.33713889362107
158.6402209075335
191.37950370888097
125.55981999512636
144.47735348844546
177.7039362457188
97.6755988371001
69.22295300019084
162.36840302568706
44.876693715042805
94.64411155286344
108.4625667060229
94.31630949894101
173.5572091421917
39.160213744778275
170.93766032272742
87.6361733041328
147.51283808603864
47.358606335026
180.50503565374115
165.54192398621723
180.2445340851077
58.08630704082869
156.51579387754055
35.1642085485867
113.2910095002067
202.2515182752192
138.66750089325623
182.4641061307877
150.5536091253869
58.52957234332107
170.91845774813356
175.17378058710185
50.86148071581008
133.21319866523973
108.77031130862666
128.62557504690974
213.0604279500053
32.730811950068876
67.6635320279598
111.92595632675567
145.61487129757222
63.675365928791074
188.20180187931214
80.81917855845789
93.90876872241499
98.34131739284243
194.1764109498469
225.43043982099408
128.50152985078216
128.45179872444857
113.80355460621855
193.1262003936459
59.198379170198955
52.55581367894135
69.81416867874138
177.9412781905571
211.17385002946247
212.66516126480425
206.3474591841644
147.99872074806905
196.9883766137762
112.7711643251422
172.4866970424329
181.20553783197292
122.8865478018101
161.11074073416253
175.23106939264864
67.63705808598696
109.56039789068042
190.21156680378894
210.62343224848033
189.44781239856556
95.16362443571023
74.51844791587908
86.06607710668439
156.516264399043
46.90771854478189
53.07921161801508
167.426037468766
88.42888930315362
158.0861078647107
132.62698088976444
113.40744197728955
109.75252459166572
192.34600312565155
110.08850150878226
210.88323596741938
85.61626824098946
162.95275826921278
204.66540394243174
164.8469287238362
96.8927114067213
70.21073892103516
111.64651803958202
116.95340846345896
42.15173011819677
59.8540926151545
126.87321531236393
206.6382094547302
151.20718992798305
217.3061909231669
61.82503256776699
201.6742618985061
158.09986540012952
212.61739238289303
171.94989924451136
119.0744761156998
110.64954605664711
157.6308824150572
194.9226674367018
150.13993378607816
165.65150550086136
137.78555701150276
120.42630654743331
148.27326262895147
31.954723373463967
206.2192509305741
153.59281790977332
103.22688588061523
125.46064315622988
193.735471172933
69.18003156841705
139.41424941886237
50.3112892088517
63.53016222446181
162.09157117004943
128.28958537575176
148.5712628509074
158.74324859565903
135.90469325157844
177.9771069868325
187.79424430993097
213.84352535486298
41.412016092417375
176.26779607656707
212.83276768232724
160.6053159352847
210.43884638206177
37.24342812516042
215.51664300483128
38.833874791815084
94.63160946344877
42.52094325160011
77.9665421110113
149.58007064136305
223.51794990203817
121.04983286376417
193.00045194118914
76.9627703816704
114.51479623976931
82.02899392790505
145.25437312992986
147.548008163123
106.03650185356427
85.81077846550444
169.42074668297334
166.7656967893327
29.487303547934108
188.2989544386868
88.09699027449275
201.10833431630138
72.86980326420391
179.84037207745598
173.391531394872
153.38678231508365
127.7009935038135
61.87138246112746
103.55668786303147
27.8238662984656
107.16929084206559
81.74401132550955
159.0913519446227
181.22236110150965
147.29187191491127
37.45185342298231
160.41762716419635
86.20569123405119
151.89920067190235
31.157284340859793
31.667853399500213
204.77744873796803
182.15205640463518
170.91027104716315
204.73808304698764
172.3164667471391
34.254258991547346
206.95093743322036
205.80012671658923
167.71119490302752
119.08286680725023
201.61367040676137
158.41109846819097
192.12891859134817
126.17759882642486
53.67622123498642
68.12130933434857
152.59782655147208
60.62964781798024
52.09756150224819
85.47558836980758
177.29552907967636
126.85284278997517
158.3780283804108
208.2846639757148
223.89164233875857
156.17988857124462
157.94260978281193
117.74481127626292
90.65710689345353
209.5512340616585
192.43570416163666
187.63102214551031
190.26551133780532
32.525748560588205
147.31144565764842
191.22520877846807
207.34566870507481
126.90940314731743
208.9952596702237
129.15166844267432
150.85462447034158
71.96937839270169
206.05450460567076
134.10871951537231
216.14034784147938
79.27835489120042
70.06814250441509
176.68597235169293
49.47974518061693
162.6280095405165
102.92119529987923
98.85712944071332
191.4086987669621
35.7497947168151
99.58789928386638
218.21807362973362
158.86102812867748
209.69597365099366
145.6850580193357
200.56788126500595
103.96721305054585
193.50799868063197
105.85212505012471
173.77916915341834
60.66697341157848
111.444901595528
62.89657508699845
71.66831164936241
216.78518176875468
136.4675595551481
76.15998801664138
192.52940698214584
151.07817554698042
202.0884258771384
183.31972845593748
45.771027486906334
42.132914949969845
197.49617105392355
81.80320943418006
212.79022008684785
55.33851964558508
96.00939501196764
158.78413338223336
175.97327137640616
157.30453900698654
194.70280542836974
220.16957925983087
65.0268170662771
90.23171131965945
173.5217333255829
124.6844490853255
161.0825075018948
134.27580837756258
168.04745118215894
163.31984901449988
43.62753273522274
215.10074365753798
146.95772995850388
182.6071847771636
117.32531576715142
199.555866536745
180.9801739277067
134.79271443257977
145.9802378810019
209.04962445492464
88.47439924198123
217.15267967928054
181.91677280971302
128.91815270424183
184.11418971977378
70.0291433837924
176.2144506970292
33.46739297806346
143.67854904941828
101.35143536460942
191.4678355022526
206.30089277747257
191.90219151819556
37.16546181222135
35.79845686360174
29.580774144406586
143.13135987895018
43.74159232014432
169.6103109617811
127.80340314447032
159.13505519346134
101.67646070446911
27.75618711885954
77.73660756139633
165.50336450060894
172.69092092731765
69.32128425953039
204.2082157949527
221.77222308197733
204.44710768916812
174.8304729456499
155.56405159233205
104.15591703983578
40.01386654842531
169.46644516268213
174.67631757615143
196.14912289301023
139.30565249079973
158.03207792221048
150.1832875245169
188.21478811066854
144.09215306844868
41.67302189172067
127.82299745303054
48.4895064879646
214.2341808974931
119.4645532780459
85.64361407021987
186.33245417839353
219.60868956296306
163.6418196034469
99.44747985241311
145.6785636542448
135.96493467044226
111.23969175157495
57.065536730732276
73.13491768244867
186.52040897054258
63.07997180434979
158.30661988374106
146.197982851358
130.6896105567553
202.4127372940832
211.3000536602654
144.43039508359334
119.19859341861469
69.94741819708882
104.14440674538707
119.35905928781509
25.802515978802
55.523243062647296
167.75054504920618
151.02991635023162
214.80353183461472
203.1511226700061
209.1284452692014
201.04941149932702
192.63533259956995
185.14660098958646
157.88286726966092
162.1407654291353
174.03352069084875
197.04381486808353
204.80306836710997
189.8732408763496
144.52092816987246
188.7659239419552
111.83335302491945
130.49988223264518
196.91794004128067
191.51826228466626
147.76288590331643
184.08679703829299
190.19240761220166
182.189182274018
184.88436179776602
107.36562063859044
204.80198136314448
61.23460473427602
114.21385591620123
142.79648816154574
189.60276519921985
146.36625099524872
178.2564014238785
62.831730172424976
214.96113774744282
198.15662662850877
109.12441920829643
99.22807651032238
130.07062913656034
194.8753239818247
170.20448074205174
132.108775273576
172.32331238529596
183.3593679945961
185.5131537126457
111.64651803958202
149.77048078865045
195.07878379861836
216.42270431067504
63.737914497459215
64.92556618177893
187.22001488865968
103.98311298848537
196.9654071344017
159.25142704055617
153.56224518366727
158.73157259864666
200.47037391461927
91.10835126292635
60.46166405294792
92.33073448530908
179.77283005114552
135.0325006458545
185.4402231571376
203.49251347931656
116.65635599567894
88.89166813095298
49.126094196242505
174.2232669109238
155.75475404983763
187.28584239491886
61.79539950799191
164.21243215768138
74.87355875064068
152.94054789053234
201.484247144079
94.9656015560237
173.84017207883736
152.74404676034965
141.36277690130078
98.54083464973245
108.50430394350037
171.76649370709222
70.18981963388691
117.44191300061426
175.02017660631657
198.20837677163047
43.68760839986065
189.43132174272384
124.18370066914103
190.9612391023447
95.51363287777032
121.14033004269707
203.98729611776142
43.5691032170834
61.71124130048283
206.64829945148458
161.28253393258035
156.0285843964541
72.70193283214984
159.89663634365698
126.03751945668982
180.80711174110775
183.31660246735433
52.97564684481782
216.58832595007289
189.1616413906194
197.04563715593386
131.72829760662927
41.801664404271484
113.41167830251909
83.87859436119282
55.76866435697126
65.26103212327985
141.582300749671
161.76955194478597
47.33951108195802
132.90863862525285
45.81618578076907
180.95892728030563
174.38495964704214
96.35930881136
165.75569797668555
183.1285666560887
199.3560735736599
184.042074058818
159.90539035570944
138.16067146164397
87.82485543298093
71.90502834609315
63.1332960453396
89.49934280428872
175.60762379483054
51.82744357411177
168.79595070096312
44.845269502392284
141.2978765613964
208.59982596681115
124.301280037866
105.85212505012471
157.13976173512978
127.99881798855378
169.23478467137653
99.66861136852717
192.23388022624272
145.3245105371267
53.83148246309013
176.7236512294832
167.71207683050423
28.426359277889066
127.3290566577438
32.30384483842921
174.6068811025171
140.1795376249486
101.6099340209836
106.29696856888931
142.54652664754255
162.28645499959882
62.75117521130386
221.0210872689436
168.37573696078877
34.61625214183801
123.96149402726121
169.09617807694204
52.11419301747733
104.87453599350125
90.83031041724084
61.736572827403535
197.86779593918303
191.6194908298314
105.16122879260462
203.69633799659104
208.69597423910932
206.81300895328405
29.74388913182862
89.587418113627
63.170480876165115
113.93702764657776
188.53779196522743
144.22316823701627
148.31092574950995
179.80980242553235
211.01833692152766
208.88293765253235
136.9991721080399
154.08497336879518
70.68864962172242
196.7644512153117
40.31700957758338
117.7067215817968
141.30502701406772
196.55193074599256
205.59063373093505
48.5588024493149
189.08109512664865
73.82433062817776
193.96136826673535
42.31973320878361
220.63174538563342
205.7072645450967
214.08038313688465
193.98984473381918
201.42106734749638
34.25927098670574
73.71430704776765
187.1072687923423
219.46261534891403
144.5067865907265
159.18358177340872
75.92155304445039
188.7911572023732
84.71748029575099
107.40560698562875
213.4110522809451
174.55776693547855
128.94845492519565
98.25442619868366
65.62467433091201
172.0387098222658
205.20102128085423
68.07678965693967
129.9844357921146
182.68792005488316
193.93007284470556
43.92610912778051
148.075347262842
143.38473944426826
41.01133905105823
152.64885283044634
113.57357395477642
160.22794471432974
51.3124733895067
205.36288542604856
186.00552375478264
50.18218345621827
194.66470182226766
186.98345396967042
119.097631143045
54.632352015965644
194.97211875486337
198.42954644249994
159.93807110591172
187.17188933902528
45.572575375566004
26.38791236071088
197.7318058553143
63.240772504873725
177.03075351631662
80.56683799956122
175.01178600567826
67.69972701724774
143.12228942288382
158.70622644994185
190.45219656938156
57.05954766150694
70.26959693638074
221.3657824157347
30.697510928139774
77.11043190673016
155.60272961238866
77.76004017299533
164.21878677776837
56.91674252525016
79.26725441639597
131.713994104195
125.43260214605401
176.87542324357983
195.20271238442146
89.07578490952965
58.86602704299575
57.18052454598349
219.1040738789427
207.13234553349434
172.02592411375673
85.65222064916061
146.57770012418703
94.83739835624199
49.450725964148
158.99728204498575
188.38727625608794
168.82361497205176
110.28003796485554
195.50666628366082
164.3810193181906
176.2059174589927
137.24422244692133
159.8167639964686
45.62886914648356
56.4376700338992
139.76290883290213
205.22561276129542
91.26237291679034
137.9104156540857
193.0331856051595
144.53103017141237
31.285718244837913
153.30491219198973
122.21001337417623
190.87232634473307
72.24967920472298
86.02324144249023
39.155977939324615
228.21290315099105
200.44733290125959
144.6535472795548
65.81024681028133
173.11974960405067
110.29484636426088
174.88782010652793
151.32268592361666
137.88430156340405
185.7963004952476
174.94983671877085
206.1292628357757
25.771868114405404
180.24572666526643
202.32101145692405
164.45627551079113
147.8532359097712
99.96140223091626
208.4536495564326
135.81938612144847
131.30684533391633
48.90144288337235
192.35898250130074
81.46159357092866
163.00662733940766
47.75049912934812
48.1487019192779
164.76237582536652
132.08968940289412
174.76875368345986
117.32565379201043
222.90066887303053
167.02570581641757
196.37432325511196
197.48293890902488
154.448953392748
189.2906837048119
191.9004310498989
43.20559385134414
198.62174296390893
187.85302374708084
148.36083427317533
52.08691104425385
103.59417685208274
184.26578000076987
96.55310866084565
208.37406615977133
122.04685546903727
159.59474024215788
213.5716782467259
163.97188959190706
31.040426624429806
160.13996391377015
92.62073683347546
181.17164777251998
179.7127790888285
42.607182630109136
136.9212813683997
32.495884837424825
66.52015197058101
40.297920853106405
84.51921988101498
31.48952733266303
95.70367792601459
182.17078411971033
145.36683977544308
179.6915897373087
188.8235263528672
208.50356120083777
177.54613889945347
177.07292270278722
119.12543809898838
47.50661154438202
68.16425127906766
185.03529296685576
213.20250767601308
48.132254125195544
165.95408163280956
29.286873401191528
126.55739782801312
205.76469420728588
114.33393108971987
200.50565083437857
188.647934560799
150.91428752592319
213.12524023127352
169.8307041860663
32.07783850454687
30.72222981199305
51.542909378970954
34.13030406102385
150.08461838661958
182.76567370816045
114.82615860360214
53.276398661347336
134.30990071039258
163.3028509115536
191.20234242000015
190.58702950896208
184.21062957902686
200.79050607910753
90.81596717215284
178.45678924692373
84.64562390428517
161.8611301971172
198.70069324056539
41.68379066197406
124.834164180706
35.86781003201888
138.21432008798624
41.98473137480415
94.6100838834481
175.64451969989008
166.94203688504373
166.14380463467938
186.89705281673733
43.65160309084935
71.04991945442735
65.49361713669911
196.8033027735623
134.34485340169368
220.72347495722622
201.95565647608373
90.31673810494183
86.88535095745624
125.5427522225064
104.61522740692968
186.4263501609217
180.59203996332377
48.64335693271413
51.19764763421187
189.55789447043165
111.05232733439291
122.69548500267186
71.92817700971212
152.08862716966183
166.29139690144194
84.86679862229407
179.79158077129873
148.63540375799494
140.064609051092
97.10774275858759
181.1589120838722
172.69950869990492
177.13592019731698
52.96928052320778
41.26329004357874
174.3326500436927
155.24022789746417
121.7330365998425
146.37617980798268
29.671924906012368
164.20231424265103
122.68171650276504
192.089127741904
38.1150626878163
181.06018300457336
205.65242962490385
202.13986848271617
64.9169416290209
47.3000838830433
155.60499595957168
81.48787193195587
98.68681190238915
100.91501528299418
175.55201536672757
137.44946453539424
124.7274629435517
33.71590634892851
44.07626524721239
215.5766562914532
196.61997462099953
50.16753619091438
47.9568709037011
180.264734911954
202.2641930417566
200.09237165974255
155.70028449362755
66.98274117074097
162.61222407267462
47.81952899459979
78.54531856887097
118.02097550982572
77.4209614975681
145.9498008329623
190.97936943081433
217.8272717397244
79.77597197023586
146.13920203162004
172.10324365378096
43.03448229800751
230.57622032930124
197.2419318423587
67.48412460335986
197.47069595056735
90.42514629858228
184.16830835818425
171.8818229304408
224.09474090259323
193.18882916928126
205.65793115339872
155.04441992889815
159.41722385218173
79.04236931607655
165.35405539144787
47.7143941674989
193.07846247168013
177.43805025240974
95.39219044031722
162.49177619689343
90.97219316121974
205.90807261887798
232.29338226506812
178.81963226507702
108.93699714688596
157.2925845818879
85.0072387064109
187.82653793464377
174.47169290370653
113.72867045338775
177.77718060583334
70.05436584124047
190.04484246228336
45.83501473037164
199.61164219080047
106.2405697325479
32.71062006144766
152.35295123339353
152.38487459736427
184.27385425444223
75.8395282257217
108.45300840378218
195.4619202326888
176.3849212602577
187.35846686390792
52.827778948132654
163.50617706870338
210.79461153703053
