0.5026608,112.91749,0.54554576
0.50008047,199.44951,0.9074863
0.5010754,228.0871,0.8186241
0.1505937,141.91924,0.8135774
0.31390935,142.17677,0.78079164
0.7059984,117.02381,0.8345758
0.5054105,-98.71802,0.85908866
0.4103302,125.414986,0.51871675
0.42775893,50.30677,0.883577
0.7857977,101.94148,0.69862825
0.86427826,216.66733,0.63054
0.5022157,152.76317,0.9049572
0.3566454,201.08752,0.575136
0.25125787,196.77525,0.5038029
0.109576434,211.1711,0.69636035
0.34523898,116.256516,0.82766867
0.26519024,176.13426,0.7639613
0.7926961,225.47308,0.7670392
0.036340922,86.49763,0.67069817
0.024609953,24.897179,0.87366617
0.46321908,48.63823,0.5279423
0.69623846,38.03254,0.6442166
0.29897365,249.93988,0.87504804
0.19875798,231.4306,0.50432366
0.34101748,223.40968,0.80892915
0.8396325,148.46931,0.93459857
0.21950582,100.29927,0.7816392
0.46143502,115.53578,0.7036847
0.58922297,61.092476,0.97871286
0.5981899,117.1751,0.9189149
0.30927637,118.90282,0.6605291
0.9124094,122.88566,0.5247447
0.4577195,130.88258,0.83002245
0.2367489,192.10571,0.74413896
0.76716596,60.11229,0.7269702
0.5296851,214.24492,0.6873272
0.04870364,27.220387,0.69436944
0.86830914,133.91345,0.6288093
0.13651752,147.30109,0.59741527
0.21943477,79.334015,0.7149683
0.8566555,196.31981,0.9630189
0.10427332,109.56592,0.913895
0.44127274,70.153206,0.9030824
0.77218544,152.81067,0.69324744
0.8087655,213.42625,0.8476843
0.78952765,201.20395,0.6531192
0.3572508,118.66474,0.984108
0.89776134,117.94721,0.9174901
0.9874347,28.316122,0.6876285
0.19150314,100.54349,0.86298907
0.15195864,34.299625,0.87992716
0.5396924,79.81027,0.5290028
0.90512824,102.11205,0.9170868
0.683531,185.20268,0.94384605
0.87428653,161.53139,0.8883213
0.1763764,263.3232,0.921286
0.3371992,181.97478,0.9300606
0.6665717,33.233692,0.873277
0.6766614,199.25073,0.5549981
0.5149546,66.01164,0.6186539
0.1481888,86.18877,0.6015887
0.4004288,61.246593,0.70495385
0.8865733,205.96823,0.9751009
0.74267507,204.55353,0.8549341
0.74906075,41.806744,0.68893945
0.21188483,209.84418,0.6877294
0.37621504,199.28348,0.93099344
0.7860779,170.56697,0.89977133
0.3989493,184.65376,0.8516507
0.1173425,155.41072,0.7921942
0.2996652,102.28606,0.5660566
0.5633298,166.54553,0.575204
0.026025772,109.07784,0.93772227
0.50404674,40.519764,0.6933513
0.9064275,116.76347,0.9080365
0.5088532,72.37963,0.54921526
0.46738434,171.01732,0.6750816
0.9068463,137.6738,0.856645
0.7588326,234.83102,0.7904155
0.479205,48.849804,0.60659474
0.7170894,119.46541,0.6727134
0.54448223,132.50133,0.5745247
0.7292355,102.26945,0.6096046
0.47792163,125.837616,0.9349154
0.23809028,77.72385,0.9427379
0.7440476,114.393295,0.73043984
0.07749161,80.235435,0.63859427
0.19995022,103.589226,0.6599688
0.41120112,32.270752,0.56235194
0.6927304,174.14453,0.8768842
0.047597796,175.49232,0.6048442
0.486471,99.26025,0.5466946
0.4611562,206.60658,0.70052326
0.34280914,130.01735,0.5693782
0.7132683,41.490376,0.5980246
0.8783352,177.98827,0.8230222
0.35802576,121.85852,0.5574979
0.28980103,102.93327,0.8373225
0.4394821,108.72601,0.62872005
0.30975527,115.81705,0.89583534
0.0045424104,40.235054,0.80164033
0.02987656,122.910416,0.53182876
0.014708012,155.46112,0.6863283
0.5391339,176.20943,0.94749224
0.028129905,191.70549,0.69399536
0.81303704,170.19765,0.6271765
0.3693198,193.94022,0.6383761
0.5002101,116.81936,0.967024
0.4325707,179.4474,0.6851583
0.87607,128.53989,0.8178917
0.7668873,124.29712,0.5864378
0.6840871,79.27119,0.7942337
0.5770134,31.596195,0.6807115
0.30839574,59.337677,0.74955535
0.3496514,90.67532,0.84881526
0.3432794,53.29983,0.6647191
0.41382155,93.49384,0.983451
0.08494347,85.8761,0.59898007
0.70096385,221.11778,0.53042203
0.022680283,126.66668,0.9200214
0.27702856,182.8521,0.53157246
0.2838573,142.3712,0.7798004
0.8668224,60.944073,0.7608737
0.56549454,27.112371,0.53982973
0.33641064,156.85912,0.975428
0.4740262,51.67217,0.5258081
0.23067456,101.80654,0.94126165
0.6146181,216.44965,0.5839775
0.05663252,145.57848,0.602458
0.69940066,101.37116,0.83024436
0.38823614,192.61107,0.8481295
0.5362707,202.76712,0.5509787
0.555998,48.00244,0.8002846
0.70754474,177.49619,0.56512177
0.12068358,83.06892,0.73765415
0.88346064,206.8071,0.94824374
0.40069702,98.17433,0.77458465
0.059068978,200.24425,0.53362554
0.74617696,99.98175,0.9965309
0.31003925,183.90309,0.78865695
0.685579,75.776375,0.68465585
0.7697792,196.45978,0.6592288
0.8516995,191.11545,0.88435197
0.4667877,119.590454,0.5758945
0.32437104,198.47002,0.5056776
0.86710984,172.1152,0.7985265
0.6537726,203.4885,0.78554785
0.39085132,182.61162,0.7235529
0.16438058,196.0228,0.8001952
0.6080591,209.54192,0.9309327
0.8106462,126.85323,0.832343
0.25847924,34.297802,0.60641336
0.36630005,63.912663,0.7232023
0.82474077,77.6138,0.9183849
0.28540054,110.86502,0.54021925
0.45299727,157.14389,0.6461526
0.21531251,51.005947,0.5506878
0.5323751,29.76243,0.872627
0.30309415,98.71429,0.990769
0.2115865,230.38643,0.8837167
0.42475957,36.196896,0.74012005
0.063556015,225.66055,0.6212138
0.20378032,191.9108,0.91450286
0.80670166,187.4414,0.9065941
0.31775323,172.40692,0.9765221
0.39378235,218.17062,0.5203932
0.5247412,44.578934,0.7475745
0.57439196,35.07036,0.8876083
0.02789262,62.294563,0.8308059
0.60888517,216.12938,0.7781372
0.44550192,43.264694,0.89829296
0.67280227,137.78627,0.5346505
0.5225599,87.94309,0.64766586
0.3825488,43.003384,0.7143791
0.8046098,193.39319,0.58670986
0.41666833,107.95277,0.9904486
0.642603,37.3426,0.855475
0.29948944,131.88336,0.7639348
0.68930733,235.46423,0.64041585
0.96532655,66.09329,0.7042936
0.15353543,136.92696,0.54068446
0.45543414,192.16884,0.7450782
0.49736083,41.57616,0.7161252
0.7472763,94.809074,0.95048475
0.37243348,51.965084,0.8686915
0.8233689,76.53338,0.5293527
0.37827095,51.113148,0.5479747
0.7991202,157.78465,0.5445364
0.9056059,180.6383,0.97249746
0.28821212,44.11392,0.5115122
0.5514394,189.83531,0.7140682
0.09545514,130.84085,0.5178747
0.08489311,90.80579,0.7157197
0.14358646,217.202,0.59961843
0.45145553,45.14163,0.72034353
0.6344526,205.33041,0.818441
0.15758348,36.285397,0.87436724
0.1208359,221.00859,0.75784266
0.36148876,198.25687,0.5562684
0.4961761,58.931496,0.84192
0.36850476,213.47342,0.94649816
0.6340414,101.79232,0.96795857
0.9621775,40.630592,0.54606706
0.4426717,30.714573,0.9821142
0.6753757,209.76523,0.8412709
0.7508439,201.8553,0.9423102
0.26171714,126.7132,0.60323983
0.35620877,83.75706,0.62022614
0.2834723,130.26134,0.8370528
0.36700076,41.83903,0.8678851
0.3016533,51.54385,0.7703807
0.87131035,148.35931,0.9910922
0.7191744,177.71,0.7902851
0.26540798,121.808586,0.84969366
0.9804331,93.96338,0.6458959
0.5064159,97.54242,0.9450163
0.2225363,184.27664,0.904508
0.12984759,208.13716,0.80865854
0.3265888,219.50648,0.51517326
0.8221611,202.94351,0.79324806
0.88976216,205.73157,0.7730843
0.6320116,155.2083,0.82413423
0.27339262,185.45824,0.552959
0.4792244,31.399834,0.85623467
0.57196224,81.6815,0.7512002
0.5823044,137.80235,0.96442246
0.28684977,167.38136,0.8927499
0.41477787,172.0943,0.8021121
0.14870548,116.2149,0.81579924
0.94942486,86.03109,0.9341518
0.7668073,26.933998,0.8619679
0.8018198,114.87738,0.9527885
0.7707722,206.09781,0.8449059
0.5117354,205.41821,0.74181724
0.80809116,203.20433,0.75564706
0.4115302,86.901825,0.6385673
0.6866038,108.31196,0.98419785
0.03307587,30.728065,0.60810304
0.15563717,100.187035,0.9745549
0.32143068,50.61702,0.59590435
0.6541033,30.786106,0.74725175
0.3794501,222.98611,0.8543387
0.5764298,111.722885,0.95463467
0.15192172,163.89163,0.8308045
0.0002208054,93.32714,0.76782084
0.89500284,205.3756,0.9279581
0.5972349,52.477245,0.8265959
0.113503635,206.46786,0.8691306
0.4787967,59.22331,0.9187722
0.65267324,217.92511,0.6132034
0.3989789,161.86726,0.89119774
0.7950938,148.84079,0.7641723
0.09162584,58.7013,0.8096894
0.57943743,68.59243,0.94457364
0.19356099,48.15696,0.5237103
0.7222357,157.1409,0.8795541
0.2837214,89.81426,0.9487083
0.070442945,94.46085,0.6298405
0.63887507,175.94931,0.69930124
0.8141626,150.20358,0.80174667
0.2339617,203.66447,0.76261294
0.22792196,161.91913,0.86494184
0.2848726,65.906456,0.8469503
0.8628495,186.29665,0.5879696
0.8345196,174.82549,0.53816074
0.6306633,91.25582,0.64562935
0.82994235,184.0762,0.80186796
0.051279694,92.17238,0.81817424
0.11283335,174.64798,0.86341536
0.21043131,96.91176,0.78863883
0.36715633,59.145454,0.76991236
0.7714448,58.79197,0.8273526
0.41951245,143.36127,0.8992928
0.49411413,95.14145,0.5766346
0.059200346,72.9716,0.8893706
0.9361914,34.548103,0.76250875
0.23706797,64.451256,0.5478324
0.30362213,219.29082,0.50762
0.30064636,146.50314,0.89936835
0.5379693,183.32439,0.9050429
0.3651886,151.3778,0.95176685
0.6984432,169.43901,0.8569526
0.6044893,211.71288,0.5567635
0.3168942,205.0015,0.85852396
0.75654066,112.14168,0.6703197
0.50165975,39.140415,0.5399258
0.49915826,84.15248,0.5518786
0.46826673,190.62169,0.5386529
0.35050368,189.37164,0.63351196
0.7517233,147.5642,0.92432606
0.778669,188.8913,0.55562955
0.6900612,41.29235,0.6514616
0.38270795,205.83546,0.7131009
0.8424374,205.53506,0.5713535
0.7292162,76.66399,0.8243387
0.34767726,168.94751,0.9866998
0.14005461,212.83609,0.8699504
0.24128735,104.11599,0.9047244
0.4906222,185.97606,0.50487816
0.84155357,218.42778,0.5314062
0.88317,207.54558,0.90864515
0.62579167,164.67285,0.57998765
0.7207374,105.720505,0.9858242
0.70630497,174.80084,0.5063405
0.804132,176.93733,0.7328601
0.117629796,91.27698,0.51563025
0.39512485,144.68619,0.6702256
0.2678565,123.93871,0.5651722
0.77531385,218.54286,0.53235805
0.062434047,100.68534,0.57622343
0.055066556,226.54271,0.73230624
0.38630995,214.33968,0.5454533
0.15353405,94.06258,0.5098643
0.33548477,54.433804,0.7556677
0.38404134,151.59456,0.91568494
0.3122173,202.28769,0.7171541
0.6563883,124.44316,0.94650245
0.20032954,129.69891,0.78939563
0.61490184,213.66766,0.70519227
0.72331953,127.8945,0.8079053
0.35058242,188.88487,0.6832908
0.44484803,116.66852,0.85585475
0.2702912,140.57016,0.8657674
0.69416016,208.22754,0.7255892
0.13842869,151.12411,0.5177523
0.93421006,143.33803,0.8143372
0.21102911,96.034,0.7675775
0.24810705,153.27603,0.84315985
0.48784634,134.70303,0.7128673
0.24131113,57.625404,0.57450056
0.063264936,88.67551,0.5129441
0.6758114,225.25916,0.57035995
0.87136066,151.28221,0.6128737
0.5417471,53.563034,0.81792486
0.28474575,18.539406,0.9856415
0.5677489,45.025974,0.8388896
0.5677408,187.51895,0.5154064
0.75057346,163.79042,0.5821975
0.75634205,161.27467,0.62424064
0.20504889,109.29612,0.8270505
0.5356954,91.57726,0.97539735
0.8104273,215.15823,0.9014268
0.5754336,199.24852,0.7441889
0.20433477,201.54074,0.91256666
0.41425413,98.64168,0.9017379
0.31400156,102.44596,0.5273076
0.63463277,168.83858,0.843171
0.9044698,117.20374,0.8092334
0.40977967,33.4016,0.51832455
0.44274747,60.986748,0.54254305
0.82958585,170.23598,0.7004073
0.7335681,168.44609,0.5777123
0.18090004,209.75578,0.54479784
0.4457391,70.707565,0.77126825
0.4483096,211.66322,0.66284215
0.36384034,144.17348,0.9201064
0.5069719,99.37861,0.6228637
0.58314764,115.68134,0.9373001
0.6054577,195.07811,0.61605984
0.7406303,197.47075,0.8220773
0.8767295,61.805214,0.63342357
0.517799,189.87674,0.7824658
0.45291644,98.62886,0.82525414
0.4410269,156.0164,0.88029623
0.7578846,194.69862,0.5217106
0.9421863,132.51836,0.8287984
0.4189535,77.8962,0.7648687
0.3392834,143.33492,0.97756547
0.7696544,40.87761,0.5558598
0.71998405,213.44255,0.506424
0.6223043,198.0352,0.5193848
0.70439875,165.63434,0.55169743
0.29942796,110.12533,0.51726425
0.55181533,221.97298,0.7028933
-0.0027104616,136.84648,0.65204537
0.3007354,104.5598,0.5360219
0.01701644,32.574883,0.9127736
0.7682117,97.738976,0.765876
0.524945,211.12003,0.77137697
0.16784203,34.859688,0.9434521
0.813198,59.655975,0.6924795
0.50824237,101.67061,0.5776386
0.6863525,159.005,0.7231529
0.89762294,148.65141,0.8216877
0.068672925,85.13721,0.6196603
0.054484725,57.488045,0.98007846
0.5161937,136.55644,0.95859647
0.42845425,186.06772,0.948991
0.25051552,69.64202,0.8857609
0.5921971,176.00475,0.7495433
0.65159476,210.5528,0.7003504
0.04452586,234.11586,0.62427557
0.39937544,156.97205,0.9827049
0.95058954,31.60344,0.76860046
0.19378382,217.30229,0.61931086
0.7812289,196.06749,0.73166287
0.718706,165.5763,0.7983413
0.7752202,215.4507,0.72116166
0.2312049,84.16554,0.76716006
0.32544392,182.5431,0.9235133
0.4738319,144.18938,0.50571954
0.34195274,125.36001,0.5427026
0.78073466,172.94049,0.6993231
0.6387004,42.042706,0.6251899
0.010267049,180.89,0.66973895
0.64048094,54.564686,0.6853657
0.42302382,129.3685,0.8379552
0.073779196,57.89534,0.8279959
0.48149693,212.50227,0.78038687
0.39467007,113.40778,0.689751
0.4975507,110.25775,0.7897045
0.5037852,40.625114,0.81231827
0.02958402,115.42317,0.99549043
0.30568027,117.96182,0.8821997
0.9045557,69.59132,0.6345811
0.8860804,172.1986,0.8371824
0.74047166,159.5631,0.9452443
-0.0019857883,85.7131,0.7038125
0.63828856,138.0623,0.8656379
0.029301584,173.62575,0.7059658
0.5201398,71.472336,0.9192705
0.8482006,191.33116,0.8095511
0.8781855,214.6578,0.65450287
0.6847619,142.19647,0.7914555
0.33515224,147.22888,0.99177814
0.11724979,94.53183,0.7560482
0.8805129,209.26555,0.60313016
0.6878277,37.299515,0.8169987
0.51248354,219.77419,0.8538648
0.40013292,100.94882,0.6979188
0.040861875,223.34319,0.5090196
0.6864573,213.21593,0.7502664
0.4765069,99.28331,0.94942534
0.7231176,90.18219,0.7307652
0.14695108,36.03125,0.90751225
0.14219248,225.0684,0.59323025
0.24072811,140.02951,0.88587475
0.8954669,58.697575,0.837672
0.39267528,171.65213,0.71407735
0.42676,154.68747,0.6304546
0.68362975,143.15771,0.6220488
0.20569736,183.3369,0.9675097
0.4078483,73.5049,0.9903408
0.20022652,234.37086,0.5717877
0.14180768,221.47609,0.5344129
0.9336977,147.421,0.6044747
0.120331585,77.199615,0.54493874
0.20439845,143.60205,0.8473803
0.84273016,112.81575,0.8511166
0.65651345,159.06082,0.5289139
1.0057163,35.994904,0.6814453
0.63707894,48.269165,0.7034372
0.469206,230.7653,0.6773171
0.6164913,43.457043,0.8896635
0.88998216,153.33284,0.92297167
0.031433553,129.93858,0.7984464
0.5799382,104.54359,0.7613307
0.41292125,219.14842,0.8203796
0.8358464,167.197,0.5705003
0.49090046,134.9793,0.949957
0.015123516,63.403038,0.7287967
0.34653658,143.577,0.8927294
0.63710845,237.31502,0.5960616
0.30822384,65.45581,0.5503072
0.97713274,72.58195,0.56595093
0.5163475,61.21225,0.7539736
0.3754879,30.03823,0.5078542
0.061861902,213.46423,0.7094202
0.387743,85.714386,0.95256805
0.68087435,57.423706,0.8193038
0.7852247,159.3557,0.53691155
0.44789097,134.54823,0.875078
0.8402736,173.21315,0.7722192
0.6493471,30.674097,0.5435697
0.7731675,219.74046,0.75134814
0.4249627,64.86051,0.6540427
0.8158619,210.25954,0.7595223
0.44006047,152.40154,0.77322507
0.6302999,43.83218,0.5785317
0.7212926,177.98256,0.6271536
0.73226523,164.5841,0.9000715
0.73203266,40.37007,0.88929963
0.6395638,56.418934,0.6848751
0.44674787,79.567696,0.78922904
0.41352406,168.90573,0.6999176
0.81893003,37.50732,0.5588316
0.5032334,223.4917,0.72310233
0.7833489,226.49487,0.57838595
0.45843464,137.50641,0.65757143
0.38492376,44.307034,0.5522814
0.485825,34.45548,0.8388974
0.6403296,76.76473,0.7128697
0.47743896,61.955906,0.8113704
0.8128096,194.05785,0.95774394
0.41035736,66.118576,0.8969085
0.37597826,187.77625,0.5520787
0.058034718,161.18701,0.91388583
0.26995927,160.26537,0.65226305
0.6966507,217.97256,0.55689985
0.77623606,171.73756,0.66203964
0.29340637,120.266106,0.5198095
0.776943,175.24191,0.77993333
0.19544685,27.353064,0.74753994
0.26045573,110.01827,0.8198844
0.6503251,217.76662,0.660442
0.73188424,116.243164,0.9721899
0.6510165,209.07614,0.9704251
0.13004059,118.23907,0.803878
0.39813042,212.18037,0.87168026
0.053580076,30.72055,0.9201101
0.20733628,44.214508,0.8630463
0.8785473,33.05797,0.7715542
0.6009792,65.85189,0.9678348
0.8928484,200.35709,0.8503509
0.79165566,183.33653,0.6108946
0.38524765,207.42252,0.6606936
0.16753319,181.54013,0.6607556
0.87688744,187.36093,0.8082345
0.37670738,42.096863,0.68484414
0.8678025,203.03522,0.54516536
0.50293416,182.73701,0.57633555
0.7956265,197.5147,0.50268817
0.28150123,135.41203,0.7662506
0.58346766,58.566246,0.7255495
0.6695379,195.77003,0.8606453
0.72039366,224.78618,0.81100154
0.3270288,72.37613,0.973655
0.24981728,137.66422,0.8406714
0.86460173,234.0428,0.9241595
0.6993342,89.64003,0.96723175
0.9162501,215.7923,0.7546555
0.2137408,213.4349,0.86350584
0.43973356,174.00908,0.7780663
0.29832935,43.603138,0.869755
0.76276803,211.29713,0.88631725
0.19995022,103.589226,0.6599688
0.7143238,194.16447,0.7362211
0.42325768,74.79206,0.9662657
0.31696674,209.35641,0.73011386
0.1711747,81.14719,0.7286444
0.5258326,51.180435,0.6180526
0.86446834,216.794,0.73871744
0.18292528,102.933945,0.84650445
0.72195596,181.66174,0.7432181
0.22584605,108.581314,0.7555765
-0.003119707,55.965145,0.73147655
0.51460326,127.18768,0.8511981
0.06029132,146.3545,0.6540909
0.417897,170.79779,0.8823073
0.74673283,198.19101,0.7403326
0.00063320994,151.55908,0.725281
0.43870488,64.0992,0.6184266
0.667481,107.63984,0.85756683
0.4849149,68.83326,0.9631519
0.5730877,144.69989,0.5480847
0.19411683,87.09592,0.6839962
0.33807924,225.77904,0.68260825
0.12421012,200.34152,0.5945704
0.41965532,162.01305,0.9659338
0.69448775,116.474205,0.90296644
0.06749159,33.915028,0.7319993
0.48000118,198.8147,0.56112367
0.7186503,124.0011,0.57827145
0.36515254,164.86227,0.78154516
0.4626606,216.87094,0.75772643
0.7610283,87.485176,0.6331733
0.4599351,122.00353,0.58667326
0.49312508,109.04346,0.75738674
0.70469505,203.96024,0.5327762
0.61375946,39.136234,0.993874
0.888158,162.19026,0.97487926
0.51857686,72.47456,0.6972177
0.81254303,199.16191,0.59398544
0.5289545,254.39119,0.86272186
0.41675788,117.59474,0.93297666
0.4764079,213.4339,0.93137944
0.42511147,194.3398,0.7835977
0.603783,155.53445,0.79050946
0.8924049,98.33442,0.6744143
0.8118155,56.17596,0.75745773
0.5957351,120.33667,0.9533541
0.38907593,123.395226,0.7629448
0.31539178,211.62524,0.5189235
0.23483402,214.43785,0.5462309
0.39504367,145.95146,0.6562176
0.8712749,138.92102,0.7952217
0.043411583,52.52843,0.8456173
0.394653,182.64359,0.5814538
0.5482665,117.70287,0.99472773
0.6553505,107.06238,0.9090599
0.9030807,130.11258,0.993328
0.81479645,149.30948,0.9939445
0.4727586,189.65103,0.75704575
0.5589702,198.55647,0.78370225
0.5553064,181.65575,0.8360524
0.49980378,72.55726,0.82635176
0.69115746,116.29639,0.6106332
0.31138298,111.70212,0.5130424
0.6727727,105.296295,0.8831663
0.16206262,88.74585,0.90878737
0.120771855,212.76398,0.8163763
0.82896936,177.01392,0.9602766
0.5504621,244.43462,0.5880726
0.91998386,163.25053,0.9785505
0.8889794,117.06218,0.88259655
0.21114242,94.90875,0.5147593
0.37604833,202.04504,0.76870435
0.531146,200.63132,0.769747
0.13380703,143.16273,0.5610555
0.54249305,126.3312,0.6484997
0.6523027,193.86353,0.82562935
0.9200587,63.024895,0.60047174
0.7617732,134.32838,0.9542797
0.9108975,171.67676,0.9809227
0.80300164,192.49525,0.76891625
0.4169505,77.42248,0.73140097
0.35055465,212.70528,0.82340163
0.5486219,66.30408,0.9837498
0.64074844,243.9221,0.56822956
0.31654513,72.86882,0.5265336
0.7417817,138.66217,0.9568776
0.7432731,133.62717,0.6034226
0.7580426,120.90081,0.57248974
0.8959422,210.80591,0.8872022
0.96430624,31.340786,0.7762631
0.586968,134.79547,0.54900986
0.68057597,206.12141,0.6404512
0.5847986,215.43478,0.59794945
0.37446988,83.39652,0.6333954
0.1709218,104.73516,0.66658163
0.7454001,199.51237,0.5870977
0.91757834,86.89249,0.64269817
0.7599354,92.5583,0.84050465
0.6024053,186.50606,0.80626035
0.44460604,183.42497,0.8581866
0.4188794,72.156876,0.63057566
0.19808394,189.43117,0.6291489
0.33204713,161.24062,0.7686876
0.7444342,224.44643,0.5247896
0.87996805,124.51144,0.9052196
0.7246475,70.08469,0.69783324
0.38140973,107.25609,0.9446202
0.5671169,35.100697,0.5240858
0.07438114,53.835175,0.8712772
0.80961645,172.77046,0.5922831
0.13935614,139.60162,0.7377806
0.044320256,153.62689,0.68159723
0.28348434,43.766445,0.57564735
0.24066901,164.11084,0.77255213
0.583842,227.33054,0.88704705
-0.00050491095,122.60714,0.6256285
0.8281561,135.86943,0.74176216
0.59832513,119.289,0.70901495
0.016519815,60.456963,0.6272719
0.7603017,205.10095,0.5803287
0.74947304,39.87539,0.67216945
0.40330192,32.225418,0.6594777
0.72563845,117.04092,0.85348666
0.6965355,154.69925,0.6227106
0.27898937,203.14201,0.9809108
0.7776563,180.37016,0.91442704
0.43857542,198.29099,0.6670239
0.40877205,174.83249,0.6167647
0.70945925,32.794945,0.7843291
0.670236,67.056366,0.8769678
0.07650617,85.78211,0.7764782
0.19965675,28.734808,0.8209599
0.26101112,143.54878,0.61815387
0.39257476,223.41545,0.8013177
0.5509256,138.19191,0.6530455
0.6614002,207.7678,0.80616915
0.63468885,218.28917,0.60910267
0.096161306,146.43015,0.92658824
0.01933673,213.58328,0.54493606
0.7466074,106.28042,0.72877395
0.20753935,56.547977,0.78074753
0.8987757,196.03502,0.9744237
0.6674592,86.960655,0.991243
0.70311725,217.32703,0.52910113
0.08593774,209.52641,0.6594254
0.6407572,195.72385,0.8398972
0.27859887,221.02078,0.88754565
0.22280607,179.09827,0.7947093
0.5538753,228.5487,0.7094064
0.6919387,196.58899,0.80173707
0.63722426,142.66055,0.5403983
0.31358844,197.07358,0.72684044
0.35698357,106.46388,0.5301265
0.66866547,194.797,0.6705794
0.54262996,152.32999,0.9054489
0.66190034,66.46152,0.9263487
0.34701425,64.62923,0.7421062
0.15512225,35.890865,0.77215654
0.6563812,77.50633,0.9566895
0.56430113,165.15805,0.7475427
0.9318267,74.75924,0.8260281
0.024307728,62.446865,0.9246882
0.69466764,164.74051,0.9485451
0.51360935,188.85365,0.55644023
0.5830066,93.51815,0.70398504
0.5047743,115.13684,0.9293046
0.8207308,187.32758,0.63058317
0.40156424,181.48679,0.6328397
0.38312787,189.35855,0.5271052
0.1780802,161.38625,0.5380218
0.5514426,135.6181,0.73053396
0.5190348,131.1013,0.6421169
0.9326992,90.75261,0.70261425
0.8068598,192.134,0.75251544
0.9041363,78.0577,0.8123232
0.76552755,204.91515,0.64451784
0.7492293,181.29497,0.6162991
0.36453262,234.42584,0.62074584
0.19444308,96.495834,0.5812408
0.14252508,156.33713,0.89300346
0.747717,197.80724,0.809293
0.31341308,70.114235,0.888371
0.17087391,234.45361,0.79359454
0.5092889,193.5529,0.98823756
0.32340795,87.48174,0.97259456
0.5718376,214.53864,0.8078961
0.404266,219.69415,0.6293917
0.33406416,138.86926,0.5863009
0.41016343,101.564804,0.5447767
0.7978263,223.44286,0.6312034
0.82970804,201.98761,0.6641051
0.53476226,127.374146,0.9279101
0.81059635,177.10359,0.84782577
0.12477419,226.60234,0.50524706
0.442947,68.241844,0.8303007
0.61108226,233.42557,0.7811029
0.8544451,89.68956,0.5698822
0.7135277,206.5907,0.9496699
0.8335862,204.61906,0.81843513
0.047430187,100.32092,0.84640455
0.10857499,145.57152,0.73181736
0.38139984,98.110985,0.7769454
0.7013786,55.62935,0.6611781
0.5144862,180.4719,0.807467
0.038120717,126.09136,0.5427458
0.6665089,159.96072,0.6499336
0.849953,95.69068,0.66966355
0.6700288,187.90831,0.9039342
0.47756505,175.3074,0.6585417
0.82680416,190.60875,0.9385735
0.69821423,169.10062,0.88845325
0.13797694,187.20447,0.5724808
0.0603607,105.59823,0.6487036
0.26510274,183.40408,0.97291523
0.17448547,36.6946,0.85768634
0.4892662,128.71791,0.9929503
0.5637735,16.54249,0.70167273
0.8593874,156.48845,0.94047445
0.84033144,118.95846,0.78980666
0.011474371,66.40002,0.7357365
0.8053553,167.4908,0.54476327
0.41517535,114.48172,0.6644577
0.39454708,29.59023,0.64934593
0.6390952,178.26718,0.9617062
0.58254576,36.30971,0.7354846
0.4811915,29.124266,0.8474524
0.67545164,230.19228,0.61208713
0.6347123,163.20316,0.8486877
0.009371936,58.12664,0.93657684
0.25546616,45.53898,0.57904905
0.147428,188.251,0.9236299
0.86881685,192.62115,0.9783665
0.48998997,63.341614,0.61183417
0.11554155,79.21037,0.9646188
0.4523704,85.65162,0.97566974
0.63310754,175.78676,0.5440672
0.7887368,195.33537,0.51865625
0.4649802,31.508595,0.89720273
0.32411748,247.13211,0.80527735
0.30102867,71.47013,0.8667925
0.2579754,68.608955,0.79296124
0.38890928,130.54282,0.75762403
0.44307622,33.424263,0.7755101
0.14885876,133.18431,0.58081234
0.80377626,48.333603,0.7697438
0.11094198,174.31308,0.67723894
0.73156184,75.61666,0.9770939
0.87879956,199.29373,0.5919905
0.66343427,121.938614,0.88621944
0.800483,107.206085,0.6433349
0.7001693,98.71822,0.6256582
0.69842577,85.83418,0.5476667
0.84954596,206.14973,0.5660112
0.5931223,113.859886,0.7957026
0.89357376,165.07947,0.7885994
0.37053525,235.39185,0.50097406
0.6766933,177.15364,0.7636962
0.6855443,143.56903,0.7291665
0.07323173,66.61953,0.72776735
0.66900337,225.71173,0.50375473
0.62092775,148.36319,0.5884811
0.060518235,227.70319,0.7767273
0.06292203,232.26303,0.56962574
0.095644444,208.40176,0.7681064
0.31754714,131.66937,0.90279675
0.805054,98.37312,0.5651733
0.37511772,113.0212,0.9621871
0.88236976,187.28036,0.78375316
0.95112765,46.414692,0.65175897
0.23694786,207.78929,0.7689537
0.5982959,129.885,0.973966
0.5663702,183.50195,0.8633579
0.9022635,51.519703,0.52262306
0.84590805,180.58237,0.5655329
0.29461277,63.57291,0.7172906
0.5969788,142.20448,0.87079775
0.11631656,136.78923,0.6035202
0.41795427,112.88429,0.827229
0.55290306,57.823845,0.9831158
0.8261899,142.40598,0.9959371
0.120869696,32.277817,0.57582414
0.59437156,174.77893,0.88833505
0.81426394,125.43386,0.9055324
0.6819463,224.45222,0.68252957
0.38547814,189.37923,0.751058
0.2187607,183.20882,0.7791753
0.9938655,67.99637,0.51316446
0.367135,97.31755,0.81605685
0.19962871,31.425123,0.92002356
0.4097528,85.89964,0.7732146
0.009415507,109.26799,0.9668155
0.38137984,213.00595,0.53605795
0.3920713,147.50662,0.9057804
0.69030315,120.75782,0.93900645
0.6409041,191.71071,0.6266725
0.86071557,213.1558,0.89586663
0.64259183,213.91635,0.6434486
0.41328114,40.952602,0.8494781
0.6540093,152.86024,0.8065908
0.7798289,155.816,0.5489424
0.6933197,135.8615,0.72133464
0.35075954,22.686863,0.5579875
0.77229875,58.52351,0.64327776
0.2267609,83.87792,0.94908226
0.6177565,210.87755,0.74431354
0.71078104,144.56255,0.82563126
0.020269722,159.37471,0.82611567
0.14742547,197.69324,0.92112595
0.52452785,100.56869,0.88723516
0.49436715,46.45062,0.59644043
0.73669696,127.84606,0.52892333
0.57147306,158.51077,0.7818799
0.2394563,15.701856,0.88344395
0.32672212,225.1444,0.8288665
0.17006329,86.686806,0.55736995
0.046102256,54.465954,0.9153937
0.48294604,72.29547,0.7551488
0.9119983,168.17867,0.72482663
0.9501504,25.483725,0.7859195
0.27506065,64.67863,0.8378918
0.37064204,192.60716,0.8366877
0.76066494,217.79633,0.5406163
0.81837916,106.45651,0.85072505
0.4172715,66.30536,0.7287295
0.90654546,209.9354,0.765941
0.18293735,154.40112,0.90286267
0.56361294,33.36692,0.9810196
0.7785747,68.602196,0.6181771
0.7995444,206.8956,0.6890643
0.37175256,159.75392,0.8491112
0.53374547,132.78946,0.8975308
0.6611805,57.342186,0.6932657
0.9822718,52.276505,0.5796877
0.43133503,164.8383,0.80237675
0.053360254,157.68787,0.9062854
0.25078434,88.4831,0.64207304
0.63587904,174.91287,0.5629379
0.16188538,222.43701,0.6054023
0.8571571,203.45244,0.89736277
0.2988818,219.07884,0.8281969
0.037326396,258.0247,0.99224615
0.053227246,97.50856,0.9247876
0.43730307,119.95788,0.9792618
0.08592871,175.58316,0.7210256
0.7162416,119.71747,0.54587895
0.72671044,211.46649,0.8682045
0.747772,168.38051,0.88433933
-0.0037899017,215.31165,0.9160318
0.35474378,174.95615,0.5266177
0.6050444,234.03778,0.5378571
0.6277093,152.83182,0.64507574
0.25297827,101.788795,0.9399201
0.66795576,38.11274,0.9062153
0.794317,187.50803,0.56345624
0.11935678,88.08804,0.8349999
0.25689363,64.53425,0.74170315
0.5983279,120.86762,0.8035068
0.35849115,202.9952,0.9648624
0.34332588,204.44362,0.5569449
0.46482575,90.49216,0.9722289
0.5631242,151.11594,0.8714446
0.74137026,208.96228,0.6374682
0.3174929,224.96446,0.53822535
0.7085452,135.86334,0.6975866
0.46498233,220.70444,0.96121126
0.5408302,160.25478,0.5225885
0.6479486,36.303722,0.6826405
0.10136813,210.91866,0.6356063
8.493662e-05,53.14407,0.8490537
0.8323071,33.402996,0.49494413
0.37327683,151.96156,0.62545025
0.4385535,112.32092,0.6092762
0.8029928,137.09831,0.5126659
0.7871386,159.55705,0.8849039
0.8370338,54.679005,0.66096365
0.7095561,139.22327,0.9222003
0.6461238,88.61329,0.9942043
0.9840965,43.322872,0.53103364
0.4058991,221.63295,0.5256384
0.6520204,161.70236,0.8333172
0.8043176,196.30084,0.80408293
0.488294,33.137657,0.8114795
0.5622899,62.434765,0.57564986
0.32542288,184.90628,0.558863
0.4156419,201.81375,0.8980918
0.6378017,254.31218,0.8771874
0.6731268,226.27846,0.6308368
0.44830656,134.7989,0.76956624
0.59167945,172.5066,0.5158812
0.6496218,161.4808,0.881104
0.49355665,43.312496,0.68432415
0.8572994,106.45893,0.7157867
0.27847692,64.9813,0.97778237
0.53664035,53.15446,0.869795
0.26774883,118.93428,0.7392497
0.08598897,59.924675,0.5259929
0.15187657,192.63635,0.5318804
0.077833384,173.90321,0.73081267
0.2128396,47.846004,0.6435378
0.38665435,118.43034,0.7095023
0.7716733,39.675518,0.6010548
0.35199827,135.04453,0.5200494
0.3441355,212.57814,0.713974
0.5973066,171.51057,0.8849175
0.33392107,122.66973,0.741664
0.6853479,208.0462,0.57440346
0.6949749,132.08444,0.858536
0.48165542,188.76765,0.56246555
0.47287667,197.77089,0.90795743
0.7130914,201.7654,0.76339436
0.8953638,127.03632,0.85172594
0.44948292,49.00522,0.5955437
0.48037493,197.0262,0.6476065
0.6952036,149.99875,0.8909703
0.8068843,192.94112,0.5421764
0.5215839,184.25003,0.9449686
0.6057205,219.41763,0.6684351
0.31400764,107.045006,0.65594286
0.76489556,159.25974,0.89611065
0.6346005,220.8553,0.6099538
0.08107257,56.003147,0.6237051
0.13300982,218.50226,0.7032163
0.13738814,147.7083,0.90494454
0.9120148,209.27187,0.6239792
0.7797468,137.75449,0.6950642
0.6679404,34.303295,0.899258
0.5006065,208.35925,0.74064386
0.1354959,213.10439,0.8973788
0.72646224,153.2361,0.8211247
0.28186977,208.32661,0.781937
0.5636443,69.0471,0.7909105
0.06341082,112.33409,0.967008
0.92376536,106.57774,0.6058178
0.4601378,54.579227,0.90548396
0.757221,184.48245,0.7491419
0.78188527,164.51645,0.6654411
0.2183814,191.77716,0.94765353
0.3972975,138.43776,0.88389814
0.7195908,179.65988,0.70018184
0.24033025,175.76796,0.91039896
0.7336307,163.0029,0.7866542
0.759923,183.63217,0.90930057
0.12463111,157.7613,0.73284864
0.32347474,97.582825,0.85094976
0.4350013,193.7436,0.77443564
0.8967319,90.56468,0.95584637
0.07017681,208.14104,0.5956085
0.29594636,170.14662,0.91207767
0.078437895,43.877346,0.8839483
0.34803134,96.23424,0.5227605
0.54981935,165.15057,0.9429598
0.0417476,31.357584,0.6396521
0.5106417,184.2603,0.8500209
0.53228223,91.19637,0.5685565
0.7965455,157.72144,0.9376457
0.28244555,67.8316,0.58884555
0.4619669,161.93771,0.8370462
0.7397997,203.84074,0.6764347
0.9373748,68.89195,0.83675206
0.69341516,194.39679,0.6623746
0.5969376,218.97668,0.57499015
0.20204473,46.147236,0.6382524
0.5898106,140.79396,0.9299115
0.7390541,222.15807,0.54648197
0.72484,175.86021,0.54648226
0.3196378,232.36194,0.6334468
0.5764713,213.54767,0.6470743
0.38823575,134.85129,0.9227098
0.3366096,196.83386,0.9748926
0.6343841,43.819824,0.6510056
0.6863997,183.60109,0.9703307
0.18920344,225.69518,0.50825274
0.1491735,77.80191,0.8308308
0.5311394,186.49829,0.5184509
0.30613008,136.09952,0.85641193
0.55538905,186.74751,0.6611732
0.7883024,135.69524,0.51342964
0.39719564,197.57144,0.8919689
0.41180813,231.1287,0.53980756
0.52709186,212.34166,0.50644827
0.85552883,170.69307,0.8122353
0.6458092,104.09663,0.9028249
0.77989805,181.4519,0.7542021
0.82359684,38.542946,0.864254
0.24719486,194.75558,0.5277237
0.8623351,222.56396,0.69215524
0.09080684,33.985867,0.9230925
0.36442167,186.57855,0.97668993
0.7211247,178.52887,0.8749726
0.31231046,126.6843,0.8534019
0.70437145,223.4734,0.5174414
0.09029648,60.295235,0.51586413
0.50692356,197.482,0.9831953
0.42239374,55.067318,0.8231982
0.3215907,125.86209,0.90988994
0.78143114,206.28397,0.5427858
0.6295871,244.97044,0.9699546
0.6120663,105.16706,0.70112664
0.1330128,56.81071,0.83981854
0.41416985,229.93669,0.58780366
0.85296607,212.4664,0.5889728
0.11727351,92.314545,0.54549104
0.44435912,33.285336,0.52944237
0.34114277,123.12342,0.8078857
0.27184427,160.22653,0.8996458
0.47134724,54.36885,0.8862571
0.36001167,50.789097,0.8820026
0.57797396,225.60396,0.6044628
0.8186673,98.50668,0.68211687
0.42967057,197.73701,0.9043555
0.26596993,146.4175,0.8277503
0.46213236,86.88839,0.83814573
0.18445513,115.57491,0.8551923
0.107262164,59.658775,0.8702475
0.5173767,88.94892,0.80103767
0.5315987,207.97395,0.9635723
0.10896319,162.03207,0.9507611
0.07255095,210.54056,0.97482824
0.35706484,134.30084,0.7156717
0.82448006,151.5209,0.92808366
0.92820024,106.94567,0.6067051
0.8254056,49.375015,0.6160001
0.36397475,43.13479,0.9558356
0.13806847,105.40437,0.5137951
0.71990335,223.6344,0.6931354
0.443562,74.2835,0.959967
0.8031123,228.215,0.6220427
0.07832825,156.28441,0.6247226
0.43422213,46.840866,0.6947056
0.5545329,180.4251,0.78879523
0.7611022,151.46239,0.9832207
0.88496894,177.41278,0.9327749
0.68861073,211.72295,0.5894471
0.11898437,141.51074,0.6048733
-0.015383482,204.64911,0.7506738
0.87861925,212.6676,0.50842416
0.36697906,200.57765,0.63040173
0.77667797,166.79282,0.8258684
0.11457598,232.61465,0.6804842
0.5070661,209.58781,0.50077456
0.5218485,49.801247,0.8815783
0.53361696,188.63777,0.836521
0.4549081,100.44685,0.7030593
0.59531677,97.15909,0.6562618
0.83500725,186.99417,0.6909863
0.4646554,179.19743,0.97062427
0.54712325,95.937386,0.5333121
0.21089214,135.25839,0.79189837
0.41472864,85.47842,0.9053276
0.74288315,170.58536,0.81741667
0.9455279,189.75655,0.75008947
0.19367403,107.13387,0.5220589
0.5248645,34.65763,0.51718646
0.7866452,150.45398,0.86039305
0.54917717,42.15667,0.9803281
0.44409454,215.68842,0.83556294
0.6131362,153.8747,0.7538589
0.93992877,51.00373,0.6208679
0.6379941,83.54577,0.753562
0.63550496,242.7375,0.86834097
-0.0023181438,83.54345,0.7996882
0.78209364,88.32347,0.6328941
0.94800085,58.41768,0.6869877
0.41995516,195.26912,0.63211846
0.7993069,204.49228,0.5675517
0.2812507,157.12915,0.9274807
0.69915605,201.4336,0.75945544
0.4059312,191.66766,0.66006243
0.00039091706,168.7676,0.90487003
0.52661717,240.2042,0.9070711
0.5546642,103.289215,0.9701641
0.79407644,179.19409,0.8933771
0.35411298,77.36256,0.7062621
0.7182558,161.03737,0.8275872
0.49384227,184.6625,0.56421125
0.24236706,196.97997,0.9135046
0.7609267,85.04477,0.60526866
0.4066714,209.00008,0.5278518
0.69221485,212.94888,0.69255304
0.4247234,77.953674,0.9871888
0.50030273,212.69087,0.7518733
0.64235425,54.234695,0.9277197
0.21271607,199.92989,0.61523235
0.06445137,28.381868,0.6942077
0.5212029,96.06365,0.7823262
0.30315793,33.449337,0.57173055
0.5226293,33.971405,0.7973373
0.7396949,156.06364,0.76432186
0.81790566,223.75609,0.57245153
0.6670055,47.644623,0.9843258
0.9451792,149.56448,0.9654968
0.06321183,66.31085,0.81542444
0.1179339,104.551926,0.812359
0.81985307,61.48475,0.6777986
0.47725514,60.773777,0.83040935
0.54457796,131.72748,0.95131683
0.38743073,86.51431,0.8709135
0.04229057,81.03027,0.9512712
0.37608352,170.15015,0.74812084
0.057177454,48.85293,0.8551495
0.19189975,45.98626,0.74378276
0.19333962,206.71123,0.5691334
0.6675266,173.77783,0.8143246
0.22411153,143.67397,0.7383238
0.76465535,171.06975,0.78639495
0.46577573,140.63191,0.649254
0.7130418,125.41646,0.75557077
0.64949137,203.67656,0.8863711
0.43663725,150.04355,0.5809794
0.60098356,89.47519,0.9538087
0.798051,40.34838,0.81608975
0.8728049,75.766884,0.8930279
0.25713602,181.24149,0.9272294
0.62331855,98.87151,0.5104742
0.03936085,21.286139,0.6656884
0.23086423,47.62903,0.60547096
0.36311707,115.58543,0.84809446
0.21792072,154.49763,0.8198721
0.8601754,29.420706,0.7084078
0.3790216,46.84114,0.67460173
0.70824265,30.3719,0.9262031
0.35195947,132.77592,0.93746996
0.8904215,177.98528,0.92925024
0.43906698,216.64531,0.6398863
0.5540333,37.38654,0.89377457
0.8480215,144.47488,0.8573649
0.06766501,66.31624,0.74408716
0.10676795,57.48682,0.59453416
0.49857208,165.56497,0.7982138
0.82791644,70.85883,0.71479404
0.589004,47.552406,0.5327293
0.27236813,212.64532,0.68109095
0.5329892,109.106415,0.72452664
0.14469475,111.0903,0.5704932
0.290891,122.65266,0.8271675
0.8048014,173.8653,0.93981105
0.35718474,222.65575,0.8680696
0.5869332,213.45645,0.8211765
0.43519002,171.90437,0.5674087
0.14879167,35.71697,0.6706757
0.3998857,89.22649,0.5561847
0.4692126,221.38066,0.7220322
0.35400143,90.14098,0.7082268
0.5896817,222.83669,0.508613
0.5276487,89.804085,0.7328986
0.16121283,220.38795,0.63070077
0.8811594,63.92329,0.51971734
0.46710345,33.936134,0.80978465
0.76200336,86.16046,0.68011594
0.16937453,148.32416,0.9075092
0.19584161,33.856026,0.6300992
0.3974643,89.54993,0.5065524
0.1690659,25.971663,0.80193686
0.9129362,174.85591,0.5612227
0.5240875,61.50964,0.78768146
0.4665023,145.05132,0.78144825
0.54647094,118.473724,0.90272415
0.10530129,52.571224,0.7382027
0.60539514,178.78883,0.6078014
0.047158808,179.64774,0.8752128
0.64314723,186.39989,0.6150233
0.5142015,155.37164,0.94224745
0.8959464,88.882774,0.91047597
0.7446737,85.356575,0.7113396
0.90867996,163.38391,0.7284956
0.9139794,171.91391,0.89942586
0.60973597,202.98114,0.58982176
0.89443445,206.21513,0.9295722
0.59784925,39.993595,0.646425
0.68533814,215.22726,0.8763708
0.7015421,156.95421,0.7342547
0.7919196,219.12108,0.5129769
0.42338237,136.49184,0.83435243
0.58134013,179.07704,0.89780545
0.6206243,97.77907,0.9364342
0.04870248,84.88194,0.9273312
0.3175937,87.05903,0.53854907
0.43446475,56.1375,0.80645174
0.26434097,70.43712,0.71455973
0.6921839,168.18207,0.6836897
0.95597637,139.09703,0.9902531
0.39825356,157.63115,0.8378641
0.8675523,66.912766,0.6707854
0.2400716,83.45845,0.6249655
0.27744636,60.380928,0.7845878
0.3471876,41.531044,0.54169166
0.71101856,41.96434,0.85897374
0.6895182,25.841442,0.979308
0.6719185,153.33731,0.72086227
0.80834615,211.46794,0.8234963
0.8914602,194.5743,0.9122672
0.24718904,73.737175,0.5482159
0.2553237,54.66364,0.67443806
0.55818653,88.07426,0.8070893
0.65691894,182.3469,0.5299526
0.49546143,161.29163,0.9017577
0.083091766,94.50309,0.8227701
0.17346808,208.92259,0.8047091
0.7660301,152.3914,0.7325219
0.5791872,171.57634,0.5533131
0.53017086,234.48935,0.65615296
0.65882856,138.80933,0.97362894
0.47492418,156.5829,0.6081118
0.24883097,112.78629,0.8437097
0.7565589,104.8875,0.538879
0.78047186,218.88138,0.7718036
0.6243959,82.93961,0.99522
0.5312307,127.50339,0.9229382
0.6292252,196.59874,0.7808639
0.0992437,48.84474,0.60957545
0.15464458,24.874401,0.5270227
0.6579161,80.886894,0.5718336
0.52971214,160.3635,0.9458574
0.7988472,180.10211,0.8733556
0.87844974,113.33677,0.6894438
0.544267,62.14005,0.9289918
0.3455643,172.74257,0.68433094
0.72593755,36.140373,0.7974398
0.74600095,110.60826,0.55720186
0.50059986,165.26204,0.7798609
0.5635472,42.46886,0.93537986
0.20913228,197.82507,0.7646314
0.76090443,149.05067,0.86460674
0.43814284,153.58226,0.8269714
0.67928696,195.27103,0.813977
0.6561803,41.785408,0.58902407
0.37759596,100.74423,0.8688657
-0.00018185377,58.874844,0.722445
0.005017638,166.80704,0.66865754
0.55493104,220.95538,0.7788894
0.018189907,39.489384,0.73394763
0.83711493,132.68636,0.9335746
0.64066255,226.75421,0.57067335
0.7620069,210.96788,0.5454424
0.21710351,225.20596,0.890015
0.5675232,180.61871,0.8019805
0.83818376,135.33945,0.97754145
0.088094234,203.1526,0.91130215
0.27642798,53.448376,0.9432129
0.20546946,96.63791,0.661459
0.3425578,80.43493,0.5317871
0.38584596,181.38516,0.6201873
0.83342236,71.13029,0.7084736
0.47804216,175.91359,0.9716121
0.77800125,127.13735,0.9161726
0.46223626,112.35453,0.68612826
0.4214891,48.02756,0.7585615
0.19322416,107.12293,0.8187498
0.48044047,145.14066,0.8952584
0.46740037,49.578247,0.60574824
0.2149916,209.84227,0.9555192
0.53232217,202.28687,0.7151167
0.74508464,212.49911,0.62740225
0.0013088286,149.39897,0.9944018
0.54060006,112.294235,0.6477634
0.573289,157.69511,0.5342507
0.49561524,177.28906,0.61581814
0.43085977,87.1789,0.52240646
0.44976386,56.033386,0.9243126
0.4285661,160.40034,0.84341943
0.4292528,129.09338,0.98757863
0.18322435,84.72837,0.91872513
0.3305228,174.45164,0.6654005
0.24262771,202.9931,0.76348644
0.22005087,199.98708,0.71890855
0.32769442,206.47983,0.79598486
0.58495367,123.46464,0.826085
0.7929399,148.31435,0.92335695
0.57626885,130.17432,0.98765707
0.7814928,53.957294,0.79689556
0.09654787,55.463387,0.8161597
0.4665782,216.55983,0.80126333
0.5975338,196.98056,0.81198514
0.86692214,127.201584,0.8132146
0.84674644,65.86422,0.55321485
0.269575,146.71483,0.5211333
0.24466223,191.05966,0.86238754
0.12055737,133.11823,0.56514263
0.2948581,70.84649,0.92361295
0.27472943,87.84161,0.66506934
0.0459719,38.38381,0.8962285
0.27756763,186.63708,0.6166269
0.59388345,246.20392,0.8546193
0.50021666,85.502174,0.8042884
0.6160243,182.8656,0.51762354
0.33677107,170.59822,0.5711259
0.62506706,67.69507,0.9939453
0.84385073,196.78923,0.71871436
0.3678651,141.9741,0.9363512
0.7956375,125.067474,0.8152665
0.5389598,183.8264,0.82636446
0.01952219,54.048042,0.8463916
0.33797508,117.73733,0.6583294
0.12187374,33.283955,0.55701506
0.43872225,133.79402,0.83025086
0.56590295,216.92276,0.7875713
0.7927386,171.76578,0.5753143
0.59616375,128.32306,0.9159863
0.56360227,97.31205,0.5073093
0.25522882,92.67072,0.60256183
0.15325904,155.38399,0.50851697
0.75357664,62.6956,0.5633981
0.85390824,168.45386,0.9413482
0.41991976,161.43228,0.603317
0.86314875,153.98375,0.5766223
0.91187656,130.38737,0.79496706
0.022516876,87.35909,0.8045904
0.084836304,191.0556,0.84244895
0.35153395,210.07361,0.589266
0.7147298,164.74408,0.93594867
0.27015084,167.40771,0.7267399
0.3680657,198.01814,0.5519344
0.6465078,160.66318,0.9581683
0.57935476,215.46272,0.75348175
0.023817062,132.96263,0.9924084
0.70043015,178.20726,0.5071202
0.5750896,242.6194,0.79920846
0.52139515,230.06798,0.63933235
0.16572392,57.65546,0.72927177
0.16421741,144.58972,0.95709956
0.75218,248.22302,0.66902673
0.22034225,221.18465,0.7218015
0.3231412,111.21204,0.8374262
0.09529403,55.730705,0.9270247
0.16506642,56.22006,0.84558046
0.6154811,165.46043,0.81116855
0.47660294,227.35248,0.55281967
0.77742696,192.89967,0.825952
0.91988075,165.62758,0.93337643
0.60470086,241.69925,0.50378746
0.7004611,46.80613,0.6838189
0.47110403,101.61989,0.8251456
0.57382214,73.11985,0.7477281
0.7266167,184.26637,0.6753286
0.39275017,122.70956,0.69162726
0.50737935,80.460724,0.73793733
0.8802251,210.91026,0.64337456
0.7578918,48.96495,0.59071803
0.28713274,43.197025,0.87829995
0.54460835,203.0201,0.8263429
0.6654208,187.64159,0.56971174
0.5235,186.35855,0.5199471
0.82490253,62.489773,0.5260804
0.32830673,25.918602,0.76082504
0.48315546,61.02628,0.55020356
0.7489468,164.56792,0.98440427
0.22781354,80.45946,0.5269648
0.88304013,225.48979,0.71217823
0.8263747,69.163216,0.8840699
0.58338594,152.88269,0.76058686
0.8043785,225.84793,0.7240796
0.7115558,199.18251,0.87381804
0.7840179,202.9405,0.7696432
0.082695514,91.63352,0.8114323
0.34567636,43.59238,0.9433465
0.80331683,215.26389,0.5658176
0.350289,28.09946,0.7464464
0.11593604,48.41008,0.7072767
0.28379735,189.35007,0.87991816
0.019438684,172.42952,0.87517416
0.006633073,36.136433,0.88468236
0.43033957,103.090355,0.68096143
0.31573805,106.716934,0.69428134
0.41709208,44.052643,0.8934549
0.9190584,92.276726,0.69917077
0.5588334,213.32062,0.8053676
0.91236913,114.55822,0.8277713
0.42792618,71.027176,0.96210355
0.3020576,45.564342,0.79346
0.25497234,149.49425,0.7315607
0.3740785,127.65131,0.9853678
0.06713092,-777.6291,0.6772094
0.18896487,118.93842,0.9800791
0.13513908,104.96112,0.5620362
0.34123766,176.58148,0.81522596
0.20523378,35.342396,0.8849704
0.03982851,31.474113,0.8829586
0.21070623,168.88287,0.58717
0.14467335,153.59883,0.7390677
0.72559476,185.98436,0.506266
0.26283813,170.13512,0.5859231
0.15918311,120.389885,0.9580417
0.18196246,245.39337,0.9258528
0.74026924,111.592804,0.5733814
0.643893,106.87507,0.8931402
0.73858833,97.148155,0.7475034
0.2610364,126.56361,0.65561664
0.8317071,230.40616,0.59698844
-0.0043535233,241.11914,0.77034944
0.34993482,184.35057,0.9091928
0.6090145,30.668085,0.9244945
0.3968244,224.59041,0.77334356
0.04204178,27.199827,0.52662915
0.05627209,123.25204,0.52014285
0.24470249,204.53545,0.59858805
0.43896565,81.65347,0.8654256
0.098572016,110.75481,0.67789304
0.37509757,60.301453,0.842675
0.83416545,183.61403,0.5354173
0.72812325,185.16135,0.54837364
0.16045311,184.45644,0.8324406
0.8454646,223.72653,0.7187094
0.7759615,160.42744,0.9646774
0.36548132,43.999092,0.7335106
0.7904563,223.89021,0.61099666
0.5667368,41.243824,0.5756302
0.70228183,153.194,0.6618457
0.13708791,191.91458,0.80184674
0.48961574,147.56564,0.5084384
0.6947042,67.76856,0.98276246
0.61626124,142.21577,0.5577232
0.8620941,46.193188,0.7167944
0.74101585,118.3606,0.98387074
0.24217233,100.09806,0.76539814
0.8393995,113.66068,0.71888804
0.553813,103.764114,0.9723371
0.27379668,56.068916,0.95416254
0.14690763,215.95067,0.7380956
0.91314,249.90178,0.6863284
0.38312787,189.35855,0.5271052
0.59109026,181.9964,0.53007
0.6104289,51.68067,0.90604997
0.29282445,73.84747,0.6621438
0.34322956,58.643208,0.9315251
0.97125256,119.15597,0.83543235
0.19554833,212.98926,0.8388274
0.65342873,165.95998,0.7835477
0.29788768,52.986103,0.91357386
0.6527877,77.89418,0.9935703
0.8057803,80.87533,0.53204715
0.8410828,125.85755,0.68053675
0.024084508,50.798542,0.69598955
0.07019192,208.82921,0.9252136
0.23308763,67.3303,0.517258
0.24112931,35.740288,0.7195791
0.46123582,94.25153,0.6703938
0.2760777,194.15045,0.8908763
0.38473848,50.550594,0.664463
0.5606004,97.48293,0.8967116
0.09085408,104.83559,0.6491419
0.67949,164.85645,0.8789026
0.7513521,120.61879,0.7365234
0.58034194,53.780018,0.6247496
0.4948779,121.529915,0.9790852
0.0029153526,73.96392,0.94664365
0.5691964,69.88803,0.93582225
0.8993024,204.39343,0.87200993
0.7076175,201.6946,0.6541009
0.46135822,55.856274,0.68190664
0.8015992,73.296326,0.54908156
0.83313626,216.96194,0.6650622
0.119977504,153.57797,0.6985038
0.6742181,209.32956,0.7704978
0.24194592,205.01802,0.6752722
0.5893933,185.37457,0.93421626
0.785748,194.47108,0.81376183
0.70809853,91.31236,0.67164004
0.050108343,93.84399,0.63893896
0.025746912,200.98128,0.80675745
0.44270995,123.29325,0.9066923
0.71670574,158.66005,0.6380995
0.79994047,203.29588,0.5087868
0.31228194,151.17918,0.8837275
0.7160516,192.19365,0.5634591
0.38119286,193.79875,0.86954397
0.775951,204.19429,0.67163306
0.2757297,63.58745,0.69064844
0.63964295,90.16093,0.610464
0.1046274,15.358716,0.86908484
0.27654827,222.99776,0.97238344
0.58707666,127.86587,0.50841814
0.419721,184.70361,0.81677675
0.09545767,234.4926,0.80910534
0.6729389,65.22858,0.908062
0.70137066,201.75266,0.96193427
0.047279954,30.692032,0.59430254
0.74912953,200.20721,0.565748
0.7578089,170.64703,0.6928364
0.2719938,136.04019,0.6736895
0.4503346,158.22118,0.76220965
0.39229044,226.18561,0.6843068
0.8414452,89.24751,0.8190494
0.6499983,246.30603,0.56551236
0.113366604,77.85821,0.72924346
0.09518954,178.94325,0.74303913
0.5060794,90.24794,0.718886
0.6432514,40.5235,0.8205173
0.78929806,198.17285,0.6997516
0.37953115,35.831642,0.89679766
0.5476926,79.99172,0.9393938
0.23330581,46.935097,0.56661075
0.12448159,192.17233,0.54749125
0.75994104,149.90846,0.8748361
0.48905537,82.18954,0.9494308
0.7110286,221.70795,0.57770956
0.15226105,143.6072,0.7938383
0.2875816,59.015705,0.9829819
0.7886473,219.93932,0.51361185
0.74292,69.22905,0.9024977
0.5350769,147.8157,0.667248
0.5022585,56.321205,0.8200591
0.7589365,201.08594,0.8240197
0.72618,92.48491,0.98696446
0.49860975,44.343327,0.510758
0.7885566,239.8592,0.72418433
0.6763607,215.49518,0.87959003
0.24755466,234.2181,0.7393944
0.02439028,76.97084,0.78660375
0.55962145,176.83345,0.5792356
-0.0016453266,276.99713,0.9670262
0.58560836,186.33606,0.86618495
0.5757844,128.03543,0.5177536
0.25109845,88.51546,0.7998207
0.5052854,62.390076,0.7755147
0.40772143,50.37591,0.63677794
0.795321,164.02682,0.59504366
0.7830293,208.34953,0.8375332
0.31179398,73.29071,0.903553
0.6916308,43.43611,0.5209123
0.7316826,211.5754,0.8036612
0.15642527,55.46587,0.6451806
0.7200768,86.869865,0.7923859
0.67535394,109.19135,0.5337043
0.040441066,72.195625,0.92433405
0.40581477,80.22875,0.876832
0.2889859,117.276474,0.88204354
0.3717911,152.51042,0.8922478
0.3903026,202.92741,0.6155133
0.6413012,46.749424,0.7165946
0.5256879,158.3739,0.9645416
0.55319154,196.32777,0.6298833
0.47787607,212.116,0.60695595
0.57970595,140.39236,0.6264785
0.4152939,52.601257,0.89521134
0.2862357,188.12567,0.96997774
0.71934277,200.74388,0.85237867
0.7748698,158.02432,0.63268566
0.081386745,181.69208,0.82350403
0.3337723,210.93488,0.7921482
0.54418653,172.85805,0.5909262
0.38167524,98.664246,0.5277791
0.91759837,18.647816,0.55248857
0.5282189,100.783134,0.55361027
0.6013359,37.01833,0.83179855
0.57767296,191.72356,0.54820853
0.0027000904,197.26758,0.8433098
0.4996152,63.960667,0.89077955
0.39877185,121.47135,0.83967614
0.6389506,57.897015,0.9668658
0.00997743,39.68561,0.8805847
0.5218108,34.197933,0.60020995
0.1061787,71.220245,0.95384
0.6714419,214.43715,0.6141349
0.27785623,193.44905,0.95232356
0.2851638,64.17639,0.58021694
0.45373085,197.6511,0.5575224
0.2846782,128.71548,0.9817687
0.102992326,87.38229,0.66591156
0.03785029,166.84067,0.6584761
0.33152318,205.77118,0.5145614
0.026113987,147.98744,0.79312897
0.11022711,118.90153,0.65273774
0.35896897,49.075005,0.8226033
0.6095252,214.56857,0.7577047
0.8374641,88.1485,0.5689423
0.697469,208.47011,0.64007604
0.014042616,129.88725,0.84104073
0.2765177,152.6467,0.5304434
0.7644663,169.61871,0.779884
0.48283637,179.00584,0.9537053
0.65421796,240.12195,0.8603469
0.7913127,104.8287,0.5142152
0.7507965,171.2475,0.9346427
0.7286396,174.18181,0.88940346
0.5095569,80.315155,0.7206205
0.15844205,71.56094,0.8995879
0.2755515,194.08388,0.843403
0.18868974,41.860134,0.9058703
0.5584329,83.034225,0.92052436
0.4088725,114.70494,0.7893579
0.41955537,76.3217,0.8540844
0.4684783,164.54213,0.68753135
0.7726191,39.546955,0.6896049
0.41541386,181.44278,0.9115466
0.49489295,92.86475,0.6010073
0.18876696,142.71045,0.6113429
0.7985093,30.812408,0.65018684
0.65373456,181.46144,0.97899294
0.50410396,174.8237,0.7965815
0.28261042,131.69379,0.5608173
0.025137633,47.122135,0.8878503
0.36607808,167.43051,0.9242803
0.37758717,34.935734,0.9317265
0.30604443,110.58815,0.75805724
0.3418328,240.7375,0.87126267
0.78517735,184.87611,0.56551486
0.29530853,186.59529,0.7756423
0.55207366,154.05399,0.8828254
0.9545127,45.354443,0.59281397
0.4365392,175.93663,0.51154286
0.7493755,136.23508,0.6496794
0.76665676,35.863552,0.50428754
0.31323814,90.35721,0.88816833
0.30851465,82.54896,0.6924598
0.44566885,143.81343,0.70081633
0.009818375,222.67108,0.6102508
0.3941872,33.49568,0.829649
0.15970007,77.58806,0.5344695
0.35356432,101.27662,0.79821444
0.89678377,173.80737,0.7676725
0.5337483,47.438507,0.9161676
0.6147306,210.31128,0.61116743
0.7497358,59.659588,0.7974422
0.5568969,137.3524,0.82244575
0.59589756,44.576046,0.9089639
0.804454,190.82455,0.80998707
0.50224656,222.15596,0.50708336
0.36314034,165.08543,0.89539087
0.97161186,117.93361,0.89421284
0.40799847,86.37269,0.5924021
0.8372332,183.38092,0.574544
0.546393,58.803146,0.7271315
1.0535734,37.677315,0.5236991
0.16376549,60.508133,0.57515824
0.46813655,181.28847,0.501371
0.45597872,209.17484,0.5564226
0.7292878,210.64844,0.7025772
0.13516924,210.10619,0.5332039
0.65651345,159.06082,0.5289139
0.24029052,190.33525,0.6868489
0.97045517,22.692137,0.87388754
0.6747748,193.29146,0.8504685
0.5909963,216.37903,0.8233107
0.8537594,91.22941,0.5216527
0.39143503,178.07677,0.8008213
0.8728033,133.71443,0.8767482
0.14629027,74.808945,0.8529835
0.5567427,150.81221,0.9021239
0.08824384,226.09348,0.9113966
0.031639814,245.32039,0.7678152
0.8356417,199.53973,0.88692915
0.53406775,118.651184,0.5659862
0.6155967,68.98023,0.68981004
0.600398,31.221691,0.869601
0.64232355,191.1631,0.72940856
0.40369824,40.853455,0.63708234
0.9411089,41.762276,0.655075
0.58391356,106.546555,0.9368556
0.47309664,69.610794,0.94413364
0.5411038,186.88472,0.56309676
0.38547814,189.37923,0.751058
0.58596224,99.94582,0.5455513
0.6198695,125.02662,0.71435475
0.15904188,197.24864,0.8894048
0.30310583,102.85573,0.5728859
0.7805139,226.71748,0.51357234
0.8890766,110.94803,0.7118321
0.13019061,162.04727,0.7355753
0.5741758,202.79596,0.78912556
0.36507472,144.96388,0.6030555
0.6463182,98.769516,0.646283
0.16761154,74.2203,0.6069888
0.69699675,85.8633,0.9295809
0.47096777,86.56963,0.9011946
0.03721243,58.47696,0.70779586
0.4787316,74.41518,0.774022
0.8027099,106.500984,0.9861641
0.6152419,224.29585,0.62947184
0.37711653,144.20459,0.9354133
0.48637748,227.73431,0.7397548
0.8945377,61.66308,0.6658198
0.10087335,210.2308,0.6134598
0.74055547,169.97957,0.55327356
0.10621074,171.4225,0.73494506
0.6802247,166.00319,0.65129334
0.47912285,137.70486,0.79353344
0.20301664,106.022575,0.6068955
0.2247642,138.9471,0.73993236
0.62865454,224.66293,0.8698119
0.2589161,151.07193,0.76768553
0.69691557,165.73921,0.55301636
0.07186499,123.711464,0.58455294
0.4090045,171.54848,0.8515792
0.6850312,145.26378,0.5639071
0.85212094,31.382706,0.5608559
0.8478753,211.70854,0.7423812
0.3793521,158.22029,0.82293224
0.60404617,86.635735,0.6019769
0.27264094,181.7079,0.82705903
0.86669534,222.85023,0.87167037
0.7277367,64.32387,0.518404
0.71195596,182.03627,0.8648352
0.65879214,43.61331,0.5612106
0.39599222,51.954575,0.679837
0.8727539,187.8151,0.7545799
0.86834395,122.57607,0.9758164
0.62625873,160.13248,0.684567
0.54907125,184.81517,0.51667386
0.33483964,122.50953,0.6540892
0.3976982,197.5887,0.6919045
0.30019206,166.34567,0.5890379
0.15625256,221.17781,0.7448518
0.41288978,43.44029,0.62910926
0.924231,181.44482,0.60420424
0.81071174,223.01587,0.7973984
0.9082469,139.19847,0.95426536
0.09300414,218.24559,0.7420453
0.70465255,21.272242,0.90690476
0.72210926,209.77466,0.60530597
0.64270556,36.345413,0.8122109
0.3903165,115.352936,0.64190984
0.5665268,29.849007,0.97928786
0.9318315,74.79336,0.89545643
0.34963852,162.20737,0.91533524
0.22998956,216.05302,0.8697609
0.16065148,111.78984,0.5333861
0.21860242,194.5818,0.6857479
0.84428084,79.05279,0.646706
0.7901341,99.70052,0.5350892
0.44661105,210.55792,0.87005156
0.30891955,130.45343,0.770608
0.32788125,157.96405,0.7278003
0.65318805,62.091297,0.9363522
0.055363476,86.041435,0.51475775
0.862594,145.68153,0.9585563
0.9238672,153.68857,0.9613805
0.10970551,64.99421,0.6062918
0.714878,203.37595,0.94677234
0.5482366,85.94302,0.9847324
0.045238853,229.05478,0.7209707
0.42245972,67.040146,0.96896374
0.9047686,152.22078,0.58820516
0.8693462,172.24695,0.96683073
0.24352801,144.13795,0.6302132
0.37185937,173.18205,0.92311907
0.49084434,58.76196,0.8303476
0.5218391,91.04346,0.94786656
0.41747785,23.032137,0.77588004
0.33871853,93.86062,0.8523585
0.83004576,70.14998,0.5125939
0.4157972,195.05446,0.9505986
0.73193777,185.06982,0.8059655
0.20546946,96.63791,0.661459
0.43414325,42.48157,0.6963054
0.29267263,154.74374,0.71726084
0.5963232,80.60288,0.996017
0.74187887,144.11496,0.85794234
0.24955222,34.13764,0.56043327
0.06982833,61.86424,0.8127358
0.5760819,212.09761,0.55541176
0.4493679,185.83244,0.8147738
0.84003556,206.43735,0.9232136
0.7958511,228.55064,0.5792072
0.46438617,141.48967,0.72462773
0.7247312,25.724134,0.7972298
0.32925862,225.11052,0.54806614
0.72305155,214.17786,0.58917516
0.44876823,178.0569,0.73985064
0.20554692,98.75946,0.82962394
0.87004566,187.43954,0.8138498
0.6503884,193.58156,0.69952404
0.8638589,213.28833,0.93480897
0.5812976,152.76587,0.89921993
0.9727303,54.461845,0.7434855
0.3657885,66.96783,0.602354
0.43794996,154.77682,0.96789986
0.7615622,69.5462,0.84645164
0.32800543,47.186214,0.83384943
0.7895299,67.127846,0.9012632
0.607625,146.37271,0.6963589
0.9163704,56.339905,0.8339734
0.35898647,166.07147,0.77558595
0.6253953,194.85931,0.8013307
0.9327687,181.39183,0.96412385
0.40511104,151.12817,0.5504415
0.5232567,159.13695,0.9641415
0.45595583,128.72609,0.7429672
0.016366243,79.78019,0.7363618
0.24010736,244.57695,0.8504648
0.81420964,148.79088,0.9030739
0.5684299,217.95796,0.86029905
0.28107637,168.77242,0.80979425
0.3906429,37.01703,0.6722609
0.12639937,152.89334,0.6516714
0.29972938,204.82062,0.6816326
0.84711343,184.37312,0.706034
0.83415914,91.122734,0.5112931
0.09458879,208.43427,0.83214974
0.48633817,103.69736,0.7982444
0.79796314,154.48604,0.8553529
0.04419151,76.16375,0.93248457
0.5196614,198.4893,0.5288041
0.5937153,136.09395,0.8917818
0.7907382,207.92726,0.63753766
0.8818989,57.63486,0.71017766
0.55453354,56.511482,0.9607955
0.7092052,155.79797,0.96132517
0.4790974,40.432007,0.8927603
0.78397626,178.37114,0.7241535
0.64274335,102.90381,0.63365006
0.6655601,116.72287,0.79345304
0.013197482,228.51366,0.50668275
0.6533447,40.675808,0.86053675
0.17262483,93.789986,0.53726906
0.8679931,189.4707,0.7566563
0.600984,177.85403,0.65881354
0.2683463,177.17326,0.8053936
0.32977408,137.16061,0.51485443
0.6703135,231.80486,0.8581496
0.69710994,118.837326,0.8850194
0.4914681,197.60988,0.5180725
0.2636999,65.63763,0.9193312
0.082078815,205.78827,0.8592197
0.620314,73.59907,0.71449363
0.6618835,110.266785,0.66672283
0.6095421,50.19339,0.8911637
0.3262473,97.818535,0.6897484
0.17229098,228.50777,0.5188193
0.2086249,137.40782,0.81639844
0.45463935,80.50412,0.9542285
0.6987311,217.77492,0.54300857
0.86031854,118.20604,0.9966645
0.55343956,188.03342,0.6342017
0.8922024,208.41063,0.9062183
0.011144012,36.66946,0.9504459
0.22454298,41.937054,0.87638825
0.72252727,183.7372,0.71105325
0.29636872,121.94492,0.9738886
0.69469887,196.38123,0.73446774
0.71873033,77.741936,0.73596936
0.878899,90.43876,0.6262866
0.5486172,153.96484,0.8156712
0.18922517,154.35037,0.52437377
0.71289927,163.4409,0.97363836
0.27081758,218.60526,0.7549387
0.7119458,221.76859,0.532105
0.60063624,63.821743,0.9563975
0.067655,59.74771,0.65311515
0.303563,141.58176,0.5695092
0.4272645,158.94148,0.8869209
0.68545306,191.68593,0.56321484
0.41321567,131.15764,0.5984845
0.3985967,220.1534,0.8852122
0.30272514,157.72435,0.9774544
0.41850135,46.352066,0.6899718
0.1957474,246.54425,0.76223636
0.45317212,201.41771,0.97676635
0.58053374,207.14186,0.6254312
0.48220178,95.034744,0.56916595
0.2674116,161.30046,0.86193407
0.08802265,209.7009,0.6522484
0.40133923,114.389534,0.82979155
0.35329443,160.14828,0.8964802
0.8700805,222.81009,0.52411187
0.54027927,69.36394,0.72569513
0.3765838,225.08955,0.5674651
0.48734838,189.80586,0.78198326
0.45435476,112.03628,0.6331848
0.7773304,189.42186,0.55004823
0.58622587,73.987564,0.50357085
0.26877964,192.72298,0.65538406
0.731542,31.649172,0.9649911
0.54093,138.00566,0.86698735
0.86177146,116.23241,0.59390134
0.39674425,196.57426,0.5655694
0.029907703,180.94211,0.76934135
0.59313166,234.76688,0.77409256
0.53092325,35.370796,0.5264171
0.88490677,33.664017,0.5330478
0.2574725,33.529274,0.5449617
0.14084288,102.26976,0.8241292
0.8676448,42.820824,0.71227443
0.7408702,191.28346,0.64620215
0.43300533,145.88506,0.88446546
0.3625602,162.18565,0.8252052
0.5025297,85.25364,0.90625715
0.07143992,28.22882,0.8853987
0.06617266,92.20889,0.6782699
0.110543996,172.94266,0.6730801
0.5030482,180.8247,0.8215362
0.004659891,63.301926,0.5989645
0.13141832,191.93394,0.85136956
0.8467473,230.4043,0.57865465
0.57535285,212.65042,0.5170632
0.7562858,205.85701,0.80701816
0.64714164,128.8686,0.96664214
0.40128326,108.03044,0.5248781
0.6923195,44.412292,0.66644675
0.6711385,184.65839,0.76319987
0.8470502,179.64532,0.96768904
0.73397154,209.84093,0.8553208
0.86040354,139.21246,0.8058778
0.12720531,162.7231,0.6690519
0.3914024,145.27592,0.56361866
0.5403129,166.27042,0.6841504
0.48568708,166.42964,0.82579124
0.5851591,46.981052,0.68632513
0.2849151,127.34881,0.7893524
0.0012558401,47.88709,0.6931057
0.7933021,218.06909,0.83293545
0.5731482,99.236465,0.6188885
0.6408442,101.165855,0.5598372
0.52401817,210.35703,0.8868143
0.26753154,236.93413,0.6682043
0.84776604,134.61034,0.84765387
0.86390626,67.114204,0.68906367
0.67413497,165.15776,0.56123126
0.26260826,262.92355,0.87002766
0.7854443,104.19746,0.6287097
0.27253076,56.72576,0.60770065
0.2084159,89.27447,0.87274015
0.2496176,190.75826,0.7015993
0.064009875,51.92408,0.9405098
0.24887547,140.9102,0.84376943
0.88061273,154.88866,0.86019003
0.887285,125.418686,0.8431189
0.80431324,194.07619,0.7920408
0.78420556,220.40791,0.8271085
0.13868403,133.21014,0.61809623
0.0076386034,104.53756,0.9752569
0.26344767,74.808235,0.5198334
0.78851813,78.716484,0.67187506
0.260763,103.52945,0.96340626
0.29150373,24.109936,0.7803345
0.63473475,51.01261,0.7223679
0.7955853,105.1816,0.95628214
0.41225076,108.45639,0.98324305
0.63214767,215.66307,0.81911194
0.06971076,204.84995,0.79453623
0.07621789,227.78886,0.87416923
0.07151222,201.45995,0.65139633
0.28064895,209.22047,0.9703385
0.36787045,208.36652,0.5676942
0.2376293,130.1291,0.688434
0.875396,182.65587,0.94765615
0.57095563,137.96677,0.9123181
0.47979993,164.71625,0.6278304
0.7323952,220.60081,0.6701222
0.80340767,199.11815,0.67237234
0.7546185,66.872604,0.8926157
0.1649012,199.8462,0.8294025
0.62602097,79.24264,0.9273473
0.03612417,149.37813,0.605212
0.6865492,185.79912,0.87481064
0.5580429,199.77013,0.52105474
0.7477821,120.601585,0.59424525
0.20113215,194.33208,0.9696913
0.16440743,158.57451,0.9006306
0.5271458,178.08237,0.6121605
0.3869224,155.67215,0.5737124
0.17819655,96.08282,0.54866016
0.32829458,204.6002,0.72706103
0.8031913,19.679157,0.8045777
0.011494547,105.70671,0.707461
0.5540857,152.05908,0.7945372
0.8400777,195.98581,0.5864564
0.12875175,135.2926,0.8833023
0.91030085,181.31912,0.90227187
0.7381029,54.641693,0.95542437
0.71688074,211.25233,0.6661248
0.83350766,195.17029,0.6591587
0.38249856,127.4638,0.5300832
0.17570025,88.848434,0.654772
0.34549922,75.16154,0.8087126
0.29199386,206.51082,0.803318
0.7706802,149.62215,0.8767443
0.39425805,98.40662,0.81517196
0.7986158,163.53928,0.87249196
0.4792276,182.37416,0.7092017
-0.008862674,207.49713,0.7884039
0.69699675,85.8633,0.9295809
0.105442554,137.93462,0.60502094
0.47268024,213.5898,0.66493374
0.6203249,242.42621,0.58125854
0.3963225,37.593105,0.55730265
0.03915131,51.773895,0.9319944
0.48586392,208.59546,0.9053407
0.68217874,108.47463,0.5098312
0.76036525,210.79065,0.54482037
0.935121,169.3918,0.95277894
0.36944294,170.38148,0.82675475
0.3055356,158.71489,0.9613452
0.36497745,221.26624,0.79575586
0.5174263,104.32615,0.68210113
0.06641829,58.531372,0.96628875
0.46744728,69.42679,0.94175994
0.7091479,259.23773,0.9818443
0.86460817,125.81315,0.97077715
0.46491465,170.35898,0.9746429
0.6829567,218.31296,0.528501
0.4073089,143.25783,0.9842452
0.49021503,56.2342,0.79166615
0.11380702,54.147705,0.75646925
0.18878362,99.2479,0.5488508
0.41722405,151.89882,0.7189404
0.39835882,199.10164,0.93451166
0.34354344,64.486916,0.86110514
0.8680286,126.50687,0.95710063
0.4331865,73.917694,0.8651862
0.84766054,173.90662,0.88606274
0.065160364,214.23398,0.7325788
0.5099473,85.69625,0.9953799
0.12504214,163.66945,0.5165918
0.60145015,131.75807,0.94038796
0.2327159,153.68903,0.8498174
0.403124,77.48381,0.9396122
0.5920204,104.33795,0.7519146
0.6106532,185.72084,0.8502841
0.002808869,70.55649,0.8375232
0.37886596,123.93979,0.97363067
0.32884085,143.06647,0.5682285
0.682709,220.3636,0.9281604
0.8497132,43.93398,0.7958336
0.8663875,199.61858,0.88935447
0.5613537,114.170074,0.98229665
0.7206188,229.22177,0.8573617
0.44926396,63.135815,0.84881955
0.12917787,126.23345,0.54666567
0.522453,162.79153,0.805699
0.15432149,37.19676,0.82655674
0.9179022,27.023193,0.8640712
0.21041784,194.46295,0.7337707
0.58297825,130.61798,0.98323727
0.92742604,180.84456,0.9254691
0.9980645,8.496716,0.86496663
0.8565347,197.51196,0.93632627
0.38316244,97.665955,0.7698792
0.861584,193.62122,0.9021586
0.20994669,166.15065,0.79665136
0.16836241,50.192753,0.52515626
0.49170265,181.19022,0.7484752
0.68378377,206.49477,0.6807621
0.8673767,203.51233,0.7029739
0.72243464,125.229416,0.5846244
0.41757014,40.458054,0.73802316
0.005025834,115.22308,0.6543131
0.04834631,91.85558,0.901004
0.030126244,63.926384,0.84040475
0.2864297,62.702454,0.5374369
0.4707288,99.04654,0.55898726
0.8904557,140.95314,0.9898186
0.56327295,53.437187,0.9714675
0.2749824,173.24881,0.5597056
0.1661233,39.01061,0.96968865
0.54277515,200.63539,0.9832268
0.8820905,152.36261,0.7964005
0.26614743,93.64008,0.62372994
0.065888375,157.77559,0.7558442
0.7241292,142.45903,0.8931492
0.6331641,152.60081,0.52296156
0.66793096,172.90036,0.94183886
0.48972705,152.25652,0.68499595
0.8040813,120.139496,0.9113307
0.48442394,85.71164,0.7266724
0.49456173,78.21739,0.59137887
0.30565214,43.894783,0.50844747
0.42808083,80.4683,0.7374628
0.15727746,167.46031,0.8951168
0.4126261,48.133278,0.5574264
0.76701546,123.75818,0.80435485
0.55892026,46.2026,0.5970963
0.6098783,128.85052,0.6955073
0.48683327,220.43446,0.79763925
0.50519794,91.42432,0.9843694
0.2636999,65.63763,0.9193312
0.30907696,137.89012,0.82667077
0.5283068,99.608116,0.6960275
0.48619515,190.01666,0.9491581
0.77635044,121.82428,0.6871177
0.6106509,222.44861,0.5914599
0.7480826,164.77571,0.6993165
0.22642222,55.463924,0.9524412
0.68238896,134.80508,0.51922476
0.21735469,194.81439,0.5691465
0.7529298,28.882488,0.5483983
0.14093193,113.61832,0.644235
0.30066335,32.36355,0.5864424
0.23206654,176.36082,0.7347722
0.7120216,89.3477,0.5663573
0.8363923,92.51449,0.8063123
0.06554356,115.765,0.94856393
0.39629084,108.04115,0.7889429
0.7064618,186.95206,0.6386565
0.42274648,69.12863,0.5230253
0.5348438,200.22902,0.57333934
0.2501737,162.47792,0.50975734
0.701277,35.08621,0.7796734
0.3787021,98.4139,0.79292643
0.2631139,169.92007,0.5282959
0.8993778,16.661425,0.8306166
0.51088285,99.2721,0.9130206
0.29463407,65.79903,0.9351376
0.61780053,78.44094,0.7721422
0.262165,225.84537,0.7902789
-0.0032830834,216.66913,0.9098201
0.42467743,110.094475,0.7153708
0.7539705,208.95418,0.8785144
0.60819817,219.61064,0.72370845
0.87463415,196.85126,0.6055771
0.40159503,29.575438,0.5544267
0.644456,60.552624,0.9406278
0.45256335,83.00453,0.5819061
0.33981317,145.40326,0.74614614
0.099713564,179.64594,0.868632
0.9259641,115.073784,0.8312371
0.11668998,183.75453,0.5308544
0.43008894,178.45445,0.57609934
0.7191788,199.87976,0.51504487
0.763944,220.56476,0.6133402
0.72571194,164.69945,0.6808633
0.007110268,204.89636,0.5308432
0.70597124,57.112225,0.8773093
0.61958313,217.889,0.59546006
0.36521333,34.211964,0.8572564
0.5113159,106.65777,0.54150105
0.9530449,91.69132,0.7639929
0.23247474,262.21515,0.9923321
0.37586826,202.70712,0.50635
0.46560526,50.25566,0.74586785
0.7008276,176.62679,0.6768435
0.0003362298,60.71804,0.5070699
0.37986803,181.15556,0.7704455
0.7025349,40.999744,0.59737456
0.19031847,248.73903,0.984111
0.7707148,203.36339,0.93041956
0.78741026,216.87254,0.66287255
0.5278314,209.16434,0.52447194
0.5119431,202.81573,0.5851812
0.8398182,33.839764,0.6654555
0.64037406,43.46517,0.9386795
0.92547137,190.15392,0.76632726
0.19755471,229.80879,0.6933828
0.14834061,156.50432,0.8122077
0.05175817,136.79868,0.8655433
0.69798124,40.374157,0.9942453
0.80615115,155.9672,0.7941302
0.25726223,90.74411,0.57665926
0.30017573,85.4894,0.6408347
0.5368123,214.67014,0.5670807
0.7843512,190.47044,0.66222274
0.116550595,124.58269,0.91495234
0.028615564,95.55525,0.5411288
0.0028324127,67.06284,0.8609138
0.34615457,205.58562,0.916513
0.29501283,210.28905,0.56709355
0.45532188,73.9284,0.5806477
0.7107475,122.12828,0.8427317
0.02656576,182.53198,0.63909966
0.70979923,195.96844,0.64682794
0.16179398,46.38503,0.62956655
0.4005552,210.9466,0.807091
0.76749885,103.56946,0.9944179
0.61949927,42.379044,0.8761839
0.8363158,154.10855,0.6729843
0.6256755,113.22722,0.8315443
0.89030874,130.63464,0.80948174
0.043411583,52.52843,0.8456173
0.101922154,231.3293,0.9618244
0.8138765,206.70467,0.65027
0.45123473,50.220627,0.7762883
0.17562494,185.7996,0.5589171
0.68398273,198.65608,0.5771163
0.44171077,143.19347,0.6066057
0.75357956,47.404533,0.77322453
0.735643,187.54837,0.7557981
0.3465583,217.39684,0.9326563
0.2882947,189.73718,0.85858315
0.43638355,172.93199,0.7808077
0.48890793,41.164253,0.53065866
0.2840358,57.51019,0.77508867
0.61959857,203.24664,0.576259
0.5166263,69.54994,0.96181506
0.29429626,224.05779,0.7493031
0.5855767,95.39484,0.7212764
0.8820355,185.91055,0.94120145
0.10447243,70.31381,0.52958083
0.9019227,175.95766,0.793864
0.5519739,137.01392,0.9801196
0.7051788,213.50244,0.8807113
0.50064725,48.861195,0.7292533
0.99617743,63.487553,0.83464164
0.574595,233.33861,0.55268764
0.46253696,31.778267,0.5756154
0.0058674514,80.551025,0.9053012
0.41549924,171.11343,0.9818537
0.50462687,137.26917,0.8697525
0.24440283,189.42729,0.6530671
0.76346767,49.055805,0.5870624
0.82930595,56.691387,0.70478827
0.7099308,155.1896,0.8086451
0.55525804,116.3662,0.58648056
0.3089687,119.035034,0.88036954
0.36105004,202.73915,0.7958604
0.3964209,115.69106,0.75758004
0.5481231,46.441345,0.7083592
0.050108343,93.84399,0.63893896
0.23071888,216.03638,0.62616384
0.7071182,198.0256,0.7211207
0.49514863,211.04692,0.70974755
0.65497434,111.59164,0.5700906
0.6640465,165.92812,0.725042
0.4668219,109.40908,0.586599
1.0143268,38.311497,0.604218
0.22757232,164.94765,0.56012297
0.6706967,148.58717,0.8925066
0.8346083,130.11406,0.9264896
0.19892403,100.22374,0.6727524
0.87686753,175.94315,0.942279
0.5301616,120.190125,0.85205567
0.7746211,173.70494,0.7321119
0.78918755,107.84416,0.916638
0.38855207,168.96965,0.6670641
0.68778795,63.70576,0.96005833
0.10502848,48.641376,0.53310007
-0.006792605,140.87195,0.738735
0.86202073,180.64453,0.7172107
0.43727592,56.6299,0.9379946
0.72202337,151.22359,0.5140603
0.61341035,204.02046,0.80051684
0.267336,161.74681,0.58685255
0.17009783,35.960506,0.7386543
0.1924603,147.09593,0.69839144
0.51871073,85.118324,0.6409404
0.6525815,235.71013,0.652293
-0.012484491,74.019424,0.86867535
0.2941468,59.30396,0.7195411
0.66116005,31.071724,0.95719504
0.31825346,244.07217,0.50936276
0.85120225,182.37376,0.63745904
0.20087343,153.83862,0.57532203
0.1912821,72.31125,0.51203406
0.18315071,159.20424,0.5108149
0.48554394,79.89189,0.85702395
0.6511426,193.8373,0.62691784
0.01074627,151.94066,0.91941977
0.3697548,152.2917,0.8764529
0.12125236,209.57246,0.9321679
0.5021888,150.10992,0.89835846
0.00983721,222.92114,0.9142106
0.03687924,28.267136,0.9795641
0.7487841,204.35143,0.9736905
0.82822096,194.39574,0.78854144
0.7380117,184.06694,0.5372785
0.7877376,116.22031,0.67319953
0.42072737,113.115265,0.6814562
0.3334965,208.99594,0.8127731
0.25609356,134.09167,0.60297054
0.9051733,171.84106,0.6295688
0.9306442,25.602713,0.7964605
0.914103,184.13846,0.83501065
0.3339477,54.799465,0.6648977
0.2357327,145.88809,0.5204915
0.71270615,42.71845,0.8970054
0.03581187,37.096146,0.98124903
0.9198576,141.81091,0.9894115
0.26248574,144.31567,0.7863766
0.082698256,177.49835,0.61620945
0.32116908,110.30203,0.86179405
0.16209498,215.8519,0.6566234
0.78496814,163.44034,0.5085691
0.5881815,225.48894,0.7876636
0.647846,207.47507,0.69578743
0.865883,168.65456,0.6161253
0.106844574,186.65266,0.79291666
0.8313999,142.78824,0.9106015
0.55924326,40.80572,0.8525437
0.009682357,181.51001,0.7415398
0.8872225,168.55577,0.53968215
0.9190167,113.978386,0.92446285
0.7693767,52.55462,0.7590624
0.80364317,50.950832,0.70594865
0.5412409,163.61925,0.6842494
0.03604117,147.76183,0.83454573
0.6165179,237.51111,0.8327471
0.11230853,106.14758,0.80705386
0.9029838,152.44804,0.5383331
0.14909375,237.6735,0.90615565
0.39855036,140.58127,0.9875239
0.18011838,32.178802,0.56589085
0.4054669,148.93394,0.97449636
0.5340726,84.643265,0.6078761
0.18923175,220.80289,0.8500742
0.8937882,216.77135,0.7583269
0.23305407,39.84763,0.9834602
0.8168951,140.72682,0.56876284
0.45560315,31.500978,0.8377153
0.016310334,73.292366,0.8696232
0.52891314,41.820885,0.78324187
0.40505615,100.569496,0.6770098
0.637552,33.271606,0.97912973
0.24777558,95.91838,0.8214125
0.26446766,221.92026,0.7183074
0.01647836,158.65195,0.95413584
0.5554416,167.16676,0.5014288
0.48988637,204.77472,0.56328446
0.32431728,212.27356,0.51246923
0.4913536,197.30106,0.7793951
0.27678365,198.24522,0.9496751
0.35750914,77.56649,0.6997034
0.24373376,48.28295,0.5812591
-0.011592805,76.96532,0.52580786
0.39861888,152.68365,0.55177045
0.2687841,216.83154,0.53580004
0.46380404,49.149006,0.62454736
0.84528273,187.675,0.50244296
0.5008537,31.90806,0.6346799
0.59371716,145.96758,0.77654135
0.73161596,219.83311,0.8073172
0.5792402,119.12035,0.8317882
0.56142324,180.40315,0.88208646
0.2610125,209.4011,0.70462114
0.6819653,150.51334,0.7454306
0.601384,219.54674,0.7876463
0.7429364,133.32697,0.7147679
0.11651516,26.544754,0.9726914
0.25003746,25.89606,0.57725835
0.2769555,54.80256,0.8961679
0.4237323,31.19211,0.82561326
0.68814623,170.9683,0.70870674
0.6211097,214.35005,0.91158664
0.49514824,67.196625,0.52265203
0.46800002,49.989525,0.6917482
0.13162076,112.62659,0.56374043
0.32928973,186.54446,0.8227981
0.6210243,170.74976,0.5968319
0.65976036,197.98856,0.78968024
0.13718662,169.78633,0.66010547
0.17298442,184.1537,0.5616729
0.817626,18.447718,0.8346865
0.23967648,200.09344,0.93527865
0.44767675,52.56869,0.81697893
0.9362941,156.67764,0.6751143
0.11444983,225.6243,0.60516435
0.37833592,37.24095,0.83232415
0.65806687,114.55394,0.7266133
0.45623395,43.576206,0.71165097
0.58075225,192.5481,0.94184744
0.1662308,35.976875,0.9484331
0.56605464,76.63599,0.5144901
0.28112304,188.74397,0.89604723
0.7536693,203.36015,0.94146836
0.037718862,222.48183,0.9016441
0.7503743,168.09018,0.77810705
0.35205758,42.630756,0.7268466
0.68127924,66.98753,0.7558706
0.26739326,63.118515,0.8672392
0.652483,169.02718,0.8584514
0.28315634,119.22445,0.853682
0.38878724,216.17592,0.64670366
0.91825217,205.1129,0.8031657
0.33519983,107.0869,0.5718038
0.87609696,66.87655,0.5331292
0.68552035,84.00088,0.9353378
0.454534,135.5242,0.98012936
0.27251267,190.06506,0.92040706
0.8863801,187.7696,0.90832996
0.10295525,51.181965,0.7656957
0.026491255,27.863382,0.8772119
0.62176764,196.71342,0.5780686
0.5198957,71.37731,0.9684043
0.49910057,107.91642,0.88795775
0.6048827,53.788216,0.8148598
0.35414118,128.67067,0.64111876
0.89389634,112.17753,0.9906465
0.52192634,82.81828,0.58522093
0.22873038,183.40976,0.8823142
0.55632955,111.16907,0.7826301
0.23633301,104.745544,0.9569205
0.2725988,99.99161,0.79731727
0.31116438,192.40979,0.70595783
0.6968999,176.33653,0.60815704
0.04094833,177.43414,0.5213724
1.0555084,42.646206,0.5436232
0.039469182,40.112007,0.6828782
0.25674218,185.81172,0.82665765
0.4717753,158.59705,0.5171842
0.4707895,134.02654,0.9645654
0.48349833,161.5141,0.6173561
0.028315425,28.504677,0.6596605
0.65721077,97.57578,0.9859557
0.5397432,124.27468,0.78463334
0.93134075,213.56516,0.9308615
0.030935675,29.029438,0.9314786
0.25383615,159.77328,0.77082074
0.5995649,223.11671,0.642569
0.37571758,206.34872,0.54347146
0.39156616,95.48996,0.9006909
0.6538508,39.07098,0.89430857
0.32497764,119.60611,0.6270823
0.5271335,106.273026,0.6275395
0.51307714,127.23203,0.8767492
0.45378304,125.57102,0.58263683
0.29431784,160.20963,0.89376295
0.41560888,142.9348,0.9263879
0.17288622,126.920296,0.77946657
0.060801625,35.79704,0.80887103
0.68151885,37.732197,0.91726345
0.810686,214.81361,0.79755545
0.7695644,190.3197,0.59468895
0.107338965,30.487917,0.8682003
0.57412654,56.65983,0.56618017
0.51319385,201.96747,0.5274066
0.6211889,204.48956,0.55859286
0.67693365,199.45404,0.7981497
0.29795763,154.6099,0.60422987
0.32494906,46.257805,0.60052174
0.47241393,134.1096,0.73106194
0.07499859,49.32704,0.9651184
0.8727499,86.382996,0.6997498
0.8743076,107.97507,0.78009903
0.5940418,137.54878,0.8841487
0.75672174,136.76904,0.8794947
0.63064384,177.30138,0.76220345
0.30749112,226.9732,0.5867625
0.3540095,102.9699,0.834933
0.8524052,135.29172,0.9834366
0.32090652,204.31873,0.98568714
0.23348051,54.512886,0.96862316
0.8617746,231.10411,0.805851
0.46155152,191.80626,0.77503586
0.14499035,60.015247,0.7216161
0.64920115,172.38821,0.51784325
0.31798688,89.71915,0.52743053
0.38816124,185.65648,0.84916663
0.36474538,189.11047,0.6721207
0.7702125,189.21054,0.62768215
0.774758,201.18282,0.755589
0.77115655,208.45853,0.6661869
0.8577892,157.1782,0.99600446
0.7587224,178.01913,0.72469616
0.73260224,57.48759,0.64195126
0.9384067,199.60463,0.6251049
0.304824,47.920116,0.50446224
0.670558,194.76602,0.8183621
0.6176242,177.82788,0.59371424
0.49402276,87.72378,0.5872234
0.7139045,174.5958,0.8403845
0.54481685,73.42314,0.74803513
0.81482136,218.02486,0.7749407
0.12199491,231.6012,0.62035656
0.59356767,222.1153,0.8004469
0.8578547,97.20892,0.5508563
0.37734804,131.79033,0.85003364
0.007551551,87.911964,0.76211697
0.052811652,203.23668,0.5444984
0.45133963,184.42102,0.70463437
0.67556316,103.8376,0.9965665
0.64325005,190.35245,0.79260886
0.5292602,82.44401,0.8524245
0.45457193,182.09604,0.56154174
0.45519108,121.10686,0.89319474
0.6966507,217.97256,0.55689985
0.22758457,79.70476,0.79430395
0.110994816,63.232967,0.92241156
0.53654575,154.7605,0.89210975
0.526142,173.59738,0.7206619
0.5026774,172.37206,0.89780456
0.42675522,58.34022,0.79978436
0.14439112,113.80545,0.8331945
0.8716444,169.51266,0.9453701
0.75990295,180.01027,0.6593971
0.7854422,176.87561,0.72866714
0.035063148,52.35003,0.5551294
0.24208903,171.45522,0.51323956
0.25938642,206.25952,0.55524975
