0.5433982169618511
0.9044405092340546
0.8181807799256694
0.8155572976041737
0.7816650897827491
0.8257953486631596
0.8565722455669151
0.5151613280636061
0.8752937972909961
0.7004523247742667
0.6294624178439506
0.909116066365697
0.5703285472994862
0.5059034237159772
0.6919165556540079
0.8305822009302746
0.7507787206430226
0.7680391880722315
0.6716897409699184
0.8729669068535008
0.5281607457035199
0.6450402331302134
0.8737681669241701
0.5067439159596191
0.8044209723607104
0.9373166483936123
0.7824717336530921
0.7016197084432414
0.9764405269998215
0.9218857591676098
0.6635434699276658
0.5261537732949022
0.8350649116517249
0.7453378416773779
0.7384257936174089
0.6905786453191616
0.6954625590789565
0.6397134404995743
0.5980670062171719
0.7212457410777602
0.9628238069876627
0.9115232979698679
0.8961452021310142
0.6965037166332861
0.8476595320751441
0.6552229929884044
0.9820396078301661
0.9228948287499068
0.6825589921214212
0.8536274785223725
0.8763689675437426
0.5262232436901602
0.9209485806261737
0.9437828298886247
0.892491965088911
0.9185916142539863
0.929922277663217
0.8886040242047003
0.5525154855611653
0.6205840966464335
0.6020255092302865
0.7042649451715302
0.9760209097703876
0.8533153815898775
0.6929563600814989
0.685574009346015
0.9356892504606866
0.9016175741146581
0.846055398282207
0.7898152871985133
0.5659847520557091
0.5739944023504157
0.9352190411567638
0.6951515454386732
0.9120684519372515
0.5559452000521049
0.664594016130836
0.8529133369083147
0.7894380924456973
0.5958066656432917
0.6681388441390469
0.575206266321656
0.6093986595084437
0.9362901507852694
0.9445165506638561
0.7236747336510223
0.6379805817945193
0.6597278429061545
0.5501978369146117
0.8766794176584662
0.6027718327494622
0.5552165722484433
0.7005073550771599
0.5703308738217563
0.5976727478805338
0.8231388492438785
0.5534396294275801
0.8430993602621847
0.6236919487232023
0.8936968969607754
0.7989583009204283
0.5267066249316296
0.6831435646821804
0.9486432040869509
0.6881542910753818
0.6270013589011262
0.6415667184916287
0.9715401172921697
0.6893888286003483
0.817787282838058
0.595655720654094
0.803806914771916
0.6818644031165972
0.7495998231288395
0.8522192146474946
0.6726286882683802
0.9793198364351307
0.596414581047731
0.5297168873038743
0.9157015040696604
0.526040099024437
0.7755866441790168
0.7635514456417181
0.5394860160419201
0.9790490706377788
0.5296180194669153
0.9427709642531198
0.5748445722663164
0.6036348575728282
0.845598310940466
0.8477977196465157
0.5506487860162275
0.8057466969718099
0.5653823550956137
0.7363863560894113
0.9489301493512291
0.7818690968876717
0.5269114907464424
0.9981827092603451
0.7866949773613483
0.6752463517550429
0.6602497955507144
0.8837893898201697
0.5745432002446955
0.5049643118878375
0.7997750440000658
0.783476586382475
0.7205746342855719
0.8054017767423183
0.9287511009528924
0.8363462738224866
0.5890333452371382
0.7212023945228688
0.9172471900493542
0.5416612390139911
0.636113824769972
0.5536028200863206
0.8628396065463324
0.9875841393590298
0.883820662929007
0.7320331304104629
0.6125526606760523
0.9178531987172253
0.9036844312494416
0.9761843955523893
0.514152642773525
0.7494927895018872
0.8910738475905904
0.8288878548700239
0.7791278592031756
0.901938580425513
0.5394617053878226
0.6505101004001052
0.7144758506927189
0.5882486408370939
0.9921611551529858
0.844569436257161
0.7622959092777578
0.643841097859416
0.7110799911769651
0.5349464131052822
0.7338017837546242
0.7162432950367787
0.9546989711339611
0.8700477824072922
0.5331247469094831
0.5477837353967165
0.5516470295555694
0.9743373620869894
0.51078184396247
0.7058441005848882
0.5187229919322254
0.7140851939495352
0.6039298000265808
0.7176740897443583
0.8149143267416703
0.8706905027995104
0.7572778601913928
0.5572125121563863
0.835353715777505
0.95101069929226
0.9679728496747975
0.5589668856364428
0.9804193713152832
0.8418074332671183
0.9418362991820504
0.604198893172531
0.62593645975451
0.8363804755838039
0.8668789428639528
0.7627963000087427
0.9919509191249382
0.7925031075183065
0.8429710475163732
0.6405591002345515
0.9467130664557827
0.9010671207467312
0.8073559825030114
0.5139500877908759
0.7931075608765588
0.7739800172867095
0.8216306843151272
0.5485159010853207
0.863793551955233
0.7497340263547577
0.9620233827322079
0.8948972195814829
0.797622496902062
0.8168024943402995
0.9437348205672115
0.8727393699772986
0.9541793649276354
0.8483250886395344
0.7418089445800155
0.759368316568891
0.6359195913435559
0.9847118492081127
0.6040938927373686
0.9730632472675653
0.594601624959744
0.7490849242567796
0.8435980153626584
0.9506329243803292
0.8319880363210215
0.7607401553987331
0.9314228984582925
0.834063936619335
0.8684942249737145
0.9192450647495315
0.6085170655903155
0.888496184242077
0.763744502836589
0.808403337973006
0.9457031356296569
0.5238896931544524
0.88102649431335
0.952173920048589
0.6260761314583259
0.7021528120374911
0.7977181337539565
0.7570812893346275
0.8646084979989314
0.8386650898063819
0.5977212420788189
0.542942993650507
0.6419875712299171
0.8035156340331279
0.8178114270298188
0.864595008801962
0.788066096657957
0.7628609916809888
0.8369387160894107
0.890893306772183
0.5740438121267118
0.8782669035031512
0.7675731650783502
0.5440179655177502
0.506946651705419
0.900198170823475
0.9031784278861552
0.9499229317628286
0.8565431488255532
0.5623414378819227
0.85907421451376
0.6643442464604019
0.5390787078627928
0.5502535082072141
0.539895384581991
0.6294742712572267
0.9236549417151801
0.55490514885368
0.6473918613852288
0.7115718712561132
0.5701077722850536
0.8383716185731783
0.9874735499805956
0.8698992611000734
0.9033916981125236
0.50610937684758
0.5300628872635951
0.9072605718603033
0.5876884614054286
0.985137268749279
0.5095123189627518
0.7305383036266656
0.5140783699730616
0.666097158014652
0.5679139333863088
0.530059685633499
0.5792283777414087
0.734846956043799
0.5447551432815021
0.5102273909973681
0.7555433338815
0.9172552421181044
0.71684110621546
0.9478554016212157
0.7782331518310701
0.7056419647439858
0.8053805496475819
0.6903329294022998
0.85726387754535
0.8630572190608429
0.7287058751197889
0.518749456807795
0.81466971614051
0.7679600902292405
0.8407237951307334
0.7085019382348575
0.5761492727179957
0.5134043949139444
0.5697050758161645
0.6184235145956545
0.8161427276737032
0.9914134923763752
0.8456743169757832
0.5157881225906803
0.5863463900368134
0.6252549279761789
0.8248280710209481
0.977698349524968
0.9049484594720996
0.746073736189401
0.9115989372993086
0.9005093995001328
0.5290547251070269
0.8425109252347466
0.812780985701102
0.5143664817910993
0.5388253972297561
0.7032108734164878
0.5793017956577208
0.5409583403398412
0.7761997474410699
0.6572579564418052
0.9226729583501808
0.6241162082174895
0.9342950890282891
0.615204460838229
0.8210717889247304
0.6491002841016733
0.7804053301873115
0.811904723604499
0.8795265524394172
0.5230368984466197
0.8257365741786826
0.7639177804541408
0.9789003086398264
0.5585530076966425
0.5060819782063187
0.5149524440135176
0.5489302988067608
0.518877648591977
0.7038622636603467
0.6459246121978294
0.5337717078746361
0.9122613490120774
0.76984122932091
0.7733590906600456
0.9383074490440321
0.6944845646973002
0.5780445310417865
0.7174983432523317
0.8192668962482952
0.6171522004851859
0.9795193427278076
0.9553320510687748
0.9492085560680175
0.8814425090220142
0.7472137566845545
0.7029979021190531
0.6224667014485593
0.9806441790814531
0.7877131172464928
0.6177106236681507
0.7323535513145225
0.8010986679115987
0.7205227896137716
0.768979778679352
0.9213327856859055
0.5062190669540713
0.5459125711776797
0.6971507816896135
0.6310480781130162
0.6687652439923831
0.6820658069336237
0.8371311853627028
0.8337416911572338
0.7816561744329628
0.6954478645935834
0.7907374346895593
0.8047799554234703
0.991229963109356
0.8760901233833522
0.6415033054671996
0.8382926706409894
0.9392123106648576
0.703999017974861
0.8638321703031249
0.7066715031149469
0.9247464650596148
0.813871924690196
0.6518705381539228
0.7947706015178339
0.9896420857714071
0.7568561973042486
0.6037113170434276
0.8238933283851527
0.8530837736419172
0.7048695491144759
0.5095096074385543
0.7448495653514933
0.9491131887074651
0.7307506410558365
0.9069285437910225
0.593336378718656
0.8757332301102632
0.8469432910029907
0.7140621623047996
0.6263224368225765
0.6202334831346309
0.9692646177340817
0.9895912064641211
0.5692974106036919
0.5257168735631803
0.6011824726671947
0.5398351856609415
0.8463993136679446
0.8565800623050311
0.5327670740389829
0.7022276729485308
0.7052973574486344
0.6793452399281202
0.8995707579134327
0.9206080802052622
0.797813141465664
0.7532936458327611
0.822137196279858
0.5753409502542269
0.9515408319868398
0.7269922307202582
0.8939160545496471
0.5956559558882926
0.544323709149185
0.5873998527295022
0.7561077967007431
0.5186986312518664
0.7040151859326023
0.9620470813280665
0.8167323125483544
0.5374947979867003
0.8742352885669988
0.7717359718384426
0.5400839206739388
0.7516657139472803
0.6510263110019598
0.7555377282041612
0.7730662579654034
0.5835002008437254
0.6257004712780039
0.9004965765291038
0.8912815790480396
0.6882668405789032
0.78728637475053
0.6933026669215159
0.572710808968322
0.7177991902057423
0.5743336138655348
0.6556258132197903
0.5485155006088379
0.8332605096317471
0.7021866529825633
0.8106630034167388
0.9609317248669749
0.9004405722728644
0.5499050512448439
0.9088343430373731
0.6534290753481766
0.5559693167287887
0.6580392518739266
0.520225441696755
0.7807187126750785
0.7362306040127038
0.8174115230847804
0.6572435565209094
0.9724265010817407
0.9689254422121331
0.8031911177563575
0.8704602741485777
0.9201206309005963
0.8725299573399922
0.7724109824649956
0.9700818510582289
0.8538604149190447
0.6101271456916207
0.6590664448142345
0.6636681963387501
0.8119625684000528
0.6750860387062968
0.5454240797394234
0.5740372493601398
0.5091782478629271
0.7633048600916874
0.7281069784091535
0.8572777950344397
0.8132665456225142
0.9782411460171451
0.837196227363654
0.9255225596911694
0.9662217270238967
0.7477702446143532
0.8643087067297802
0.7710083458237768
0.8677110408261534
0.8862338928807072
0.6597278429061545
0.7348127507629381
0.9673205454364563
0.7323551450739346
0.725608148714624
0.6274670305940049
0.7441240364012098
0.844684647777401
0.7450911918637603
0.7564557666730002
0.7267739965423123
0.8573590433149906
0.6543847322431532
0.8766663415756425
0.7376848957322875
0.7182880260643065
0.6142609390594462
0.8539722402883746
0.9635755383706939
0.5483113381618229
0.6853391215830363
0.6854554504437105
0.5894415770908346
0.9666156383504774
0.8998913063338206
0.7269281677992456
0.5627101977603368
0.5753509678518085
0.7829734250306033
0.7638283745943948
0.6344068208710417
0.5905574918984743
0.7550083210697375
0.5343253311081086
0.9908360568392334
0.978023801147582
0.6948266100841893
0.5945103904347472
0.8654390809677326
0.9332619253891389
0.9289049519893775
0.7838355465086713
0.7905919353042512
0.6821421098205158
0.7492376738266735
0.955283270392587
0.7653858446286395
0.5130638889415329
0.5394727924990156
0.6574857842462638
0.7945279003260504
0.8437904407928115
0.5766513502674154
0.9933806477194383
0.9037310764882568
0.9932534422980288
0.9932008577582532
0.7599202077890044
0.7851175175577257
0.836679275946166
0.8275408684358192
0.6102322047174535
0.5130345424116025
0.8846662136881583
0.9073232606127959
0.8150317247105877
0.9582564585731936
0.5863532720288338
0.9807275680729642
0.8854172941914553
0.5119579579193323
0.758159113667723
0.7687980101478904
0.5634023672645653
0.6478713587513515
0.8256250147431646
0.5885281388225425
0.9539956226482649
0.9823674134255059
0.7701279285922917
0.7339880882107682
0.8234241296646979
0.9835554215978946
0.5691042804087785
0.5211619276755863
0.9597733432182886
0.6026544440258395
0.584438189432114
0.8876643747408862
0.7808556258178714
0.5543816736949262
0.6351325016255673
0.6022539722703849
0.6250290993420065
0.6648901352532118
0.5903218157922119
0.6481528324935231
0.852021182816095
0.8059522656949692
0.8608278296771273
0.6192151106049749
0.6274305845871386
0.7668686702104625
0.5242059994621968
0.906442531714404
0.7099401916642871
0.9453310018194955
0.5346953669955311
0.8668437318011479
0.5956922855451735
0.7438975062359552
0.6840980300955453
0.5805942411464708
0.7767999867437735
0.8856930618097039
0.6231372850482868
0.7434396033536698
0.7017565819638608
0.6217087972533811
0.5804272421211017
0.6700636578216055
0.6407432030157436
0.8503695947812195
0.627527343816386
0.9801552566519389
0.9157813537372919
0.66543697215694
0.6109001583283186
0.785387071336498
0.8880759590551057
0.7756493774382277
0.8161449079518576
0.618237200265667
0.7992488700540139
0.6464504325223601
0.8016496606042871
0.6059079067296097
0.9287255238795669
0.5412059074213199
0.7348526749141998
0.7772214319593788
0.9786040382180388
0.993084821541282
0.5346791167782713
0.661307043103185
0.8320358081164229
0.8885915140460345
0.7969492033663607
0.7110674897935549
0.8026993453514822
0.5470690160335702
0.7338305944320725
0.5361925672034001
0.6711088637420694
0.9037513988254632
0.9266360156222435
0.7333043528640707
0.7676495173281138
0.9562690274467414
0.7489739656669097
0.8360072458454735
0.927698940135385
0.9510255915212533
0.5605072203135749
0.7102259788190559
0.9361725684899306
0.6257665690831523
0.6323796100060162
0.5333730090992244
0.5354883803257028
0.7346711706592066
0.6456646814439934
0.6957208197534717
0.7554321601435398
0.8211462502707709
0.6443313072491516
0.6191699279314425
0.6223468251236153
0.5777749907044839
0.8906686567072282
0.8047295107383012
0.8875203076137376
0.7901875038508553
0.991265213148185
0.9695962452369823
0.8059358492444985
0.6329173672077462
0.589231989933102
0.5515671911709741
0.6307033982493452
0.6663276455464007
0.9303607988946756
0.8464017077374096
0.5038428549477991
0.8285883652232794
0.7810903419641827
0.5755259566638075
0.9516246136199836
0.8196272590712119
0.8426391538518228
0.732181821146705
0.7873407693873476
0.6649227452221829
0.8136500941915161
0.5390263722458062
0.6494614221797053
0.6781289225706537
0.9024698314219348
0.6580177333480192
0.937960954568207
0.8886438134199645
0.569568489115238
0.6420942698055709
0.9735440347110471
0.8562927352641962
0.9910712885839148
0.7066437464172146
0.9403409945603318
0.7965164922503104
0.7350470209777529
0.5482596825131024
0.6669070460191081
0.6373894704314154
0.9605245893799494
0.7428751842689876
0.8472192070658364
0.6121317060780486
0.8495039334132805
0.9351442498343436
0.579968705166123
0.919771375882651
0.9778499590049736
0.6134485383663941
0.9607739106793838
0.9726927561005209
0.5490442565050669
0.5183773165626283
0.899421870750767
0.8045511637142523
0.8668987169902823
0.7905934866431497
0.756517716432545
0.7808648343092425
0.5821679203743051
0.7714049723734111
0.6756322684803036
0.9767723899496447
0.5922077224132918
0.887567976478387
0.6484172695072724
0.6276613746064841
0.5652673631360524
0.5584991821640873
0.7837010241533326
0.788510090828979
0.5012189426739836
0.7681454617732931
0.7350842362470714
0.7313521989780308
0.5069770680435142
0.5899027984917715
0.7777417421772219
0.5660756741181449
0.7658773618482662
0.9064214511400992
0.5550209069342326
0.9592058721785931
0.7867092576851538
0.6555989587847447
0.7651216888540916
0.9730146329635417
0.8622512780159264
0.5385440189678582
0.562318644513525
0.7165948783586878
0.8715027172972568
0.6033677750533969
0.8329902264379673
0.986160857110554
0.9939481277761624
0.5784464125550584
0.8857518680570177
0.906464201274703
0.6843848591026904
0.7515218602099827
0.77725695252758
0.5163809431762925
0.8169231404362434
0.924267790963424
0.7786583551811415
0.9649982583747576
0.5364626442831978
0.9059432678700797
0.9344515669766338
0.6272244645794337
0.8960574297168522
0.6481918893127978
0.8349929841966026
0.8086934745782776
0.5517018306579446
0.7266109971084228
0.5563047691663698
0.6527765361901219
0.9441865003377117
0.7439418195018235
0.8266654794400049
0.8190888151458897
0.9217540420702103
0.8801759375116976
0.5909829584025638
0.5302311617892117
0.7844686190717598
0.8813191881980688
0.8330312712689546
0.5634521524342034
0.9161276369603901
0.7673057465462714
0.7245398665809125
0.8056883714903236
0.8360176076179044
0.840771264685846
0.5476858337266637
0.8456751833283191
0.7340950742154219
0.7660855358795732
0.9003234378526508
0.9804711046800401
0.6168579239912284
0.6895702706680785
0.8500483700678986
0.8987963960561761
0.6998600676323263
0.5822936409290069
0.8022939823048305
0.9033154693899234
0.6437525009719867
0.5596715458852359
0.600358872629768
0.8997063272087035
0.8249192105397137
0.9881396736472766
0.924260507115937
0.9852116019247736
0.7168331849914693
0.54814707474854
0.8643357452308187
0.8865894505698856
0.9162955233173677
0.5224118356627547
0.5355807991655557
0.6486138176700058
0.9397908135389405
0.8941520410184575
0.5635696975248711
0.8407642224641076
0.7456002966931278
0.7995324194932618
0.967607195042411
0.5572367568429615
0.9739416733464206
0.8658853623947758
0.6342706109244829
0.5376902980000251
0.6948943242787874
0.9610953942990639
0.5205886612330528
0.6927632359558971
0.6298389933857992
0.8473099376733843
0.5253860406648744
0.6229071213940202
0.6122660900831818
0.5225389369363758
0.8871905892473225
0.6700888728008689
0.9183255021425412
0.9943130835635839
0.5337395960895982
0.5260794148103305
0.8348150063682498
0.8004985586217506
0.8143297077425643
0.5819341880325817
0.5562026748329327
0.8988779116929669
0.8760492245867146
0.6350199405208482
0.7673259639310723
0.5140609227791676
0.881770809767986
0.6575692782230965
0.7162352530695447
0.9802434408771179
0.8694049885749506
0.7417470343835486
0.5233911487577814
0.5320932252244408
0.7285236474458889
0.6439491134575936
0.715087797504783
0.6080691018433412
0.5211627679445298
0.7099335292107096
0.882720267674867
0.7437134580554733
0.5764209254580649
0.8573734155570165
0.5652814539849275
0.9046474426113346
0.7605991872869086
0.8564917574759612
0.5939592153024086
0.645048227809553
0.8938339983500523
0.5412141338037295
0.9438391950990624
0.6662407887702009
0.6595313994331884
0.8957698973791923
0.6091849235577889
0.6201563270150191
0.7000544726335799
0.9042496773433595
0.621654646597457
0.6952262755725644
0.8992809254350579
0.7370556064221242
0.893496390941342
0.8198913692433084
0.7775580608905167
0.7841025068466727
0.9616649163481822
0.6131396061351521
0.9103195982370591
0.7472602224316504
0.664107483747854
0.9526674707482179
0.889020554460688
0.6993820791956858
0.9135239581817479
0.7903439494925147
0.9066672990666982
0.7305029962290168
0.8522838753848736
0.7737832672381385
0.9570851425908515
0.5924461938503875
0.9080444396502276
0.8771520900930616
0.5227403721158225
0.937477109013121
0.636904732948801
0.8498180020699364
0.5690446727700019
0.9384773997714339
0.5906486892694814
0.8356489635990421
0.6733516722168142
0.8442412294221356
0.660157871282892
0.578151649957168
0.6316117578807038
0.9377381984332714
0.5517032034990074
0.5468038664107063
0.631674544231612
0.6436893998382971
0.919297177597153
0.9787173250996151
0.6569771146938675
0.9698180939296779
0.5062024261633324
0.8268354867293186
0.518958493179513
0.8585250652005159
0.6626614926445247
0.5189202244135854
0.8876453596666802
0.5407096337251653
0.508958181074052
0.801656974452905
0.9007106914786831
0.7528033445114842
0.8750013088835776
0.529027749449664
0.6962774452398409
0.9179720863907929
0.9752185727094068
0.877552759158304
0.8534294900840753
0.5231089500952623
0.5229715028247902
0.9850713605572947
0.8095684352573294
0.9093287179732781
0.5474429752586245
0.9673295140166789
0.7108761944286227
0.8453989205140722
0.587008343022591
0.5923970007139387
0.5503752992413012
0.5164822554627444
0.8043307232429633
0.8953296901375108
0.8814087644382457
0.8793642855914273
0.6054441854294944
0.6951009087308139
0.9049020593813514
0.828735399640647
0.8438200733141471
0.8521872615571016
0.8684448213289913
0.8076097671893719
0.9636029163368797
0.9485295794033325
0.9653528097012876
0.7197629064957021
0.9307544825215712
0.6072481827768159
0.6211705478171116
0.9495598748166509
0.5125422640008797
0.690258590250219
0.9627946843348163
0.6252502508223801
0.625403414013892
0.680124198413956
0.7902426744459476
0.9847136605595725
0.9337082457220369
0.5922012019771362
0.6051725615832685
0.7460171678694174
0.5110249290977202
0.6338267798654315
0.8253678609212565
0.6773974481105499
0.5029181202036763
0.8790032822592481
0.8388675549848154
0.7061917315651941
0.6602818002953856
0.6932037625185927
0.971746078650669
0.5345749520975274
0.7942615840939385
0.9085610486792465
0.8113429848619237
0.7468293505572966
0.5221861738286654
0.5158191755625864
0.8624580448632446
0.983931737128093
0.8332533681914517
0.754648579052159
0.6335231444041293
0.7637839806430199
0.8674564565055898
0.7989261393241162
0.6388613040517838
0.6963377753159954
0.6302283189172421
0.5657634758641484
0.9264539515314277
0.7648557168108313
0.6598998653743742
0.8966857580688004
0.9062293860867462
0.9758387648454809
0.8905025080642254
0.7012103351963294
0.834698204072967
0.5611063589289054
0.910738108521794
0.6084072310990392
0.5266562547083271
0.6951224593998888
0.9886935486245867
0.7516937428963784
0.9321118644412979
0.6078871628014381
0.7012507995394779
0.7767772484792665
0.5684923349319372
0.7992382312905226
0.7667575417974654
0.5635028333008907
0.9832242210825404
0.9656695309181974
0.818353215626601
0.8135076078645517
0.6756524164640185
0.8316869044323271
0.9506558949265882
0.8587542932175718
0.9498475736112457
0.748802154858939
0.8476994559000303
0.7462769985265412
0.5637032812058224
0.8150079125939134
0.7397538907985978
0.7879057031995407
0.6450461316011439
0.753642550425677
0.8835878611899827
0.5741704948437467
0.951612193523465
0.8188899609081173
0.8994543349607316
0.9298201288056811
0.512793524267698
0.6627624393230463
0.6017853939777645
0.8532721116098283
0.820055233710817
0.7386706044159642
0.6667581200463867
0.9149964681649563
0.9336112132345105
0.9287454358965366
0.6406687331525504
0.9012490743382886
0.8516095092214914
0.7431701684085171
0.589731933822713
0.8007160377051158
0.7277049045140473
0.5291184765103372
0.6814892088713717
0.7281793706406441
0.5734180665888157
0.8299830534145023
0.9339187356117656
0.8676880147551599
0.8228189246072848
0.5626538649136912
0.6662848151968861
0.5523060398635284
0.7128271406206929
0.7058925306192175
0.5108651934231311
0.7369211018266127
0.6299535777760321
0.5196047378209436
0.8165705572744083
0.676816945063234
0.903256658257791
0.6333113858818212
0.510602751134597
0.8104303019157582
0.554197526737383
0.7946213069073071
0.7748306928299223
0.8937807602163165
0.7382266681696114
0.6024494644112152
0.8769365701433633
0.616891046098478
0.9378350476954158
0.9154397845245064
0.7170843111407531
0.7258961637265484
0.899872339387319
0.5830129783650828
0.9240959488798602
0.6268811495300066
0.876989925619042
0.7369925724949136
0.5121193655899676
0.8315353399990738
0.8975785378235155
0.9311078419959503
0.9200380087743478
0.5346317740664616
0.8201324436933616
0.7117118569191255
0.6905503022245967
0.9897041717435601
0.8293480471923272
0.6856641985229452
0.6312382927273292
0.7776821810148267
0.5360466270067021
0.8580003333781125
0.9785211109129064
0.7170336065692379
0.8283362366813376
0.9094902681301322
0.5475273862945756
0.6655655481218541
0.7884146118024083
0.5335230148552255
0.9021297435122279
0.8235382001195516
0.8061969667967909
0.7294477682093006
0.5454668462580394
0.6578600316834241
0.9716249274157276
0.6090642770839102
0.8447869168568761
0.5387582030128957
0.7719034594321786
0.9916989558163659
0.9205305435969113
0.7837178876215577
0.6043599256472928
0.5248244129146146
0.5676672557561127
0.9437086542970277
0.8767563598383078
0.6987734950043646
0.9328379704550249
0.6838311425566137
0.8084874035091333
0.5580734101088373
0.7840978461007707
0.9373223394867409
0.7616595714814974
0.8628427322814302
0.8204381328975048
0.8119509197087246
0.5948013677927456
0.8627020333795609
0.7208960141017813
0.6634188205524894
0.7762983488082367
0.7386897097328481
0.934907330681814
0.5802624334379797
0.5450148719235821
0.8857662617302523
0.8028557187868848
0.978225888009023
0.9155467132371913
0.9472301663396537
0.6622845572082494
0.526516681421029
0.6222398125228181
0.7139840347172994
0.9671088355371313
0.91646714095765
0.6882671425178737
0.7646129362820563
0.8158502766511712
0.8927306896369746
0.5974608669396445
0.9527392566533593
0.7081945932612224
0.627146089942187
0.9886325061845039
0.6494583808390841
0.5340136821309052
0.6140500766578024
0.5203063190115728
0.9284411466525649
0.8502834180174446
0.9909415966150228
0.9199126366795265
0.6602788614384307
0.7538372040601155
0.7217947938525535
0.7871034958820062
0.8258899142369336
0.9183199115633448
0.9856045709056501
0.8040649056257924
0.8065972051068714
0.7999113513402961
0.8086613086932369
0.8091140141037056
0.5542022417425236
0.520929211373713
0.8572524544854394
0.565771833409909
0.9225806336260026
0.6623189127411309
0.8999989487700841
0.618865480704345
0.8535072050484833
0.8147816600051462
0.5150442941782116
0.5689647857092163
0.9920487211036016
0.7161815127563421
0.9326658346797204
0.8129395478616821
0.8270813554081003
0.8401943626856921
0.6654220714655665
0.5626908860096663
0.8275026644061686
0.7823794237326983
0.57488615119143
0.9124999166426401
0.5166995447969193
0.5984282023073195
0.5072494993855801
0.5607315361348504
0.9427852674639531
0.6033900933022466
0.5762313352977377
0.7927411134032889
0.8026947518889691
0.8422475814968621
0.5856961985974096
0.9352562248287336
0.730525587618711
0.5495516409794341
0.9562738884065646
0.7467687902852086
0.9891075290777857
0.5053142098994499
0.7969516431041664
0.6370637402557756
0.7292297602795923
0.9550946136163043
0.6748729462014055
0.7215431356425684
0.8420310628346243
0.9255567946142985
0.844314347906956
0.8153102247734377
0.5510782779271463
0.8243890637024628
0.9306116214632377
0.5032857131802057
0.6853191257664588
0.8187679812261953
0.7485557973919293
0.6790827695396306
0.6820264012497806
0.7299077668924582
0.6438013724956069
0.59138756012391
0.8817434958953027
0.8241915456015619
0.5675902398132224
0.5196459433362366
0.5344053285075863
0.751594038087483
0.5612277322301542
0.984457971922142
0.5237637515145821
0.71075156521959
0.8905059547839989
0.7622353565857103
0.7307806126255808
0.874689854916131
0.7727699679044444
0.8134889219906857
0.9345165936011743
0.5640210395758423
0.7638629881749707
0.7046556037542866
0.8782307191404977
0.8733536768455633
0.8850777324740267
0.6822801615777377
0.6932396344629681
0.8961327600562188
0.7040116185287794
0.7986744676030696
0.8272550978516338
0.9661587245103248
0.8028216449846511
0.7338317403660128
0.9823441595596127
0.6735407367372797
0.9827311375996394
0.558692675944449
0.8100762810724633
0.8884284210154284
0.8701113399861932
0.5856046634285343
0.7353634989512636
0.505637419780081
0.5827723016301112
0.9554102254002215
0.9232085365022654
0.5762433113218869
0.8935383659037944
0.7568354021510845
0.6523141894501822
0.5951495666623692
0.7686171447446636
0.908835297645141
0.9232661256965675
0.7735584418370938
0.5238360773281845
0.5214667858159946
0.5972098409688462
0.8649797960355303
0.6780081095083038
0.8509399094178944
0.5372784331023214
0.5471746846005705
0.8323950041999462
0.7205478437780093
0.9689302508660351
0.7177090241887538
0.6108001939437867
0.5906219014083207
0.6594734477505092
0.7931404102527566
0.5050234957656283
0.9831497030733455
0.5591232896986388
0.7165170311519855
0.9860951119009508
0.7683626844744473
0.7129988813951649
0.9747798185650653
0.9499290560533613
0.736958647518381
0.6901399820578016
0.5333730090992244
0.5299183237685624
0.9145057805952286
0.6551778913533639
0.931952362293263
0.8463138951396045
0.8441661114915173
0.7785299288740704
0.9112868668156124
0.9916758149249929
0.527611194459795
0.6852792309889967
0.6958049475893326
0.9312725166796
0.5120140977242509
0.7145896445226331
0.6758202974729104
0.8920734203787396
0.6539862205893947
0.9010782301349222
0.650976632378609
0.876562825997758
0.7457891208928598
0.6260361921400868
0.9777153729359477
0.9476932562167439
0.9421128248127447
0.872918214788436
0.657902181798747
0.6835185984581341
0.5478022078114381
0.6609583324915307
0.6989873777508397
0.7686164554255673
0.6776568555291388
0.9352187311061597
0.8141782460052299
0.68383020968002
0.63904419049304
0.8023873797433411
0.9049087275004527
0.6419669008047799
0.5110689876411613
0.8851581585618342
0.5644483988312529
0.8716711479400733
0.6727512344468126
0.6838757046149551
0.6169059732995752
0.8741824787778002
0.9733438170702234
0.5112951289656877
0.816782894495503
0.8038433209326731
0.9087712327690558
0.9568208792039378
0.5941934522903499
0.5659713486938147
0.6869908236954239
0.6699473078493904
0.7611022959003847
0.6838877690954733
0.8190514922065253
0.5616760916534371
0.7269269984262822
0.7395166081627174
0.7224061293254731
0.8174351583379
0.7019159489570089
0.8929001350859241
0.9391077008870011
0.5701645944405547
0.5486685931304556
0.8694847039792104
0.9473313161267857
0.576992866687481
0.7896035757575289
0.9706608575286546
0.5135148989252788
0.9139429922766078
0.6659740822588429
0.8120919325198489
0.8254863948634327
0.9870485485709065
0.5159541845067148
0.7244133803085939
0.8791614846950266
0.7378528401992089
0.7885947188228314
0.5790167293100348
0.9636057421799086
0.8689596447142257
0.514637379317197
0.8020988554260808
0.7809888187298708
0.6328834287865894
0.59499806340734
0.8420873365599225
0.9046257906389849
0.5229349842930548
0.8035906054668667
0.6441514495806229
0.8041650294324816
0.5427664501279497
0.9223615069282667
0.8699767013399786
0.8788418025637464
0.892009129442748
0.6136286660350826
0.7132217146905511
0.9654514541643492
0.6321077642785567
0.608381711546367
0.6285084505642532
0.8914289541936155
0.9648215346920646
0.8513964110950728
0.6376255733787435
0.8240856279028761
0.7840351268516619
0.5947671392149417
0.5253655557842838
0.5606088911851368
0.5494433199119545
0.8242780880584276
0.5485123747505983
0.839422992116841
0.8871946743190263
0.8380260770846487
0.9679613942505739
0.8831479283790672
0.5923479095360292
0.9463432531049807
0.6190316787696977
0.9516370836418042
0.5766784352187018
0.5567300224707913
0.9797928180037302
0.6688086033741091
0.6558540010167314
0.5163865988645302
0.7937930939853645
0.6550199970034125
0.812666158611962
0.756455184436134
0.5708288914095537
0.6398721139990531
0.8428409929037116
0.5349978377004074
0.7773520163390932
0.9518903845226164
0.8547355384207536
0.5166194030537893
0.931876357635849
0.8890759932955891
0.7119585136931523
0.897338963945011
0.8397084816033616
0.9046535290087383
0.9197370679582564
0.7904627447670493
0.853180719144175
0.690686897295228
0.7042569038675832
0.9074292351044002
0.5952114018117344
0.6108881310030054
0.672802526232108
0.9807957788945941
0.795145485687958
0.561042398941759
0.8862242115605696
0.9243555582416759
0.9302334918162398
0.7613096676113079
0.8678753375069171
0.571465694942103
0.7732436374495062
0.8828043983199465
0.5964538783591947
0.512997021319895
0.6479059921695648
0.5253194413658293
0.8895381815511012
0.6912767732683459
0.691359463885403
0.6121238769244413
0.820889050208843
0.5330799014112291
0.8043754127837628
0.7672516032547649
0.9216261700190236
0.6138453806024018
0.8080338838243114
0.8233402609659245
0.9080297637973036
0.8083498013070354
0.5051196991997148
0.8974370272493235
0.8951723445502179
0.5933089911403105
0.5763104232428963
0.7251212842038768
0.5347897905059485
0.5615692121633038
0.5030894703990823
0.5532951379126665
0.6961029080415138
0.533304200328905
0.5327670740389829
0.6885216592039397
0.8734376159234546
0.8501186803713461
0.8257875224845249
0.5194500294313371
0.7993435460727826
0.8771017443519422
0.8509747380526891
0.8997136731888529
0.9132781579589988
0.773866730526098
0.8877961040503963
0.5660427133224067
0.6893640226912708
0.8740685675719481
0.7291347135998473
0.6416238784034646
0.6530549320016432
0.9384388278398391
0.9455824718704776
0.5608557694994462
0.7515218602099827
0.5435237575569666
0.7113346419078094
0.8866226010168692
0.5654767789106675
0.513574491393476
0.7127340454344109
0.7344183461927206
0.7884671823295339
0.6044091997307878
0.640118344122283
0.60028833997119
0.9339439068050729
0.8952485567550644
0.7068982278729893
0.780809672343186
0.986141043038998
0.6279121367238817
0.9303863994922805
0.7391138213313865
0.6658822623089677
0.6091649590782192
0.5556389670732321
0.7306381400203051
0.6463342636317225
0.7942662391330277
0.6087458761786919
0.73708738624694
0.868869069568016
0.7626935400480973
0.5454389358666629
0.5817703412356657
0.8539552889934637
0.5661870431851151
0.5847684387488932
0.7410785908858641
0.8176579127298379
0.5930080759008425
0.825402514860326
0.8713324062264138
0.5187152101021211
0.8670502715560856
0.5455509591782861
0.6765072724558115
0.7568581646551726
0.976605673319928
0.6863852114811139
0.5125063516919183
0.6564052816962748
0.688443846105886
0.589646784845388
0.7444477862980016
0.628923008850164
0.6039042733546515
0.7960732663411356
0.9535509715112949
0.7399741650727925
0.9150215064766765
0.6094381146708716
0.8137994646936629
0.6342510721821147
0.9788624675312342
0.8917353506546987
0.9112988033539037
0.8710527623329766
0.5300613614070311
0.6778132222405646
0.6605054560522851
0.5414532384144477
0.8713663496100523
0.7726187736040055
0.728394273657548
0.9453943326646139
0.5137181969078081
0.9598570006853737
0.9632720143367814
0.608109366000116
0.9467678376052533
0.9854702184243919
0.7153176240158006
0.9733925824749989
0.5862178663650044
0.9659399715659935
0.6341883047348771
0.9187818622731889
0.8326289965027059
0.9512505232607373
0.7727315327240912
0.8524857679118409
0.5134472231843251
0.9516511963677726
0.8053671796409526
0.6622845572082494
0.6944032557989289
0.7147039854559756
0.9939730636825485
0.8655509176768555
0.5678355499898985
0.807582120643987
0.5564052189837261
0.8049726011097286
0.9195750468418503
0.5715310930562149
0.7265727130738531
0.8201299605706068
0.5460467461563472
0.5857164078127538
0.7358182629150797
0.8223238193584431
0.8154957328632634
0.6957661368537363
0.9363174300171151
0.9016452779119564
0.7442115809913018
0.5943781035840693
0.9711625968559431
0.8551391733703949
0.8211443755863068
0.9042625765884175
0.695923217901731
0.8297051834582382
0.7734721250423515
0.7973453810546854
0.9643260123716335
0.5485780751758935
0.9629527661037547
0.7495493911059312
0.732549102667335
0.8480653556031353
0.9061409197283264
0.85500211026953
0.8075505684575789
0.666294232667824
0.6553357310375292
0.6831403626146677
0.7095378317827632
0.5124969117325665
0.8315578615044997
0.7986817401164277
0.8554462035902747
0.9311407145762857
0.5278205934229837
0.8935260320959864
0.6409647743650484
0.7103628329574422
0.9610042576446708
0.9606570251648328
0.8995514194163232
0.7160603688044127
0.6301648800466495
0.7912179795714546
0.5056327672825408
0.8395366875981065
0.5350261210411597
0.7550316769289394
0.6607005623592049
0.7972438169457223
0.5123035749270246
0.8546636226096204
0.8843800158406839
0.5162458790384916
0.9116339231796188
0.8569232451559685
0.7180109969394172
0.6651775594356967
0.8967705588322851
0.682864046955669
0.5137836943523975
0.8158184630588384
0.9576185656427632
0.5385571095429502
0.9961308078582227
0.6341676450241296
0.905162809141536
0.9617440101720519
0.8751230885811067
0.7106278370137977
0.9714305433112361
0.7362460719246172
0.730643785810617
0.6290843081645687
0.8196929964249445
0.5226347234871029
0.9722421359458256
0.7549548105151085
0.5328723703539171
0.9565398729477583
0.6475641506103643
0.5707316830727333
0.8886984054375084
0.5663205060916221
0.5986592971152899
0.8875159977529951
0.9793378730315675
0.689012617259037
0.7650239031755979
0.9750352495227093
0.6221834215026484
0.5689335813995464
0.8591590009891736
0.653891521342424
0.8324244094870485
0.8984291202956175
0.5235166443779723
0.732361671553169
0.5662145948145014
0.7775226513696826
0.646934203466172
0.550731312347045
0.5201282031885877
0.6517462683677796
0.9657595933260865
0.870133025758799
0.5941659391006422
0.5678081643882058
0.7682953174118606
0.7688582926157119
0.5252295761018927
0.5481912104328751
0.5544905820272505
0.8227258668299028
0.7094076961755887
0.6470619583854209
0.8866236396056476
0.8267242273216413
0.9156312213911312
0.8848131100014629
0.6719467680257344
0.6723260032970394
0.8162887473958853
0.5914476019857919
0.8467985874754212
0.5734769366893133
0.515266613900354
0.8067911273366142
0.9662420537482715
0.5256829975633045
0.6637391947843216
0.7656121082486845
0.9669023745374912
0.854886556372569
0.8026944461199883
0.6704099394843659
0.5636330978462074
0.6831501990093097
0.8155166461083735
0.6851958491360607
0.7866719471398994
0.6759192289269821
0.8305136062912881
0.6187264986798325
0.5602157895020647
0.8854173671598008
0.6651718486857326
0.845726079962116
0.7072106463119912
0.5659156619425962
0.8694051419242793
0.6353867599920263
0.6079591659620123
0.8736588940110048
0.7004284684377906
0.9382166980943176
0.8375439545757474
0.8559243711446015
0.851993711489385
0.7893142457642117
0.8277706543380159
0.6199067793588933
0.9705563535685179
0.5203191327921026
0.6815822993733536
0.9601568276850575
0.7840645716238396
0.7169738061314533
0.9560629373663311
0.9803070496966411
0.8147646811013787
0.792169165316692
0.8769635515989054
0.6494097499513488
0.9707240289905734
0.5687019006940346
0.6873535490468285
0.9481129475888331
0.9126587597090569
0.6247311577986177
0.6694434690316389
0.6707035916875657
0.9051826521104669
0.830987058507957
0.9262078238744419
0.6032877584500603
0.8757900918435068
0.5262353519423963
0.6007079826473352
0.9666553726304186
0.8971623021978025
0.611060790672619
0.5681068716932655
0.5450243948509705
0.7233591114980639
0.8060138293966849
0.70204428524297
0.7905630196547031
0.5841580709266746
0.8846159680916692
0.9006591543116653
0.9539357186236068
0.673828509264106
0.6628784497534547
0.5323142706386234
0.6535023824992765
0.801974849737202
0.8028953327329632
0.8791419411117563
0.8202558802529893
0.8774137429356852
0.7114008707325579
0.7904156071156913
0.9339439068050729
0.6040465759648664
0.6610463988531523
0.5805359770524375
0.5505678218092719
0.926284913288593
0.904326624539265
0.5103919035273282
0.544980221774454
0.9502679091777158
0.8280161390056807
0.9578128789418252
0.7893181372125558
0.6855777440811214
0.9657616347926052
0.9460426127419225
0.9826245862106985
0.9700214740614335
0.9772115577998469
0.5238678011855765
0.9851186310044713
0.792176195504339
0.7554926849590781
0.55028406042229
0.7166370418467163
0.9348571600266281
0.8605129790086348
0.9576709474749286
0.8610726601693375
0.8818133122953629
0.7296390608895793
0.9977985884518418
0.5202933280101751
0.9382492358585003
0.8512564971580913
0.9443882435358054
0.7486137953817706
0.8463756427920904
0.8389813921005865
0.9779152757647948
0.5691831719322299
0.9283002069660241
0.7979570108337932
0.8900037279858859
0.9837921650374091
0.8571784717491885
0.8557667946187195
0.5496040827436198
0.8090326351701854
0.8266893166309682
0.8831839024829483
0.7312921777114126
0.981464803172792
0.9223783070791574
0.8727951685389179
0.936398914087143
0.7702538623267436
0.9007305351044859
0.7903500041753309
0.524191993388709
0.75260282186667
0.6834461539754183
0.7019147393487717
0.5929018446871913
0.7280411563780455
0.6498002110900591
0.8991970713643269
0.8386845879096394
0.5319059922327539
0.5696244932959047
0.9891070571487276
0.9689634895876297
0.5600234808673096
0.9705741497247842
0.9820029725160614
0.7916935206635515
0.6202099671935876
0.7474652762616932
0.8958435523069755
0.5194869129605049
0.9417324589994157
0.6880400860701792
0.9038522232108208
0.7314021649182425
0.594194953804735
0.5109911211994496
0.7359870037532364
0.8937918782890925
0.5566705189304425
0.8064801878051631
0.5850535273142317
0.7040699430786928
0.791589687470998
0.9831782861663525
0.9116339231796188
0.8259326938395721
0.6989485173237513
0.9466276319984166
0.6803122326316298
0.5902116655537871
0.6971311587118193
0.9480674005644917
0.5149295430264798
0.5667489760725163
0.5471096689999777
0.6413661245124629
0.5777338149908339
0.7388711250773857
0.5711328858388061
0.823133977517603
0.9459961022916209
0.7908175551872174
0.6412893148444659
0.51921303095298
0.577271364360199
0.5079049333979777
0.7807618163008471
0.7890586123742694
0.5257983054437527
0.8391770444536603
0.9132216775176837
0.9310406491861233
0.7749422996428558
0.785969421414869
0.9085414505148399
0.7217299959974638
0.8770263893071807
0.7226713993524145
0.6083748836524994
0.5541407682882958
0.9468407461539724
0.5766094290312366
0.7466306187267977
0.8703364175683234
0.8417213736833287
0.5275968008028811
0.5755106017676542
0.5123673970340032
0.6162221623648935
0.6774372994859309
0.5318877830275849
0.8695310998630379
0.6019157604906097
0.8727367442118334
0.5377872206999362
0.7672402980692928
0.9915809585724706
0.5073441667679958
0.7420834011622405
0.6717450858239382
0.509252564784921
0.77277361730513
0.6008355452747223
0.9846798776533409
0.9297120036777413
0.6635312976644681
0.5175424887041289
0.5889039194577298
0.6759278397787598
0.9443951962093702
0.7618602764012219
0.6927794788089651
0.8142131523199739
0.8618581562527222
0.9929295946347577
0.7897148233034746
0.5863942130168358
0.6280036411197871
0.5657062329263112
0.6662881322102272
0.9119366495173391
0.5412599791543253
0.8583167452838385
0.9159814549744759
0.5636448554518905
0.5869141063712452
0.8516740868027912
0.6347957595835159
0.6466041813367776
0.6377831672719698
0.79856638746252
0.9929217009756626
0.8890891559590346
0.6768306679416335
0.8316154581019168
0.8144573313177685
0.8437904407928115
0.9630101041368534
0.6489189615727274
0.7788526307638731
0.5567250123691977
0.5821125656519037
0.6107524071318086
0.7874828998966622
0.7563408347689469
0.9286735388681399
0.8541618084150816
0.7857958712677394
0.5386222481027433
0.7726904914891722
0.5640319740228065
0.9648101250744328
0.7480555936332596
0.728517231902629
0.943100073853319
0.5357072685668928
0.7906414335910898
0.9798558655569455
0.8776672673088399
0.7366441414192116
0.831085374264143
0.5549306812942033
0.5718057672902076
0.8939919427092103
0.9785324013425747
0.8727966246246615
0.6558104292525766
0.5929553827055798
0.7087195512660235
0.7978637859603662
0.5897027326316783
0.882776203691893
0.7907689571103605
0.7545823981634815
0.7058719608668783
0.63904419049304
0.6297901634285824
0.7172010745953428
0.7101201219647743
0.5907005851742759
0.7279174693064135
0.5799436333074877
0.6115205275209686
0.5620011683845085
0.8981564847727235
0.9347983553205715
0.6690612117402355
0.9425190201888894
0.8479712545861187
0.7359119374773787
0.9190451548828553
0.6646941817577696
0.9637597020759129
0.5345278355168057
0.73400946346218
0.7140305259256806
0.9444980405113785
0.5120271492505966
0.8042875306987124
0.5880100786583888
0.7335492544546663
0.6977335966154058
0.6342564656085746
0.651896266687708
0.8770833618076689
0.7218328616389924
0.9550303308992765
0.5075740744586629
0.6307828471717176
0.5683742197405698
0.5107087032352045
0.5131953491904724
0.8476404438884146
0.6275234503713514
0.9170343226229754
0.8760557785483406
0.9313930220506033
0.8976089138934911
0.9121217388778315
0.9746864157895789
0.9702278140888738
0.7898839786257977
0.5435390206598794
0.671703865989324
0.6779050308485761
0.8160692082343046
0.6031487902573387
0.6308590553579416
0.8072540695811999
0.8368614620883754
0.6626647073752552
0.5239242726402157
0.901863673160393
0.9803218310976166
0.9898638304771592
0.7846493238776651
0.6190647674180911
0.8612790503668231
0.6563176484752858
0.5140676006991529
0.7860806831350967
0.6920678992256283
0.6182539428974234
0.7858497511954644
0.9148393795963006
0.8598332561575942
0.7417705468543705
0.5241282902112837
0.9236812326265607
0.7588718510373323
0.7086432066775994
0.6805009729637072
0.8316519489969466
0.830391115077058
0.8077507115752145
0.538685365082303
0.8984370135129189
0.988958438742998
0.5682716041652803
0.9766617580757851
0.6047871368616408
0.8503143797432209
0.7610876059445825
0.9813007873889479
0.5662355007376448
0.8428085205809609
0.8664362075893743
0.7726174427962829
0.6778032446125298
0.9786359196416058
0.822507548748197
0.7184474073576801
0.951360602549361
0.5057907804452921
0.5584181697054535
0.5104503689140828
0.7763625596384179
0.9505542696985433
0.702904354847501
0.5794797303039882
0.5248694444348055
0.5529947175395713
0.5343988744345584
0.6267572019007405
0.5028733375313
0.6354978508699991
0.7767635692720772
0.8101372215926886
0.8264767905886565
0.8772900609289127
0.7025082012131646
0.7493701512854003
0.7869506968095594
0.7141930988724965
0.9635130072607305
0.5767105263655171
0.8956956877709207
0.8075973278765385
0.7040262872528555
0.9105002957589466
0.5198045103813617
0.7059629808568388
0.5621761238927007
0.8215041505376105
0.5991893128725608
0.7776462443972427
0.6576634512552912
0.5607626884282911
0.8430028686910573
0.9269270982094965
0.815874015434614
0.6732957411555317
0.6014381529938015
0.8305276635683068
0.7311883038812554
0.718829497080503
0.9382653685929642
0.9496193766125312
0.5143191375641242
0.8998469551014591
0.9359550377328275
0.8992160551989726
0.7795101615004625
0.7238151594414827
0.7644252065684494
0.8657429022836032
0.85853394348331
0.8539684065131293
0.646204087514826
0.8024839666603781
0.5760286586241765
0.5342591121773629
0.9377540220097538
0.9782851771474924
0.9202824815067879
0.9054050509449904
0.7636182872112974
0.8852865354169103
0.5825552933365159
0.971803390111861
0.8830058029727974
0.8209645134973188
0.6419713972621922
0.9915007548835569
0.5809821953981965
0.8824839009998647
0.7843698941292824
0.9564825965063379
0.7962920825577506
0.699497092419708
0.6070096535645455
0.5215338213616684
0.535705679522043
0.6842175283121622
0.8233969254470397
0.5232628991671198
0.9634074747673885
0.6132880496718152
0.665911467847845
0.9880911463580258
0.7855051520772648
0.9303853679544162
0.933395120614314
0.7667851613108521
0.6457155417622099
0.5454037536039069
0.9085422457187898
0.9015801587126987
0.6248409101272886
0.6210004127389172
0.876689505375339
0.5857498269474478
0.8940934944335173
0.924494730768572
0.7812283488454025
0.8151222286922918
0.9179390220994472
0.7972153494912623
0.5925735333487402
0.8704179180474649
0.5680180340182621
0.5232832512374992
0.5610530736281949
0.800719183485304
0.6028585708272975
0.5974523770057688
0.7216512722917812
0.9599453219122392
0.7105638166966712
0.7866046352145181
0.8903842091968769
0.877679575533927
0.7551574628040323
0.586129468379326
0.8322773136304459
0.9840422189963294
0.9822182837364659
0.9603680850383622
0.8079055322814269
0.7753577215590971
0.7192335557924582
0.513234503115089
0.5257683244488536
0.8485652108901893
0.6700542839101749
0.6301357875053135
0.7568196619581234
0.6624949784383676
0.9929495488369419
0.7250907130296137
0.6374915249130633
0.6300991022750684
0.5034428918063792
0.8166122298156703
0.5984142713017155
0.5844696082825374
0.8412585965239846
0.7549894687225022
0.7702654321518844
0.6170215105671255
0.8004950350893908
0.560910133129146
0.8477880525050582
0.7601846561072091
0.5482052059346155
0.7060936133834708
0.9943949376770025
0.79621580758459
0.84965717788521
0.5600193262663754
0.8843292085859407
0.5559693167287887
0.7888130268924154
0.9180613290248423
0.8907814803538452
0.7196013068504274
0.8986210385698545
0.8063408479902491
0.834946416273495
0.9473526095860718
0.6579097901149119
0.7268830065109401
0.5545753710606939
0.5137895601177431
0.5502699739683218
